100
12
-32 18 -94 -96 -27 -98 -72 4 87 -90 -5 6
61 -1 86 6 18 -59 -83 -52 57 -7 46 29
-84 33 88 64 -21 -38 -11 90 -38 -37 85 -73
90 -41 -79 -78 80 -100 31 -62 45 58 -29 61
-87 55 -15 -100 14 -14 -58 -88 37 28 41 -57
-20 92 76 33 -99 32 74 0 38 85 100 -35
63 -51 -76 45 -41 -15 37 3 -89 -41 28 -43
25 65 -84 85 -77 26 -98 85 41 13 57 -40
93 22 -95 34 73 75 -87 7 98 -9 -84 -31
77 70 -21 -56 30 -29 52 -80 -26 -31 93 83
-37 36 -59 16 -24 53 -77 42 -93 -99 -85 -65
-49 76 -99 -44 -59 -71 42 -34 -100 -2 71 36
12
74 -23 84 76 -14 -10 -73 -54 26 66 91 -75
29 -65 79 -88 3 8 -19 64 62 25 94 -30
-58 88 -81 -44 -18 -98 -56 80 90 55 -74 -8
2 -42 -7 23 -55 72 -36 85 -70 99 79 74
93 -6 59 -47 83 32 86 90 39 43 -89 -31
-21 53 -26 44 30 48 -86 75 -66 76 22 -14
-71 53 -3 35 34 -2 -7 -21 -38 -78 -34 95
69 5 81 93 -28 4 -40 -8 96 19 68 32
-39 99 -60 95 45 -2 25 84 53 57 -41 57
20 17 38 59 -12 86 -55 52 -78 100 -38 71
-47 -22 -9 62 56 87 7 3 -26 33 94 58
-85 -19 90 15 20 -99 -98 42 33 49 71 -20
13
75 -92 75 -80 28 41 6 3 -6 -97 -51 41 -14
-56 57 1 54 -91 82 -86 53 -67 -21 -42 30 -77
-60 -15 -47 3 65 -34 -83 -1 -79 73 87 -87 18
97 -18 -30 -9 -44 -85 -33 63 -38 85 -46 -19 46
-82 -32 34 49 91 -42 -40 33 -85 -34 -67 16 -19
45 40 11 20 -61 19 88 8 -32 38 62 -99 55
66 -9 29 54 -30 85 -92 45 -19 -74 -62 -33 11
67 38 84 27 8 86 28 -19 48 -65 31 19 -19
-19 46 -83 -53 83 86 67 -75 5 51 -64 30 82
61 -3 37 -30 -2 52 -48 -97 -88 68 90 41 -55
-85 33 -100 40 -19 -54 -88 -97 -74 66 -45 -83 23
-1 10 -55 -55 42 86 -59 -73 -75 9 78 -77 -82
53 74 71 63 57 -6 -8 99 79 25 34 53 -63
20
-33 -70 37 -70 -84 1 -96 -91 -50 -71 -5 -9 -29 -60 97 -21 -53 42 5 -99
70 -49 -70 -80 -38 -50 -97 19 -76 56 11 -52 -83 39 84 73 49 -11 61 72
-39 5 -64 7 -95 -66 -64 79 -70 -89 -36 34 -34 -28 -11 -31 23 -21 -67 -89
70 28 93 37 44 4 5 72 -39 -23 72 -37 -65 18 -9 -33 35 -44 39 12
79 18 -62 80 44 -2 -30 100 -66 -97 -91 -66 72 43 73 36 -39 -99 -88 12
99 -27 6 91 57 -35 55 29 47 85 6 -37 67 10 2 -26 -25 -91 17 -10
77 -75 -6 44 -22 -27 37 61 10 11 -75 9 -68 -11 28 -65 42 13 62 -1
-68 53 -49 -57 -49 -52 64 -20 73 -42 62 -15 79 51 -86 -64 26 76 40 -95
27 -42 4 62 76 24 53 -88 11 60 63 24 2 -75 23 94 67 -3 53 -80
-37 58 12 93 -4 -71 -11 83 27 25 26 -84 48 -70 87 -9 -71 9 -29 81
78 -2 26 -4 -86 -35 15 25 0 -23 71 68 -4 85 7 73 -57 11 -80 -33
-71 -30 -44 55 37 40 -37 -44 -9 77 4 -37 54 13 -56 0 -94 36 0 -93
-9 -47 -96 22 -18 0 -96 -77 -91 -31 -37 -78 -14 -45 -77 95 -71 -42 -92 -51
-77 17 55 -58 55 85 28 38 23 25 29 34 88 15 61 57 51 -100 -18 81
-71 -54 87 99 78 -42 60 27 -44 -31 41 -16 -45 29 2 62 60 -5 -92 -52
-28 -23 -72 -50 -96 39 46 21 -80 -47 -16 -11 24 -91 14 82 -24 34 90 37
8 -98 85 34 46 100 -55 -38 93 82 -84 -30 78 -84 -35 -19 -32 41 -78 -11
99 87 -58 55 -50 -77 38 -65 16 24 60 -89 92 9 8 12 -87 -13 -78 26
-87 -95 -63 63 23 -56 -68 -85 93 49 45 -30 35 31 -64 -27 -20 -57 40 25
56 -83 65 -26 15 58 -68 -75 -63 42 56 3 24 -25 51 -90 -18 38 -35 75
14
20 -35 5 -72 -21 81 66 -27 -27 -86 67 93 -13 52
44 -28 16 62 68 -73 5 -47 62 -82 20 10 24 -5
19 -10 -15 -68 -30 75 -45 -86 -38 44 23 65 -89 49
42 -47 42 -47 -69 47 -51 -8 -28 48 27 -96 23 55
58 -71 -96 -21 71 53 -37 -7 60 -81 45 34 5 78
33 -99 42 -37 -61 -87 83 -79 -21 -13 7 13 20 16
-24 60 72 45 91 76 9 14 100 -87 -19 88 -26 51
69 -39 44 45 -63 73 90 76 30 -12 -95 -92 78 -35
60 50 -60 51 41 -46 91 25 31 -64 58 94 2 83
41 -59 -92 44 97 76 21 -42 79 -3 -52 3 -42 -6
-50 -50 -29 56 32 -82 72 46 -6 69 -77 88 66 -50
51 -47 -7 -86 -84 60 -92 -9 -65 39 -25 -2 0 44
-42 56 -97 13 -19 -31 54 -57 65 86 -92 -50 22 -36
-9 -65 10 89 27 -70 31 -14 82 64 72 -28 46 -83
14
12 70 30 -37 55 -68 43 -34 -51 -99 63 58 -100 -89
97 -77 97 -78 -82 8 5 -56 -12 -35 -4 -57 -12 80
72 9 -10 -74 41 -43 98 -24 64 -54 36 -30 2 -37
97 23 82 -42 68 -21 85 39 -60 -88 -7 -39 4 -49
-18 44 -2 78 -77 40 -29 26 41 -83 0 -21 31 -87
76 10 14 73 -28 -54 42 -10 100 -12 69 100 -72 -87
-33 34 -47 20 -24 43 -10 -90 -30 14 26 5 -98 40
4 -8 8 35 -95 37 -74 46 72 -97 32 26 54 79
30 30 99 1 51 45 72 -34 -22 -69 82 96 8 -76
65 -46 63 5 -13 -24 20 -41 39 -50 70 83 78 35
24 -12 -53 67 5 -16 51 -56 18 -66 -25 -10 -66 33
77 -9 56 24 55 24 -7 74 -71 -86 2 26 -29 100
-10 37 93 -2 -69 -69 98 91 -54 30 -34 -69 -69 15
83 -35 -70 72 -14 -67 48 54 69 -31 45 22 -65 39
19
-96 14 76 -54 -80 -62 44 -4 -68 94 -99 21 -87 31 -83 71 89 76 -60
-40 46 75 48 -39 -23 -41 70 -76 -21 30 -54 90 35 93 -94 73 -55 22
-6 -88 -3 -83 -52 14 18 99 -25 90 -22 -41 -45 99 -58 -7 -91 -98 67
1 -100 -49 -25 86 23 -51 -85 78 40 2 -42 54 -48 10 -22 86 77 53
7 -74 -11 65 95 12 29 47 -15 73 82 -53 -33 -82 -64 64 -75 -46 27
-70 -9 -14 -7 -17 -54 23 17 -70 95 46 -94 -56 -61 94 -67 36 -97 87
8 -45 -32 -64 -21 31 -26 57 -82 99 80 -53 -28 -66 67 -4 60 -98 42
-2 -81 77 -75 -13 66 -41 70 -36 -31 -100 -94 -23 31 43 54 -47 -76 -22
9 -51 16 0 -37 71 -33 65 -5 94 -66 -1 -65 40 -89 -69 -22 5 27
59 55 -32 -18 -66 -25 31 -62 -86 55 -88 -23 -34 61 82 -10 16 25 87
-47 -36 63 -53 -94 -20 1 24 -94 -78 -70 -73 -45 93 -43 27 86 -26 42
-50 87 77 -83 72 38 -59 -58 15 40 -31 0 66 12 -16 -37 -42 73 91
-41 79 100 7 -40 -45 92 -57 31 -63 23 30 17 15 -29 12 -57 49 -61
-41 85 53 -35 12 93 -54 -51 -16 -42 77 -64 -20 10 -87 -62 -15 83 61
61 -63 92 78 -89 -100 32 90 66 -30 58 11 30 98 -29 -2 47 68 6
3 2 -23 -40 72 28 -26 -7 -71 -48 34 33 27 35 -7 99 85 -45 -88
-77 -44 85 -3 32 69 72 74 26 47 78 -39 27 76 -43 -12 -58 -36 -12
89 90 59 -3 18 9 -35 -22 -46 -14 95 14 -60 43 -80 -37 -63 75 -83
40 48 -33 91 -90 7 -88 -70 9 57 -54 12 -3 8 27 4 -19 -91 -48
16
63 -67 -62 -90 35 91 -90 85 -15 -94 -81 -90 19 59 83 -71
-12 52 -9 22 16 -18 -32 92 -62 -80 -95 76 80 100 -46 20
38 -39 74 70 -1 -35 97 0 22 62 11 -100 -71 -13 67 -99
88 -81 81 93 -84 -21 70 -51 -87 -56 30 -76 -5 14 -15 -85
5 -60 -36 29 -65 40 -69 -32 -67 -20 48 -33 -65 98 56 -82
89 63 34 -11 -57 35 -24 -62 -52 -49 -11 -78 -69 10 -71 37
-2 -50 -71 -79 68 -87 87 -2 55 -99 -73 92 -19 46 9 -84
-68 -54 -73 53 -53 89 -92 -10 93 94 7 18 -56 48 -17 46
-88 -95 -45 -11 48 -28 8 -95 64 21 62 -15 -83 -22 58 65
-85 -75 -45 76 39 15 59 39 -46 29 -73 -83 -4 -3 55 81
-36 7 -16 11 14 77 -76 98 -73 -75 87 -79 44 15 90 13
45 -58 -85 95 42 31 13 -85 -73 -92 69 20 -41 -96 -59 -37
-53 -62 24 -98 53 20 90 -1 16 -71 -91 8 5 4 -83 18
-22 -23 -46 81 -75 -33 96 -21 -48 91 -95 -7 92 -94 -27 -16
-22 8 -27 -51 -49 27 -55 -3 99 61 83 -68 -19 -90 -60 86
20 -49 -57 58 -73 -12 -27 -12 -34 10 -39 48 2 70 -48 95
16
34 -30 -10 -30 59 -44 79 -73 64 90 -42 -32 5 -93 16 87
13 42 43 49 -84 -93 29 26 -17 13 68 -84 71 -7 -5 98
31 -25 -14 89 27 26 50 -47 54 -34 -98 -70 89 -64 -7 39
-73 -1 -43 -73 -33 -25 -30 53 -37 18 35 -41 89 -9 -80 -62
-36 64 -45 -46 -81 -26 34 18 60 -93 84 39 -100 12 -32 37
13 28 20 4 16 40 56 58 -17 5 -61 20 -54 73 -70 38
45 52 -83 -16 -46 -10 -68 -70 11 76 -26 12 -81 -97 -20 -7
-21 -21 72 -24 19 -22 -81 -16 -95 -39 -38 99 77 -94 35 -95
58 -7 -81 58 -49 7 -33 -100 -100 24 59 -40 -37 61 -71 38
-96 -33 80 81 0 -18 -53 36 -62 -6 -52 -64 -4 64 -92 81
-7 1 16 -68 46 -54 93 35 -47 -64 47 -71 58 72 -7 -25
-54 72 23 -46 4 73 78 -88 2 24 73 61 -88 60 -29 37
47 -7 58 10 -26 36 -94 -4 -91 23 75 -63 -37 54 -91 -45
36 -66 -90 0 -4 71 -46 22 34 -79 -13 -34 -72 81 -77 50
80 87 -85 -38 93 38 92 -20 -42 -80 -38 -57 61 6 -46 39
-58 82 -15 -76 -12 -13 -28 87 -1 81 -38 -98 -2 -25 93 27
13
43 80 -41 -49 27 -46 -64 89 -7 36 -46 75 -22
10 94 -98 30 71 5 55 -35 -12 87 35 97 -65
87 84 56 -36 -69 -40 54 -49 -64 -1 -40 -11 79
93 -87 -11 -98 23 56 42 -43 95 45 -21 -22 -57
-34 -79 23 37 80 -41 -15 30 38 1 34 100 -92
-95 40 73 -3 23 -92 16 -57 -61 8 -54 -8 38
25 -14 50 -30 -63 14 92 32 -16 -72 -43 86 14
43 -41 -89 46 -81 85 47 -17 13 36 -31 -1 0
-32 7 -25 -70 51 65 10 16 -32 -21 66 -77 31
78 14 48 -61 47 -70 -52 50 22 -84 -44 -31 57
30 31 -45 -73 92 29 -48 5 89 -22 79 36 20
25 70 45 -8 -29 -23 87 65 39 -28 86 76 5
-21 41 -15 97 -29 33 34 -24 -87 -67 45 -85 -32
17
78 44 -22 -47 -13 -29 40 -42 78 81 -11 49 -36 -72 53 0 -11
-64 17 -6 -89 17 5 99 68 88 75 58 -46 4 -13 99 -70 -69
-1 -37 -34 26 14 -89 73 54 56 40 -1 -82 52 -54 -88 -62 86
-63 -5 33 94 17 -88 -38 -19 -8 28 -15 95 100 80 63 -27 72
-86 20 14 -64 45 4 -66 96 44 -65 32 -50 -99 24 18 96 -11
56 76 -98 -82 -63 74 9 62 4 29 34 -64 55 -25 -49 95 34
19 17 36 80 -76 77 66 -44 43 -61 -23 14 -87 89 -10 -36 -60
6 -94 89 -85 67 -97 -79 -74 79 6 36 -16 -26 64 -95 2 -94
81 -5 39 -8 -72 -17 30 11 -44 -66 -44 49 100 -39 85 1 -56
-61 88 4 53 69 33 23 -60 -98 -36 -39 49 83 -38 -70 51 -99
55 23 -62 28 48 -76 60 100 -67 -55 -25 -78 51 30 6 38 -36
93 66 7 72 34 -65 -89 -46 -50 -16 -2 -3 14 -1 14 23 64
-24 57 30 -84 42 -95 -44 -19 44 14 -77 -54 34 22 84 91 -22
-72 -75 -35 -5 -100 40 24 55 48 -97 -3 69 62 -26 -92 -50 -53
73 74 -77 11 78 71 56 38 -44 92 82 -52 68 60 -62 -80 -90
71 -52 8 38 -100 15 8 41 76 42 -87 -32 -19 -69 -40 22 -2
10 4 -20 51 88 -6 -25 28 -17 -82 -81 -5 6 -57 79 29 44
10
97 -32 89 62 8 -23 17 -3 -67 30
-35 -42 -80 2 -5 -67 -80 30 -93 -72
-35 96 -6 33 -15 -60 -93 -75 -44 -55
-88 -8 26 -87 15 3 -70 29 35 19
-86 -96 49 -10 0 -14 37 41 28 -16
35 -39 -33 30 81 69 -3 -49 46 6
-23 17 33 33 -29 46 58 -87 51 14
-48 43 14 -67 90 -56 65 -30 -17 98
68 38 90 -10 0 95 -46 85 7 85
58 37 46 -83 22 -42 88 41 -68 31
12
-24 -8 -11 -42 57 66 57 37 -76 -65 27 54
48 -33 -45 16 -79 49 53 56 55 8 46 34
-91 -37 -95 -42 -63 -93 -67 -72 -55 -4 -99 36
-66 36 30 -5 -29 99 -71 58 -38 -83 -71 -39
3 3 -19 -14 97 86 -56 30 -33 96 -67 46
-67 -26 78 -76 -90 23 -95 -13 -92 -54 21 -36
66 30 11 11 -67 -47 78 -11 46 68 49 71
-63 18 10 -22 25 48 34 -87 71 91 -82 -11
-79 -79 51 92 2 -38 -60 85 78 -15 -9 1
88 -95 -13 15 77 79 32 59 -7 84 84 -31
13 16 -20 38 -28 -22 -46 -63 -92 86 65 -93
56 -9 64 21 13 -21 13 -53 67 -44 -31 -83
20
-13 -55 -48 58 -74 -15 -49 -93 94 85 10 24 -26 -17 -89 56 94 98 -23 84
-61 75 74 3 31 -81 -18 43 7 -5 -84 -93 59 18 48 55 69 -85 -75 -82
40 5 -91 -63 -42 78 -90 -93 -50 17 -95 -57 -17 -100 -21 -6 -43 -49 -10 28
19 87 67 -97 -67 -12 -24 60 76 -86 67 -82 28 -58 64 -38 -86 80 42 -92
-26 -31 -2 -63 -42 -12 52 12 7 -16 -72 2 92 -15 85 -10 -55 57 -30 40
85 87 85 91 -42 -72 95 -70 53 -15 100 27 11 -79 40 14 -88 -30 44 78
-63 -34 99 85 99 6 -18 16 -14 -68 -97 -38 -30 -21 -3 -66 1 -84 76 98
11 53 3 -48 -73 -40 41 36 -53 35 -68 -33 -32 40 5 70 31 47 74 -54
-97 -29 -19 -33 -58 -69 -86 -82 -78 57 39 27 4 -67 86 -91 84 74 -38 -46
67 -13 -26 -39 -12 -91 -93 50 -23 77 -67 14 -40 -51 26 -98 45 17 -14 93
96 -50 17 70 -70 55 -46 82 -60 23 69 78 -85 -30 72 89 -28 -37 33 80
-16 85 67 -7 3 67 -84 -44 -82 16 -8 93 20 19 60 49 -86 -6 -34 -21
-97 -98 -30 -60 -93 -87 75 36 55 66 47 -65 -68 22 -17 7 12 39 11 -41
43 6 -83 60 75 55 1 16 70 76 -13 17 96 -47 -92 -90 15 2 22 3
9 -35 -39 -36 -27 -78 68 54 -44 3 -92 -82 79 -59 -74 -7 -62 -90 -99 61
2 -32 24 20 53 17 2 -30 73 87 20 -54 32 -65 80 -16 63 -77 98 25
53 -42 36 53 -95 -90 -60 -93 10 -46 -30 7 -65 -5 26 -19 -30 -99 -40 -3
-72 28 30 86 -30 58 -83 -23 -69 38 -10 17 -32 92 20 -54 -61 18 -93 -52
68 -60 24 -15 95 92 74 24 -16 16 -49 -31 51 37 -92 55 68 77 -14 -24
-62 -47 -5 -82 25 -71 -62 -96 -43 27 -4 1 15 97 100 14 -18 -66 61 -42
18
-33 -10 88 -2 85 -2 96 -28 -33 -59 -38 -37 56 37 -69 46 -62 72
-88 42 97 -30 -3 25 -79 -57 -19 34 -18 -84 -61 -85 -82 36 -5 91
-100 19 95 -60 94 9 82 29 72 -78 94 44 10 70 -31 37 68 -94
-83 -64 -46 -81 37 -24 -6 78 -63 -14 -40 -34 -12 83 -89 -36 -71 68
-50 -71 -14 20 72 -4 43 -43 -1 8 -71 77 -8 19 -64 18 -48 32
-79 -86 54 42 -49 8 17 44 -92 61 50 1 12 -64 83 22 6 74
68 -55 -6 -78 -100 -96 12 16 43 14 -20 -61 -28 65 55 98 -41 31
88 -46 -19 27 55 -20 -64 -49 55 -22 47 -45 -60 59 33 100 85 7
6 72 -71 34 -100 -34 -11 -55 -88 -2 22 53 -49 95 -40 76 -86 -19
52 54 1 -18 41 67 81 -2 56 64 -11 96 -44 9 -94 82 13 -99
-42 10 -52 -59 -12 -6 -5 34 -48 -78 -50 -47 69 24 -62 -5 35 66
73 100 -42 -66 46 50 -18 -21 82 88 -93 -11 0 -88 -93 92 -49 97
-32 7 2 88 49 -9 44 -73 14 46 -34 62 -43 -90 -66 -32 26 40
34 -74 -43 -85 -11 82 84 86 53 -93 -14 1 -54 -20 92 39 -35 -62
-78 -7 -83 54 1 -49 97 90 31 73 88 -54 -39 72 -93 30 -9 1
10 -47 60 -97 28 -19 2 -67 66 34 -72 -7 86 69 18 88 16 41
-41 -98 -35 -28 -80 7 -37 -5 -7 28 -37 -81 -90 17 81 52 79 -46
-80 31 -82 -82 68 -35 85 7 93 -17 -36 35 -51 -32 -36 1 -47 45
20
98 -46 97 -9 64 0 -54 -6 -77 44 -83 53 100 -96 90 -5 -28 -78 98 -80
21 39 -90 84 59 8 -55 -45 6 95 53 65 -84 16 51 91 54 78 -36 62
47 5 -55 -89 -31 89 49 -11 84 -24 -6 53 -58 -22 9 -41 41 -58 -35 -97
-67 -21 70 35 -93 14 -27 -92 11 55 41 -6 24 -5 30 5 -49 93 -57 98
-6 -29 29 57 5 62 -28 17 48 85 -85 -48 -52 -97 61 -84 16 -100 91 66
36 91 -27 36 -19 -40 60 -86 -3 41 -73 3 40 9 56 75 96 -79 -55 82
-88 56 -2 -32 85 -1 91 -66 26 97 -21 -61 3 -82 74 -86 86 -15 -7 -76
1 58 2 -49 -69 2 -59 15 -48 -83 -86 19 -3 -18 64 69 79 13 -95 -18
100 11 6 -38 87 -56 -41 -87 -74 -13 -94 -36 72 80 -27 -37 7 62 89 43
-99 -32 100 -71 89 99 -82 -96 34 57 72 74 20 -54 9 22 -19 78 -6 53
-81 89 -50 45 -66 -63 83 -23 84 97 -32 -94 90 -18 -74 0 93 17 13 53
9 -58 -51 -8 43 -35 12 92 -1 47 -39 34 -23 -88 40 33 14 -31 -98 62
86 -10 -39 14 89 -44 -22 -96 -4 35 -35 -68 -7 -79 33 82 -29 -11 57 -58
-78 -95 -10 54 37 13 29 26 -23 58 72 100 53 48 -4 49 14 -70 -6 23
-33 42 -42 91 98 19 15 66 80 5 91 95 -89 -5 -90 -96 40 11 -76 82
54 80 -47 42 -34 41 43 16 76 71 36 -98 -89 -67 -82 87 -17 43 80 -84
-60 38 -67 -71 0 73 -1 -26 -62 25 57 66 65 -92 59 87 -7 13 97 -15
-63 -66 71 3 62 80 -9 86 25 75 -10 19 60 80 54 33 70 -41 18 -26
-35 11 31 19 24 -12 59 9 17 56 9 81 -99 4 30 85 -92 32 -92 -80
5 62 -3 -62 -24 24 -19 -42 -88 -47 47 88 -100 37 -9 44 -93 11 1 -51
10
-100 33 60 30 -92 55 -52 -33 0 -25
-89 48 -4 5 -70 36 78 -90 97 24
21 -65 -48 -30 41 61 27 2 34 22
-98 -87 67 -62 -42 69 -65 46 -76 -3
-81 -77 19 21 11 68 -89 67 -55 -94
3 52 32 -99 -96 -78 -56 58 -41 -93
-44 86 -1 28 14 -63 -5 -78 90 52
-51 -51 71 11 17 -24 -91 -10 14 -70
31 56 32 -32 75 19 -71 70 -86 -88
-44 43 -59 -85 -39 -73 20 -80 13 56
15
13 -71 64 55 24 -24 96 24 90 -2 -11 -54 71 -9 -30
-26 -60 44 -19 -12 72 -42 -34 42 41 61 -50 -5 30 -27
97 -25 -23 -12 77 51 -78 90 76 -67 -41 37 83 -50 92
-33 -17 -98 9 -3 53 31 -96 -15 28 7 -73 -81 -56 -8
17 46 -54 -25 48 76 89 -22 80 -28 -86 84 86 1 73
54 -93 25 18 16 56 98 37 59 -35 99 -29 97 -79 73
-87 84 -74 86 36 -2 12 60 -71 -64 -48 100 96 -33 -28
-22 43 -80 7 -46 54 91 17 47 27 -60 92 77 -61 -15
69 69 -21 94 93 30 -63 -39 -93 37 40 80 -71 -62 -15
33 81 9 49 79 8 40 -93 33 88 1 97 -44 69 -2
-78 -22 33 -44 -62 -83 -21 81 -85 11 -92 8 -90 55 55
-31 -90 -50 -96 -46 -55 52 -6 4 -95 -93 74 12 76 -74
-100 -24 34 37 -71 -46 -17 61 68 58 40 -79 67 -19 -42
13 57 76 -45 -100 35 88 94 -3 -99 -80 22 -50 38 78
-75 -36 18 -15 -8 -81 12 13 -42 67 4 -98 29 -52 48
14
100 4 -16 -50 -33 -2 -41 64 -39 -68 -51 -44 44 52
-51 98 82 78 19 -6 43 53 70 -6 27 -2 -96 -33
-91 46 38 -9 11 44 0 -63 63 9 95 -54 -54 48
-50 95 3 58 19 30 -93 67 40 3 78 -87 49 -66
27 -53 -20 -57 -51 -39 60 -75 -60 44 0 -43 85 -30
38 82 36 -36 -89 -62 54 -71 -93 12 -13 45 -92 34
38 54 -38 -45 -16 69 1 -69 -75 12 -86 -20 62 -34
37 53 -11 -51 -47 30 20 86 -93 40 -11 -51 -39 6
-77 53 -37 91 34 21 51 -25 -93 20 85 67 41 -77
79 -38 17 -89 35 44 69 89 -78 63 -98 56 -65 96
-24 13 2 93 11 95 77 27 -9 74 87 -81 -84 -25
-82 -25 -40 -7 -40 35 44 -18 -69 -11 -98 -60 -6 -77
5 70 -45 -69 8 45 28 86 -88 25 -2 -20 -69 23
-96 -52 72 16 75 -43 -33 -54 -48 -57 93 78 52 -62
11
35 -48 -24 2 36 -91 -66 -50 33 37 -20
80 6 -12 17 38 -51 -54 99 44 21 53
74 -49 85 -77 59 20 33 -9 99 -78 -86
-94 77 -69 -28 3 -38 -73 -27 89 -97 12
-57 -89 13 -53 100 61 62 -66 -64 -6 38
-45 -27 -75 58 38 3 -80 69 17 5 20
47 89 24 -89 -12 -50 -14 -13 -34 -32 79
96 57 0 -38 -9 -87 23 18 2 95 83
43 79 -72 71 65 7 87 -94 62 -100 -72
13 55 25 -44 -89 -8 -73 94 30 75 50
-34 -20 -57 47 -98 -39 46 13 5 -32 90
19
63 38 -55 -27 -3 64 -82 -67 -98 -60 -91 27 16 -18 -71 -97 28 73 -98
71 50 -77 100 -62 -3 13 39 -60 -55 32 1 78 -77 -69 -95 9 -53 -59
-58 64 40 33 51 -81 -29 -69 -63 51 -57 80 43 22 79 -100 87 -1 27
-59 -81 58 67 -4 -81 78 -25 -96 20 97 1 59 6 60 73 -47 92 47
-56 -64 -79 95 -89 77 1 8 12 13 1 -83 7 -37 -49 -83 89 93 -86
-95 30 -34 56 53 25 6 89 79 11 59 -57 85 5 34 27 2 -21 -55
-86 71 68 -5 47 96 -59 51 82 -30 -70 -52 -99 -13 84 68 24 20 -46
-100 71 -7 53 70 -34 17 -85 41 10 48 -85 -90 43 40 -70 -92 20 -7
34 94 97 -56 45 67 3 -98 48 80 -96 -40 -99 -73 82 41 78 -43 43
-39 -94 65 98 47 -71 -8 -86 29 29 -48 24 30 -46 -16 6 16 -51 19
-14 1 47 -44 -61 -9 74 98 -4 -74 -98 -64 -55 47 80 -41 63 41 -31
59 71 45 7 23 -56 -60 -26 74 6 -68 -40 -72 16 66 16 -93 63 41
-64 -16 23 55 -47 -68 31 75 80 48 -28 -42 36 78 74 -53 -83 59 -100
17 -32 -31 56 -11 -93 44 16 51 35 19 -72 32 -5 -45 -23 79 87 -83
45 37 -40 69 48 -35 16 100 -11 42 31 19 44 32 -29 97 5 1 -29
-64 -1 98 71 63 56 55 -35 -85 -82 -97 50 50 -32 -89 72 -61 -27 56
-64 -27 -81 -51 48 87 -81 32 7 85 -42 -40 -80 -96 39 72 75 87 47
-52 -92 4 11 100 -2 -47 63 -16 -36 92 79 65 -68 -13 -69 -75 -7 59
85 -11 28 22 32 19 -65 -88 92 94 51 -41 91 -88 -1 49 34 54 -97
20
-61 61 59 -60 -27 72 76 21 -5 4 36 66 62 -22 31 92 65 81 71 -46
82 46 -76 -3 -98 -41 47 -3 72 -72 30 -24 5 84 -26 1 -25 67 65 -56
27 -53 -55 -42 -76 71 81 92 -54 -16 -86 90 -89 2 -43 -88 31 -70 13 52
-15 -100 -60 93 -80 -17 43 -65 74 35 44 -97 -56 38 29 -1 -86 21 62 -67
55 55 -72 -59 80 54 -38 -28 -85 21 -91 52 36 -34 -39 -7 -79 24 -90 -50
64 -44 34 -40 -9 -58 67 99 69 37 -47 77 -58 -93 -23 -66 -16 -65 -46 -66
84 -30 84 90 -64 25 -77 -27 96 50 -93 -66 -46 -30 94 36 29 -13 -1 -64
37 40 -56 53 87 -92 -32 -44 -93 -96 83 -59 -97 -47 86 -59 -41 -18 67 69
76 -76 -97 -51 -56 39 46 -21 -52 23 -36 32 72 -17 -27 36 81 -43 48 42
-84 -5 -95 -59 -12 39 -1 24 85 74 -13 -83 25 1 34 -63 55 -52 55 36
67 23 -58 -66 66 69 -24 -27 -70 55 36 72 -99 55 -96 14 -30 -93 59 46
-90 85 83 4 -54 -31 77 -94 -13 -5 -15 81 98 27 -11 40 -67 -29 9 -37
11 -78 31 -4 -22 -68 -2 34 -84 53 7 46 -11 -83 97 88 -79 35 -91 55
-86 -98 20 44 67 -79 -20 -90 73 74 -59 -18 -69 -11 32 74 -38 8 -11 17
93 -27 27 41 -89 3 -81 50 65 -27 41 70 1 38 90 68 92 -11 12 -52
-17 -68 -70 -91 37 3 78 -72 -19 65 95 47 -93 59 -46 7 -62 -93 2 -76
-16 -94 99 2 71 -60 -57 -70 -36 -90 -19 3 -84 7 4 38 69 -78 35 88
48 -84 16 89 -94 58 -14 20 100 17 -59 59 0 -94 -41 -64 -21 96 26 -30
4 6 15 -72 -41 -86 -88 -37 59 -22 11 30 -34 -18 -53 73 -72 23 -9 83
0 31 41 -74 32 36 5 -55 -73 -40 38 42 11 51 -34 -86 49 20 -32 -32
18
-63 -7 71 -27 -60 -6 -12 74 64 -45 -6 -49 9 -6 73 35 53 -72
-5 50 75 -28 93 -48 -66 -70 -23 -73 35 53 7 62 46 68 96 -76
11 -21 -4 -23 -47 -46 -97 91 2 7 16 -7 61 54 28 87 87 8
-32 49 -18 92 -34 -62 90 64 58 22 -4 -29 -85 61 54 -84 -7 -99
-84 -20 -74 86 -76 -37 -87 77 65 25 -78 -9 -50 69 -63 -26 -70 -30
59 83 13 86 -91 45 78 -89 30 -4 89 -42 5 93 51 42 99 -75
-48 -11 -38 46 78 58 80 -65 -65 27 51 48 -23 11 46 -66 -61 92
86 88 19 -91 -66 28 1 -62 90 -61 -20 -53 -50 84 42 -52 -22 41
-48 -7 27 -91 51 -70 -100 -47 -80 -83 -12 35 4 96 -99 100 56 -46
-56 -21 -71 -1 23 -92 -34 -81 -1 71 -80 -64 89 -88 -15 55 81 72
21 -12 -74 71 73 -7 6 33 93 -94 64 8 40 -48 87 -82 -28 -1
65 -54 16 19 1 -43 45 66 18 -47 -86 41 -98 43 -36 -5 90 -35
-45 63 11 69 -7 -51 28 -47 -10 41 89 -12 85 -95 55 -73 72 26
-19 18 12 -64 57 32 39 -47 34 24 9 -17 1 -40 -46 44 -5 -33
-82 -37 -67 -19 38 81 -90 -43 -74 -57 23 -13 19 -86 60 71 -2 -20
43 -73 -77 71 -36 -61 -14 70 50 71 -97 -33 -55 -58 29 35 46 19
-55 -43 25 95 -88 92 80 19 -17 -67 29 -55 -9 -6 -73 -91 53 72
-42 -46 44 55 -21 -87 -12 -87 36 -51 -44 -89 93 52 84 16 -46 -27
12
-19 33 -100 9 -91 66 70 97 -2 -98 89 -83
-94 -88 32 -40 -89 -32 -5 -99 -83 8 -74 -74
81 11 20 -35 -10 66 -56 77 34 96 60 -56
-30 -5 -70 78 51 79 71 21 -51 -30 86 -78
80 50 92 -4 34 27 97 -99 -64 37 29 -32
-11 55 -16 12 16 -46 -35 -22 80 87 43 95
100 -54 -39 67 100 37 81 72 -37 -51 -59 -68
-30 -98 -73 -54 -20 -85 -98 3 -9 50 57 86
-40 -24 -3 -18 0 -41 17 12 97 -81 -21 -5
14 16 24 -46 72 65 12 3 82 -32 -57 2
-43 57 -71 -28 -99 45 -80 8 36 83 27 47
-67 99 -27 13 96 -2 -56 -74 54 -16 40 52
16
-95 97 8 -87 -77 59 37 34 -39 95 -45 -40 -27 57 -1 -74
-10 67 57 -1 69 -21 15 60 -14 -17 -35 -58 -38 -5 -97 46
-14 30 -3 55 51 -63 4 53 -85 -79 -55 -98 52 -53 87 -37
-87 1 -55 -51 -88 48 65 82 69 4 9 -86 -75 41 68 96
31 93 -64 -55 77 30 -12 -43 -73 -99 -57 17 -86 29 -45 -92
25 87 13 -93 23 20 -53 -2 -17 -43 -93 -92 12 -14 -15 -31
36 -51 2 -3 36 -77 30 86 46 -65 -36 -11 4 83 50 -27
-15 37 88 -83 -71 -26 59 -46 -98 1 15 -7 61 100 -38 -75
18 57 -70 -24 80 62 -2 99 -5 27 100 -35 90 63 -31 58
-82 -53 -46 -81 -4 9 44 -90 -97 14 -27 -18 35 48 60 -82
95 57 37 -88 46 -58 -35 -46 60 75 64 -60 -81 -88 -61 -74
16 37 13 -31 26 63 88 -44 24 75 -79 49 -62 -61 -23 -52
36 -20 19 10 14 -65 53 48 -80 13 84 -93 90 -2 66 -94
-42 -14 -29 -11 9 -54 49 18 -18 92 57 28 73 33 -40 58
47 12 77 -39 -47 -81 27 13 53 -24 91 -83 -3 -30 27 96
39 40 88 69 64 11 11 13 -13 -14 -95 -21 72 82 -26 -42
20
58 -37 -54 -68 -69 -99 69 -16 26 -10 49 -71 4 -16 -65 -55 -76 98 76 -18
65 -34 -93 64 -49 92 54 -50 -34 72 -100 -5 61 -19 -82 33 89 89 -50 13
52 -69 57 -33 -88 6 19 37 -53 -31 -42 5 93 -62 -59 29 -83 97 -46 -97
37 -5 34 -13 -12 91 -63 72 72 -83 -50 52 33 -6 80 97 -46 -5 16 -28
-55 28 -19 -93 -37 -78 -67 63 -8 -40 -5 -25 36 70 -100 -2 -44 -27 84 -14
94 -63 85 37 18 -1 -10 96 -27 -2 48 75 80 -75 -92 -31 86 73 60 -88
-19 20 -40 69 92 23 -50 -79 -52 -21 -39 -32 98 56 65 45 -80 -7 62 78
1 -77 11 -65 46 -38 63 -30 -46 100 -30 -37 -36 -31 11 -44 -20 -18 -10 53
13 13 -34 24 -6 -35 81 72 99 24 16 12 -57 64 -97 -73 -28 44 -81 -19
-74 -27 -65 -37 67 72 12 71 -64 -6 100 92 52 -37 -74 71 -47 -50 -36 -34
100 11 -23 -11 -47 70 32 -69 -97 -84 -10 -36 -14 -45 -26 22 -27 -76 81 -93
13 63 -14 -10 -26 -76 52 -63 30 -60 -32 8 45 66 57 -77 -76 -92 99 38
-20 45 85 51 23 30 27 -24 -58 -74 -5 -20 37 32 -83 99 62 55 -30 47
31 73 -78 -67 51 -14 41 29 -73 -39 67 -31 100 -80 74 -57 51 25 -52 79
-29 85 7 -48 -99 -86 -99 72 82 -89 -44 -87 -77 13 -93 14 -43 1 -1 -91
-84 47 76 49 40 -36 -12 65 3 -61 -45 -48 16 30 80 5 -27 -79 89 0
-48 59 12 -21 21 84 36 -3 34 -28 -81 61 71 -46 70 94 20 -52 64 -1
78 -41 7 40 -43 18 -5 -85 46 -73 -7 -69 -88 56 -41 -42 39 50 -5 32
77 1 40 -69 -36 99 -30 10 -46 45 -5 82 46 20 -24 76 88 99 -5 99
4 -45 91 41 -71 37 21 74 -45 78 -8 61 -27 12 -90 -32 -41 -82 16 83
13
-97 11 65 74 74 39 -43 24 -64 -55 -96 -89 -98
-88 27 75 72 -1 -83 -52 -43 85 17 -46 76 -85
-89 -82 -39 50 53 12 -100 -18 -58 -2 70 65 -38
42 90 -41 31 39 81 -40 -15 61 86 74 -26 18
18 -37 -45 5 -91 0 -83 -46 -72 -84 34 15 -92
11 63 -95 -47 -16 13 4 -7 -86 1 -9 95 27
35 77 -95 -5 17 -39 71 69 -18 -1 27 36 15
-6 49 98 -31 44 48 -26 -80 -3 -34 22 29 8
-86 16 -62 83 63 51 -31 72 7 10 -15 32 41
81 36 39 93 -54 43 -42 -10 -78 -53 -66 -22 -30
100 -14 -29 -11 41 -13 -61 -87 -80 50 -54 -27 64
-49 -59 94 86 -9 -34 -3 23 -55 40 -45 82 -35
-77 -70 -28 -51 45 7 60 10 -38 -47 -28 100 -100
13
-28 -61 -68 5 63 -85 26 47 100 -3 -65 10 77
-66 -35 47 -64 69 -84 9 -17 -24 -79 -55 -51 62
71 9 45 -95 69 45 71 -34 23 -77 1 65 -37
-39 66 96 43 -80 -2 -21 -30 -28 91 91 -80 -7
-98 100 -3 -64 -80 76 11 26 -13 66 16 8 -67
-42 -77 8 67 -27 23 -44 -92 6 59 85 27 87
-64 -2 -32 -34 76 79 53 10 -78 29 -33 20 -74
-28 -77 -68 15 47 -69 -72 13 65 100 35 -21 -22
47 86 75 -92 50 42 85 -41 -82 98 -35 60 -32
-93 -5 75 -37 83 85 74 21 31 48 -89 -78 38
-28 -18 -92 -79 -90 15 -66 30 -91 40 15 52 78
22 -70 10 80 94 -19 -100 -54 -10 74 -78 51 0
-98 68 -99 -44 60 -99 71 85 7 -2 -14 -34 69
12
90 -89 -29 58 -12 87 -91 54 23 29 -87 29
3 88 -97 -48 22 68 -66 86 63 49 -30 81
94 -91 42 85 23 -60 91 7 96 90 -4 25
-62 -33 21 -79 -15 11 -50 -45 41 45 -66 -80
-26 81 -54 20 -15 59 -13 5 -59 -19 5 17
-87 -38 70 94 -83 -30 40 10 95 -38 -87 -25
9 12 74 70 -9 50 -9 -33 22 41 6 -80
-15 -59 -69 -53 -90 -98 -9 24 -15 -83 -24 63
45 71 -90 -55 51 89 -12 -70 78 83 29 -44
55 -98 -95 78 91 79 -16 15 64 31 -34 -6
95 80 -11 -19 54 -2 -37 16 -59 -86 56 48
64 -65 -99 60 12 -79 -4 83 -62 -94 60 57
17
45 8 93 -6 -6 35 -98 -73 18 17 86 34 -6 87 12 27 -80
12 -38 23 -34 58 66 -31 -12 -87 -10 86 22 1 30 -77 -99 89
34 94 11 29 45 97 -45 11 53 -8 -46 36 42 -37 4 -85 42
-32 -58 -86 -17 30 -79 -53 64 -72 -20 17 -66 88 -40 -80 9 -100
51 -24 71 20 -40 25 -55 77 99 6 6 -69 -51 -95 -83 74 62
-25 -94 -47 11 36 100 74 -46 65 66 -14 51 27 92 26 -85 -2
30 -79 -83 -92 98 13 -66 -8 -52 -56 -87 -64 25 -48 -82 88 22
68 41 -24 78 18 -50 -67 -88 9 -23 -36 -30 -79 67 -32 -41 12
50 35 86 -48 24 43 -60 -11 -27 -9 47 -2 -23 -49 62 -27 -62
-48 92 20 -86 41 63 22 6 56 68 -20 27 25 77 -54 88 -100
52 50 91 19 -73 52 -24 -39 -83 -47 -48 61 -9 63 91 -25 -61
68 95 37 74 -46 3 100 75 -44 -39 79 -16 -73 -27 -48 36 72
-61 92 62 20 74 73 -42 -96 -72 37 34 -62 35 -15 72 -30 -20
23 75 94 83 29 30 8 -49 -45 -22 -85 34 55 3 -15 -81 58
-38 -90 -94 57 42 -23 42 53 90 65 -85 -88 -76 20 2 24 62
-87 77 41 -10 -81 19 -1 70 13 58 6 86 0 47 -58 78 -89
73 69 -67 36 5 65 -43 -75 -80 78 63 94 19 51 -95 63 11
20
100 29 -83 24 -54 10 -54 -44 -12 -32 15 22 74 11 65 -2 -97 38 42 -2
-90 -33 7 64 91 -23 30 4 -39 -6 36 94 -87 -84 75 -30 -83 -41 32 -63
71 -77 -27 -70 36 -8 61 26 41 67 -5 -61 92 56 43 -93 15 -82 29 -71
-91 -26 60 39 71 -54 -42 82 60 -31 7 42 93 -56 -23 -68 -31 94 78 38
-100 -71 -35 25 99 -10 -90 57 95 35 -84 -75 0 -100 -27 -69 30 -28 26 56
71 -21 -19 14 -57 18 68 -47 -41 18 -74 11 -61 77 -87 -44 -29 23 61 43
-47 93 67 -74 -94 -45 -41 60 -56 -62 43 40 -88 78 11 52 -9 -25 14 -72
-50 87 5 -39 19 -39 -83 -47 -12 55 100 -83 33 80 -20 -67 -79 -56 -38 61
72 17 -7 68 -20 50 61 58 -7 -61 -98 92 90 -91 16 67 50 27 62 -84
45 0 71 -25 -74 21 -16 39 53 -43 31 91 -30 -51 100 -92 -22 -100 -81 -21
85 -9 -21 -99 42 -35 -6 -43 86 -83 21 -18 54 98 56 83 5 39 10 23
-58 -86 -27 -87 -42 93 -29 -17 -89 -95 -45 49 1 -42 96 14 53 95 69 -59
14 100 15 -51 34 29 -95 -57 33 -32 30 51 -11 -1 93 39 86 68 -91 -62
-37 -15 71 22 -2 32 5 36 49 99 -3 59 -78 -85 -79 57 68 26 25 65
98 60 -54 50 11 82 -6 2 58 25 -74 -95 7 35 33 -99 -43 82 45 -75
59 -56 -84 -38 89 -55 79 69 -33 95 22 -17 48 28 48 -79 100 0 85 82
-66 -68 14 -99 -33 32 -91 -92 -18 -89 -56 -58 -27 -10 -78 99 -67 -81 -73 41
55 -90 9 -89 -42 -46 32 -87 -26 73 56 60 54 -36 30 -47 78 31 -3 55
-25 -93 98 -76 82 -80 34 64 -6 15 95 84 -58 -11 16 5 77 -8 -71 33
85 79 46 54 -29 88 73 -75 -55 69 -41 70 21 3 72 1 -78 41 -98 -18
10
-68 -29 -81 78 57 -47 47 -9 -45 -88
68 -42 -5 39 75 -10 81 48 -4 46
84 76 32 79 34 5 -10 55 29 57
11 17 0 75 14 -74 83 84 -99 19
97 -20 -99 54 65 79 -27 39 51 -78
37 -25 16 99 -75 13 43 -20 41 18
88 -33 -2 -44 -75 -59 -8 -84 -12 30
-85 93 52 59 28 92 -28 67 75 -58
-65 81 14 47 -87 49 -84 -70 -46 50
63 -95 -83 69 52 21 -24 91 -42 -64
11
-37 -64 -45 -61 4 97 22 -98 -8 -4 15
69 82 -78 -59 2 10 21 2 -39 -91 -4
-27 80 23 29 -61 66 91 -69 91 31 21
93 -74 -36 62 -73 -49 89 77 21 -28 -88
-23 87 -51 -69 73 -64 -58 -22 -30 90 -33
85 -53 50 82 33 -33 93 37 15 -93 41
-31 43 -99 75 51 59 1 39 -18 65 -82
18 55 -59 -94 50 48 27 -2 -57 -43 83
-84 -2 53 33 -14 -46 7 -17 -49 79 26
17 -52 48 -24 -22 8 24 20 35 6 98
21 76 -29 -19 31 -97 12 65 -88 -92 -89
12
22 46 53 48 82 60 -23 -43 70 -30 -61 -38
-77 -79 -99 88 34 86 -2 80 44 -88 -31 65
-23 38 47 -90 76 68 39 38 -77 56 -59 49
17 -54 79 38 -96 41 -33 -54 -26 32 11 43
72 -20 -34 89 -4 94 -95 38 -91 -39 57 -40
9 47 13 -93 -65 -83 81 -55 80 44 -1 -78
-84 59 80 76 -27 71 43 14 53 59 -29 66
-92 -99 -7 -7 42 -16 46 2 18 26 79 -54
-45 -34 97 -62 50 -50 31 68 77 59 46 -57
76 15 34 92 9 50 -49 -9 25 -98 42 41
-23 38 64 -31 -40 67 -38 8 27 -47 -54 -57
-55 30 59 -62 -95 24 -95 -98 -91 -100 84 -87
13
-2 -39 96 -60 13 26 80 24 -79 60 1 1 39
-65 -85 0 -81 -59 35 -50 93 63 8 -41 -27 -19
16 36 -55 -98 -87 93 -57 94 21 47 57 -36 55
45 -98 91 37 -9 84 51 84 52 62 77 -22 -50
53 -52 -57 71 78 55 -94 -16 6 42 -37 20 62
49 -11 -51 52 -81 61 -69 -88 46 92 60 -29 -32
-95 12 82 -26 22 48 51 90 7 5 92 58 72
-64 66 82 4 100 28 96 -45 -57 -97 -75 -8 36
39 -81 -55 -61 -67 20 40 -92 29 25 87 91 -49
2 59 4 -8 93 -96 -74 97 -99 55 0 15 17
17 -9 -64 30 33 56 -97 -84 -17 -58 -99 77 -36
-12 32 90 -9 -6 -25 -22 14 96 41 -74 -87 8
-3 -7 82 -92 77 -66 -73 -87 52 92 -21 -8 -98
15
-18 -62 -60 -90 -13 -16 41 -2 -53 -1 16 23 -31 -16 -40
-46 88 46 87 -12 19 -65 86 13 -74 -86 -49 -36 15 72
2 55 -7 -54 91 7 79 31 -84 30 0 47 51 -19 45
72 100 -92 0 -5 42 41 -86 -88 7 32 34 -73 28 49
-41 -52 61 -15 96 67 -79 66 98 -20 -30 -36 58 79 26
33 -67 72 63 -73 -46 -22 -15 -40 -93 12 48 -26 -75 21
-44 -74 -11 -21 -94 11 40 86 -19 36 -33 -96 63 46 26
-14 4 -86 -27 -57 -42 6 27 -85 -54 96 -15 48 28 -18
98 40 19 -94 -40 96 -69 81 -77 99 -71 40 -43 9 92
-2 32 -74 25 -67 67 -47 77 -50 -31 84 54 -17 40 -11
-8 79 78 26 55 7 4 85 -36 -65 21 -24 7 14 48
-14 -70 12 75 -28 19 79 64 -39 -51 -44 12 44 55 66
15 75 10 -64 15 75 60 -51 -46 -14 -70 -88 40 -72 -22
-81 -75 -85 46 28 -41 34 53 7 36 -16 10 -26 72 -37
-28 -63 35 14 66 20 62 54 -26 38 62 -4 -23 -69 -35
14
31 9 46 -100 -17 -64 47 43 54 -8 5 -29 -20 10
60 70 54 58 -25 -77 -43 65 -32 0 0 -57 -5 17
-92 79 92 23 20 -40 -65 20 64 -16 -13 -90 -33 -42
-80 -25 -67 -51 -99 96 -60 8 2 -32 40 -75 82 -98
-20 -91 -57 100 -67 56 -43 6 18 -43 81 -32 -63 -99
-92 50 91 54 -85 -18 74 48 -25 13 66 -53 24 -11
-57 74 10 28 -99 -32 0 12 63 2 15 7 -39 -15
-51 31 100 -25 -91 -42 -13 81 65 -3 46 -42 -84 -23
51 -13 -83 -76 47 -88 -19 -33 -1 -48 24 30 21 18
69 83 88 64 79 -79 23 -79 -31 -48 -25 85 -62 13
29 -80 -24 58 -61 13 21 -67 59 32 74 -49 14 42
50 -95 -60 -86 75 -85 80 86 -69 8 -29 -33 28 -12
-2 31 49 -16 -41 -70 -35 52 -45 6 -12 66 49 -96
74 -78 40 22 79 11 18 -5 -86 -47 -95 13 -31 27
14
-90 39 -77 49 60 41 -15 -56 -4 -80 -55 -94 -75 -62
28 57 -54 85 40 16 -81 -56 79 -90 -89 -18 21 83
-59 -10 16 -22 -38 35 -74 100 13 73 -56 -57 -53 52
-82 -42 60 28 42 -46 -68 -37 24 32 -97 -20 -30 29
-31 -8 -62 -64 -79 -61 40 61 96 72 -1 -84 80 39
98 -68 92 -67 -48 -58 -31 8 -17 94 -35 -43 -6 -73
-61 -59 -59 51 33 -17 57 70 1 95 6 -67 -20 -98
79 -38 100 32 -70 88 -10 -50 -8 53 -29 -21 36 -49
48 -32 -33 -26 31 -8 89 -41 -79 45 -48 -3 38 -61
-51 -70 -5 40 -95 -24 72 -71 -87 -47 -23 61 91 -22
54 9 -76 -95 43 29 -62 99 61 -83 -52 68 81 76
-13 41 -26 -44 80 -86 -88 97 6 16 -33 95 -64 28
-22 20 -68 5 32 45 -8 -89 84 54 81 -19 72 -38
74 -24 31 -50 98 8 58 -76 40 -24 80 -19 58 28
18
81 -68 100 95 -29 91 -12 -59 51 35 47 -51 -13 80 -86 12 -97 -34
-98 15 -8 84 21 9 13 26 22 -22 26 48 93 -93 -37 -45 -76 86
37 -73 44 -86 -82 74 -92 -80 -63 -54 -92 -3 47 -26 92 45 -90 13
-53 55 93 -21 82 55 -58 12 60 -55 96 -82 -89 72 -27 -22 -35 18
-91 -60 7 -87 26 15 18 44 -93 -57 85 -69 -38 -6 83 -41 85 33
-74 69 -37 -50 -16 -70 42 68 70 -76 8 -56 13 -29 -67 -80 92 35
-54 -7 25 -47 65 -68 64 59 62 61 82 -58 51 -34 -49 89 100 -88
-72 -62 63 0 92 -38 -41 96 83 -79 -26 -16 -66 -8 35 87 -49 42
-4 -62 -65 70 67 -8 95 96 10 -67 54 25 66 -30 42 52 -41 -67
28 -9 56 -99 36 30 -97 -52 -91 -83 31 43 -74 -92 64 -72 63 -16
77 -44 82 -23 67 70 -19 32 -21 6 97 36 -54 -96 -85 -78 -97 -53
86 86 33 -85 60 -67 7 -100 -50 -77 -27 -86 -52 83 51 45 -65 -93
-32 -35 -83 23 19 -30 -94 68 84 98 -20 16 33 0 -4 55 33 87
-64 74 -3 89 -65 -77 12 5 -84 58 -69 -10 6 -14 -76 -44 -13 -98
-78 -87 -4 6 41 -22 -69 -18 -15 23 23 -79 -80 25 72 -76 5 73
-64 2 -12 -57 -10 -11 -54 -40 -45 -55 -7 39 -79 8 75 73 85 -87
-53 69 10 28 -31 0 -50 94 -78 69 -7 -14 50 -83 -35 11 2 14
49 -80 34 4 73 65 -80 -42 -44 -15 -55 -67 35 -70 -35 40 61 2
12
98 -86 -85 63 -100 -20 97 -98 12 -6 92 -94
58 57 -7 -7 -12 -19 55 78 -28 -6 -19 -45
74 -12 -34 -62 66 -43 -2 19 -87 -11 35 33
-66 34 5 79 -26 75 66 -79 -78 -63 -82 8
-12 86 -33 72 86 98 64 4 84 100 9 -29
-30 73 80 -12 -77 67 -41 -19 48 19 -21 -34
-44 -51 25 26 9 65 -60 -55 41 73 96 -46
45 57 -89 18 48 -61 87 -94 -15 -74 85 -75
-2 45 -37 11 -19 59 51 -47 63 83 -61 -28
100 -9 43 21 -69 -42 53 -22 -26 9 18 70
58 24 -67 -65 6 40 0 87 -81 3 -58 81
-63 15 -36 78 84 69 8 -48 85 62 -20 -96
15
-93 78 -94 -30 72 93 -66 -62 82 -79 21 28 -86 4 -38
29 66 -28 -91 53 -41 -30 25 94 -13 68 91 98 81 52
23 -54 -30 -86 23 36 87 -61 74 -60 39 -1 -49 96 -72
-85 -80 91 -5 1 90 20 93 48 80 -93 6 40 -8 -29
84 5 -13 20 71 97 -44 -52 -34 -35 -43 80 -96 -76 -63
-23 74 -29 -24 -39 -31 85 -11 -70 38 -77 8 55 -40 43
-38 55 94 89 16 -52 84 -27 -36 63 31 78 12 -34 -55
-76 -83 17 -21 -80 -54 -36 56 -66 -47 -39 62 -16 -84 -72
38 -1 -5 46 -94 11 -39 82 -99 -47 -8 -28 96 100 50
44 53 -69 34 -3 -37 89 -98 -62 -41 80 -15 63 88 -13
90 93 24 -77 58 49 6 52 -66 -88 -16 -5 -71 31 -7
-44 -61 63 17 -47 21 -9 92 18 -50 59 -16 -20 -49 -29
42 89 -20 -67 100 -94 63 -38 -45 -54 -36 -89 43 40 -21
-79 -59 76 -99 60 -74 97 -86 -91 74 51 -97 -64 -54 18
32 -67 -20 -48 66 85 -13 30 -59 14 59 60 -29 49 81
18
-42 -100 86 -54 63 78 64 0 82 43 41 -58 -25 66 88 42 -22 11
71 27 11 -62 51 -20 37 -89 14 49 62 86 -49 68 83 23 64 32
10 -15 44 -27 44 7 -6 4 34 -80 33 -79 63 -51 -34 -24 -78 -32
18 23 -25 82 21 -60 32 -92 -48 -81 85 54 -32 25 11 85 -17 -73
-18 -85 65 49 79 32 33 97 -38 -55 37 61 -94 51 -40 -39 -41 91
81 -98 43 0 -57 -8 -23 -2 -69 32 19 95 29 -11 -70 96 51 29
-80 3 -98 -88 -18 37 25 21 -13 -41 -72 83 55 -51 87 -36 -93 65
-4 -92 -27 93 90 -74 -23 36 -100 -58 -93 15 54 -27 -29 -20 25 88
-48 -55 -91 7 -32 -81 -53 -13 35 -84 -27 68 9 37 6 -85 32 -24
19 -45 -57 98 99 -63 65 -35 95 -91 3 21 -42 85 89 25 -49 69
-52 99 33 49 11 93 71 6 -73 -85 40 5 99 45 93 2 94 -62
-49 -99 48 -18 -62 -49 -39 19 -57 9 -42 86 82 95 46 67 -16 -77
67 83 -42 83 -67 -64 50 98 -27 -11 -62 -80 18 -23 -83 14 -38 -2
-59 -95 -22 21 12 6 93 12 -50 -9 97 -28 20 -59 -84 -9 59 -31
-41 -69 71 -1 -36 58 -73 -21 0 -49 5 -98 -85 63 -25 48 -36 69
31 -39 28 -50 90 -67 -64 -6 28 69 86 29 -16 76 32 49 31 -84
-77 21 76 -68 -89 -99 40 73 -92 56 -27 -50 -32 -42 -13 26 69 53
42 22 53 44 28 -72 -61 21 5 70 31 -74 75 72 -71 -69 -69 -75
16
21 9 74 23 32 -42 10 28 50 -96 -70 51 -15 99 -10 64
-63 88 -87 61 6 46 39 34 -40 -70 50 70 81 36 33 16
14 -74 -84 96 59 -91 -67 65 53 10 -98 -29 55 -42 75 -22
-89 -9 -55 -65 84 42 -74 87 -11 58 -8 77 34 -6 -66 56
-65 -82 -87 -49 90 -65 -77 -57 -50 -62 -79 -15 -74 -71 -5 66
94 40 -35 55 91 61 -80 -44 65 48 66 35 77 -84 -90 63
-15 84 41 -81 -38 99 41 94 35 -5 -9 -38 89 62 75 -29
-24 67 22 58 -15 9 -49 -19 42 47 -17 -63 18 -50 -21 -82
-1 -57 99 -80 37 76 -60 -95 -82 24 -28 87 12 28 -20 44
97 85 -98 -79 68 -85 56 7 -100 -16 89 -98 90 82 -59 -73
62 34 -2 34 -84 11 63 79 -50 19 -81 50 70 33 67 -24
-47 48 80 42 -67 49 -71 36 -95 19 -67 14 58 99 -100 -60
40 -4 100 -49 -77 -80 -32 30 -92 15 -36 -13 -67 57 98 98
13 32 -96 -23 12 13 -85 -90 -20 -76 73 -89 -36 -80 -30 -33
-69 -8 -11 81 -3 5 9 -81 12 -28 -78 -1 97 -22 -74 -47
10 2 63 64 24 -47 -4 -54 -69 46 -23 -71 59 -53 -56 -14
17
-75 6 -73 47 -47 -63 -88 15 -26 -18 91 86 30 90 100 74 75
8 -55 -84 -28 -14 -94 -83 -22 29 -98 79 46 75 -78 62 21 -100
-44 92 -69 81 -86 37 36 15 -11 -15 61 -17 60 -25 66 -82 17
26 74 -94 100 -94 -55 53 -96 44 -17 -12 -24 -45 -50 -19 -54 -84
43 -27 -98 -98 -92 -84 64 13 35 84 60 -5 -67 36 -20 -9 27
-78 88 73 74 -60 45 -31 87 56 -100 94 73 -70 42 -79 -2 -77
61 -17 -16 85 40 78 -28 37 -38 10 59 7 -35 43 20 -37 -66
-85 40 -77 -13 84 41 -87 79 39 -21 -8 88 55 -4 -40 -96 -42
-39 -32 -84 4 85 -86 -45 90 -72 -32 5 35 81 32 45 46 -30
-99 -78 56 18 -50 -18 23 -60 -3 57 51 49 -68 45 -23 2 -60
56 -4 76 66 100 97 22 70 79 -52 19 -13 -73 -27 -72 -91 -15
-43 56 63 -7 70 86 96 48 66 97 -83 -27 91 100 -16 38 32
-88 86 63 -41 -19 -54 79 93 -80 -70 -47 3 92 70 -55 -6 96
23 33 -41 13 33 62 23 -33 86 -50 84 -13 43 -63 -95 -93 23
47 -74 33 70 93 -92 -74 2 -2 21 -73 -59 39 71 -94 15 40
-21 3 71 -81 48 -58 -45 70 81 -81 -56 -57 -1 -48 49 32 4
-67 -86 52 -66 -12 -35 86 66 -83 69 -41 53 98 -92 -46 98 90
11
-22 -13 24 60 -36 -7 -78 -79 -40 8 -65
-89 93 -22 21 7 -79 28 -30 31 35 -89
66 17 43 56 45 66 20 -48 -20 -1 81
22 -89 -95 48 10 -98 36 -92 88 75 -51
90 60 69 -3 11 -89 36 34 -89 95 -75
0 29 -98 7 80 59 -32 62 -50 66 89
-71 -74 91 -72 26 59 41 52 44 46 -92
-57 -69 -15 26 -7 -8 98 -31 77 36 55
-18 -26 -34 -42 -38 -97 87 83 48 -51 -86
32 -30 73 -44 -34 -15 32 51 37 41 76
34 71 54 80 -80 7 -32 4 54 66 25
12
8 42 17 73 -74 23 93 -56 41 50 84 -89
36 -84 87 -26 43 -84 27 67 57 8 -63 -45
-57 36 -87 -4 -80 -66 -65 93 -52 -51 -9 28
78 83 -50 -38 -45 58 27 -17 -45 55 -66 30
-16 -9 17 28 33 -72 41 -63 -91 13 -95 92
76 -6 5 78 -82 -81 60 71 -66 -74 12 95
30 96 38 63 52 30 -84 -14 25 52 -31 40
93 72 70 18 -41 46 -78 -80 -23 1 88 -84
43 -80 -90 18 -95 -59 96 72 -89 -45 -68 -34
-9 17 -6 -90 -48 -72 -7 10 87 75 58 88
40 28 -83 -5 -24 -72 31 10 -78 37 -79 -81
-69 -31 -26 94 37 -66 -20 -81 23 52 12 9
11
-23 52 -84 20 -22 -91 -82 -57 0 11 46
-67 -67 -21 95 -50 53 84 18 -55 22 -17
54 54 -53 -27 2 39 -78 -18 -68 6 -33
23 20 -79 -81 62 24 36 -69 -24 -81 88
-86 -45 32 -2 37 42 -34 -44 -82 -76 -87
69 -44 77 -43 10 -70 53 -5 37 -86 -23
53 55 -26 -28 -16 42 70 -88 -34 32 -98
76 10 42 -19 -95 58 83 -90 -59 -22 56
-49 40 -74 -61 -84 -61 18 57 -67 -47 89
-8 99 47 -53 79 72 58 -76 -84 4 -100
-22 92 -38 -71 25 63 -74 -8 18 -81 -45
11
88 66 -63 -19 -95 -51 -90 -56 -95 -36 -79
93 -14 -41 85 25 -12 -43 -8 -13 -14 -8
54 -89 -55 -29 -98 -77 -78 -77 -1 -26 -22
97 52 -11 -70 -98 98 39 -79 -71 -63 -18
26 -2 100 66 72 -50 -66 98 -87 -71 74
-31 37 -89 36 -62 -9 75 -55 -100 -54 -99
-72 13 -68 46 89 85 28 -9 -61 -24 100
26 -14 22 74 -19 29 41 12 -84 -39 -72
-91 82 -10 -63 -39 21 96 -88 88 60 22
-68 47 -21 -68 0 -52 77 -27 -18 71 74
40 -27 4 -57 -3 -12 -99 70 -53 8 57
13
92 -72 97 -38 -77 -17 85 61 -1 53 -49 -17 88
-4 42 74 11 33 -29 69 -22 4 42 59 21 -54
-21 -54 -84 37 3 66 18 -40 -64 -87 -4 -45 -87
79 -56 -74 90 99 -51 -74 72 -34 13 -18 -66 45
-96 -24 27 9 20 -2 -78 -59 8 53 50 39 -27
-4 49 9 7 -40 70 -79 1 -91 -73 -20 35 -44
-99 -16 53 6 -56 -25 22 43 -20 -65 39 73 -43
45 -59 27 -14 -88 10 -16 41 96 -5 51 -67 -49
72 32 19 74 -93 -45 -1 82 75 100 53 -89 -46
7 6 -95 -76 1 -87 -97 9 -69 15 -48 -14 -76
56 77 77 41 3 -15 9 86 99 -67 89 91 -22
-12 53 78 40 89 29 -90 36 70 -31 21 81 -54
58 6 -95 -8 -49 -60 -31 -42 56 -84 63 55 61
18
-30 91 98 85 11 87 -5 -26 52 96 -68 -93 13 -63 -66 16 -38 50
69 -59 31 -80 -25 -22 -88 54 -94 50 84 -93 -32 62 -10 2 -100 63
51 -14 -15 59 -90 67 -14 45 24 40 64 65 98 81 32 8 -37 -45
51 32 -26 31 72 -54 97 10 36 17 100 4 -53 53 -45 -83 -79 -35
-11 -86 -11 -31 66 -33 53 -79 -64 81 89 -48 94 -38 18 47 -86 -18
-92 43 19 -7 45 -42 -53 -8 85 -70 -76 -40 -61 -7 71 -11 -97 65
-54 -67 -13 44 1 39 -46 71 26 70 76 12 46 -36 93 58 -5 -73
33 -23 -40 71 -26 83 65 88 0 29 -71 -89 75 -78 87 -98 27 -4
-70 -71 -26 84 -60 33 -31 -95 53 -84 45 -20 16 72 63 -96 -1 79
66 94 76 -21 9 -18 21 -5 -41 0 -1 -8 -3 -40 -80 25 -76 96
27 -83 -76 -7 -83 53 96 -40 -53 -17 82 24 -63 -48 1 70 99 34
49 -98 -44 -27 90 -15 -30 55 97 3 -20 14 -57 -73 -34 57 40 -86
-84 -68 10 100 73 13 -73 79 -36 64 81 16 86 37 69 -6 27 6
-35 28 -49 -58 51 74 56 -72 76 -77 -88 75 53 -91 54 20 6 -92
46 -65 -74 76 2 83 -29 -45 28 32 -83 59 86 63 -73 76 -82 -71
-1 9 43 40 73 97 45 -7 -31 52 61 34 37 74 12 87 -36 31
69 1 17 99 66 -81 71 -53 14 67 84 82 75 -91 -83 -61 78 9
87 21 67 53 90 28 -78 61 25 -21 -17 37 -80 36 -58 -53 -22 -75
17
62 97 -57 -5 -49 83 -59 4 -79 -48 -58 -62 -72 81 28 -88 -23
-1 65 -91 52 -57 84 -4 -85 19 56 -100 -36 -17 -60 53 -61 82
76 -71 75 55 27 3 21 26 -4 -31 75 -41 -54 -9 -42 24 -59
72 70 -78 62 -53 62 42 45 70 81 89 57 -83 -2 35 -21 71
85 -70 97 -7 27 32 21 10 -96 -56 -9 53 23 18 72 29 -27
56 -79 19 92 50 87 -79 93 -2 -53 -83 1 -79 -31 81 -31 -88
-36 5 -49 -71 -44 -27 94 -1 0 -95 6 -69 -77 80 85 87 77
89 22 57 1 -49 -15 55 -77 56 -63 91 74 -40 29 -55 -51 19
-37 37 79 39 -2 -61 16 10 85 73 35 -34 8 88 -27 7 -40
-96 -85 51 0 -70 -75 34 56 -38 30 -71 -43 -79 35 -30 -22 39
54 7 -49 -22 8 62 19 -21 -59 68 -95 -78 -38 -37 -17 48 12
23 80 6 -8 -3 -78 62 -73 -19 -61 51 18 31 61 67 58 47
28 77 37 -25 59 6 11 -58 -87 54 -85 -64 -6 -2 -32 -14 -80
89 92 9 -93 21 -18 43 -70 -83 38 19 69 -14 42 84 61 66
-39 -57 27 94 58 14 22 44 -43 60 53 -57 -76 -65 -49 8 74
-97 -77 -5 54 -66 98 64 37 -47 19 -70 14 41 -58 -60 96 88
-73 60 31 -14 -25 18 -42 74 -90 84 -42 -57 -92 56 44 83 -26
11
-59 -18 52 -77 54 93 -67 -58 4 -33 -55
-92 -17 -26 -42 -32 -76 -70 -50 -16 -75 -74
-58 3 0 98 43 87 -58 -18 -61 -2 -93
-46 53 -14 -84 0 92 -26 -14 62 13 -4
-51 78 96 -27 2 -93 -93 12 -60 63 -44
27 -80 -96 65 50 5 71 81 10 -92 66
-82 -41 25 12 65 81 48 -56 -3 55 78
-62 -56 -92 -14 -51 -60 80 -46 -27 29 -44
35 55 59 28 -11 37 16 -43 -15 10 11
13 -80 56 21 -27 -54 -24 94 -47 -93 -20
-29 26 59 -39 -49 42 41 19 -55 38 14
20
84 -78 -23 -78 -48 52 40 -100 42 -22 28 43 53 -52 -61 -55 5 90 -76 -97
-91 33 -51 8 71 23 -67 13 -31 7 71 -31 -81 64 14 24 47 66 -84 -53
-37 -85 95 -77 64 92 65 55 -80 23 -46 -80 -100 -6 26 -67 -12 5 -77 99
46 41 37 -36 16 -24 58 -38 22 -85 86 -8 25 23 -19 -29 -18 -67 24 83
-51 12 74 -76 -80 91 3 -12 -80 -49 -73 83 -55 33 -25 6 -16 40 43 87
5 64 -88 -12 21 67 96 38 -91 -49 -91 -31 -60 59 -29 -50 84 -1 -50 -89
20 -14 -22 -98 -53 -19 -27 37 70 48 19 -48 -61 -46 -23 -59 -54 84 -66 64
-78 88 -37 -82 66 -78 31 2 14 -22 -83 79 54 -91 48 -37 5 99 -65 12
82 99 91 -45 -52 44 -99 41 -54 35 -63 -8 -30 -48 70 -53 -76 99 -65 3
98 -82 59 -46 68 47 -28 -96 73 21 72 81 98 -6 46 95 56 -70 7 21
88 8 -90 54 -38 55 31 55 -59 -7 8 40 7 34 16 67 -98 47 -66 -54
-52 55 12 27 -33 88 2 -58 -2 -30 54 71 70 -70 -26 24 33 -12 68 -22
26 -30 -90 21 -20 -58 -75 27 -14 85 -74 31 -65 76 60 -90 -32 6 68 -100
-26 -79 -87 11 15 -87 -12 37 72 -8 -77 24 -30 99 -46 -45 -59 58 19 42
97 -73 20 44 45 -13 -18 -8 -48 -8 -23 78 56 -63 47 -88 11 43 -95 -22
-58 -87 38 -52 38 49 -73 71 -16 -73 86 -32 13 -95 -23 59 35 50 25 46
-73 -54 71 -75 6 -13 26 -98 53 -84 -70 -76 -79 47 -10 -21 20 99 -38 -59
66 87 -85 -44 -42 -63 -45 85 79 -54 -54 69 -28 84 85 -23 33 -9 36 -2
52 -57 71 68 56 -85 -96 11 57 19 34 41 -89 38 -84 -86 87 -27 -59 -60
-18 20 -8 -62 -65 -70 -91 91 -17 34 81 -78 0 -28 30 95 97 4 -68 -68
10
-11 -22 -44 -31 82 -61 -56 -31 12 91
0 -55 94 -87 77 7 61 21 55 -63
-80 40 -35 50 -91 31 -70 -99 -16 64
6 -51 26 92 -40 0 42 -32 99 -62
-78 99 70 -65 36 -61 -58 54 24 -84
78 -17 22 -75 83 7 -37 -56 -40 9
-87 -1 -19 57 82 77 -84 9 43 37
-73 -62 -85 65 43 49 -55 -76 49 -10
-10 -6 -98 23 -15 24 76 42 -93 27
-90 -52 -16 -2 77 -80 32 14 49 45
18
58 -22 -39 20 -23 69 -35 47 -78 50 -44 40 65 75 38 -1 60 96
42 -71 -56 18 -94 -60 47 -88 -54 36 -8 85 12 -65 -25 10 -70 -75
-79 -39 27 76 -89 21 1 99 39 -73 38 -18 -10 44 70 26 39 -88
71 28 14 33 -52 -8 17 23 -74 62 44 -8 24 44 -67 67 -43 -33
-54 -37 77 41 -8 -26 4 66 16 -31 28 -9 83 14 -45 36 -21 97
-47 39 -52 -56 -74 -46 -54 33 1 34 -34 90 -77 -91 0 -69 98 -74
-19 74 54 -10 45 10 -10 -16 -63 -12 -38 -78 -32 -86 12 50 -53 58
26 -80 14 -36 -83 -99 -86 82 73 40 51 -41 -93 8 -91 24 -24 -84
29 79 81 -45 77 -51 72 72 38 97 85 -81 4 63 -63 -55 61 -52
-81 56 13 57 45 -97 -77 63 70 20 -100 -79 -40 6 -64 83 -54 -68
4 100 28 68 -57 -43 -3 -4 90 -72 22 -60 56 -35 -77 -28 -39 55
-2 45 -99 -35 25 -82 72 -53 -71 -3 20 -76 24 81 48 42 51 -23
10 -3 -70 59 -94 35 -1 -52 45 -12 3 49 70 -53 20 -41 1 -73
39 -23 -9 -43 -59 -8 -78 59 -27 -59 91 17 99 -28 71 -3 65 -52
60 39 7 -80 45 -52 0 -34 -26 -66 -97 33 -99 -66 -64 -14 57 -23
25 40 -1 37 -99 -72 87 28 90 -61 100 2 -66 17 -99 39 -59 -1
-11 -64 13 46 -4 -5 -82 -81 -31 42 -28 -71 95 5 44 -50 -43 -86
-98 -79 -36 -48 -64 39 -91 35 77 73 -44 18 -32 -94 -72 34 -78 78
18
31 -3 -12 -49 -76 -31 -16 10 -23 -46 -23 76 59 -64 77 87 -63 -56
-64 -90 72 -42 -9 12 -21 -19 78 37 -72 -72 -23 -100 -50 7 92 -23
31 49 56 27 -12 60 91 -33 -84 47 52 -17 -15 -54 68 -65 65 46
32 -43 -77 -52 -91 -74 18 -41 -49 -44 -97 -9 39 -97 -53 -60 -21 96
-25 89 6 -36 -46 60 20 -42 -33 -19 -90 -42 -97 3 98 -4 -58 36
-71 -83 -86 -34 -73 28 99 -97 -58 97 80 14 83 2 -98 -71 1 -36
60 -85 73 19 -17 -72 48 -1 -62 -68 64 -89 0 -3 21 79 -79 22
86 -2 -97 82 -60 40 71 60 56 68 56 54 -55 88 -7 36 69 65
-30 -78 -5 56 -65 -41 -52 -91 40 -76 60 -5 -100 52 46 19 -65 -73
19 -37 -33 19 25 -100 2 -88 68 46 -37 -59 2 -61 19 88 -94 99
-34 87 79 -9 58 -26 -19 -62 -84 70 27 7 4 -74 -58 0 -31 56
28 -14 96 80 -4 68 -66 -94 -17 84 -88 87 -61 -3 -7 64 51 -82
71 -55 6 -38 -99 72 63 63 3 -56 -64 6 -38 -92 24 18 -64 0
40 -93 14 -97 99 -79 -34 76 -17 -31 -80 -5 95 54 55 -96 -98 83
-11 -49 -47 99 73 44 -36 75 -73 -38 -39 16 56 49 94 -53 9 57
69 -2 -84 -48 -95 84 23 -92 28 -68 -1 -1 -73 32 -5 -56 92 -72
75 91 8 -91 -60 67 -28 58 -66 -61 -39 -49 -6 4 -22 3 63 -96
-82 -94 33 78 -98 40 86 21 53 -26 53 -9 39 -46 46 55 21 93
14
83 -14 88 84 83 -58 -11 -19 35 61 -46 -81 11 86
-85 57 80 51 -74 -20 92 -15 -98 -19 73 59 -63 -90
-23 84 85 8 25 -78 2 -79 -73 -26 3 -5 92 -23
-7 -100 64 19 66 88 -69 -30 -91 -1 54 -91 42 12
22 16 95 76 11 57 29 -94 -19 38 -74 -37 75 21
-42 49 38 32 4 82 19 -86 80 -97 60 81 -74 -61
50 25 40 -63 -56 -25 84 -8 78 -12 -96 -55 62 16
-33 87 7 63 -63 9 75 -10 -97 79 83 46 -82 6
42 -12 87 16 -84 -2 -66 75 -99 -25 -88 -72 -74 -62
98 76 72 81 -43 49 -39 80 52 26 96 61 -18 -70
-98 -31 44 32 39 -79 -28 -64 -97 92 -41 35 92 86
45 -80 -6 -71 -94 -93 93 -41 5 -33 88 -98 -27 -15
46 -53 -48 -24 22 -63 -20 33 -70 88 -51 -91 -32 14
52 -52 9 -22 60 -77 33 -8 22 80 -10 -38 98 51
17
44 70 3 -13 -81 21 39 -22 45 -35 -9 -30 1 50 9 68 10
-100 14 70 -56 -62 -96 -51 -63 -94 24 -10 -82 -90 -49 66 -54 -55
62 -18 -69 -30 -74 -89 45 66 -97 -34 -12 97 -76 -87 -91 -2 -75
-8 -45 98 39 21 74 -14 86 -63 -49 16 76 -80 56 -62 91 -77
-17 -66 6 -74 -2 -20 41 -18 -12 -83 32 73 -11 97 5 94 -30
45 -62 -60 -28 7 -82 -66 -99 -60 -65 -97 81 52 -62 -27 -90 -62
-17 50 65 58 30 -11 48 -11 8 -9 -72 -64 68 83 -93 -16 -85
-70 -79 -86 -26 7 -93 96 72 -90 68 -41 -56 20 86 63 7 25
23 -85 90 60 61 -66 -84 78 -21 86 100 0 87 20 -22 56 -70
48 69 -6 17 -95 -26 -8 -9 90 -18 39 -56 -15 5 -13 -12 93
36 -20 51 16 2 90 -100 9 12 -79 -71 14 33 -81 32 50 -19
-36 -55 -71 94 60 -49 -100 -5 2 21 14 42 -96 -26 73 18 -44
9 77 -100 31 75 57 13 -27 49 33 -92 -17 45 -71 -14 98 -45
26 67 4 -2 -14 87 83 -100 -1 -48 -80 -65 75 81 22 54 73
31 18 -54 -81 -33 -68 14 95 -12 -76 18 -83 -17 59 -27 30 47
93 100 -67 -14 -83 -27 -14 82 64 77 83 49 29 84 2 31 53
12 -97 -35 -66 -97 70 -80 -91 96 32 -83 11 69 -31 8 -25 -53
10
12 37 83 6 -17 11 -65 -93 75 76
-2 -94 -78 -12 19 92 92 -17 17 4
17 -39 -81 -92 65 92 47 -100 39 -66
-75 -36 -94 -35 -29 62 -72 41 -1 91
-34 -17 -47 -61 37 -72 91 -17 81 -86
65 98 96 -58 54 69 79 50 -59 75
-38 74 -56 -78 13 65 -76 -43 -29 -93
-52 -62 -53 -77 75 78 96 49 84 70
-58 85 32 -92 -2 -84 -28 7 -65 -49
-47 -84 -84 14 -84 94 41 -65 6 24
12
93 41 85 -50 -42 -71 34 -85 -3 -51 -90 -1
65 5 -88 -42 -24 60 84 -29 -17 -95 -65 61
70 -36 -45 2 -90 -55 80 23 -5 -43 -87 -18
77 -70 -12 -48 73 51 -80 6 -83 -10 43 43
-46 -83 43 -86 -56 55 11 62 -7 49 49 -70
-54 48 -21 91 9 -91 -17 31 22 36 -58 -41
85 27 54 10 98 -32 -77 80 24 -24 -57 56
-47 64 39 -73 45 -47 6 -28 -15 66 100 83
-98 -43 42 -65 15 53 54 56 -53 -64 -61 -43
96 -5 47 -67 -85 26 -16 -54 24 -87 41 -62
8 1 -96 -80 -11 -57 40 30 -64 62 -100 -12
-72 10 -49 -51 65 22 3 -29 -69 34 71 -43
16
19 73 -66 7 45 -72 36 37 70 -59 -95 -99 75 37 40 -99
11 -52 -94 -44 -29 -29 -71 -30 37 -85 -77 -16 -83 35 94 -92
-36 -63 30 25 -49 -80 13 -91 46 -57 -63 90 -39 -21 -65 60
-55 35 -57 -65 -36 -66 -9 -92 -83 17 85 -77 -51 21 -100 -24
-55 -52 -54 -79 72 46 -56 -22 -81 21 -20 -41 -53 -27 73 -71
63 11 47 2 77 -27 -46 63 -94 1 10 -42 -58 39 16 -20
17 22 -29 71 83 83 68 32 -92 79 -71 -28 87 25 -78 -4
-60 -75 -60 99 -77 79 20 52 72 -37 -43 61 98 -37 -96 60
76 -69 42 68 20 30 64 -99 25 -17 -27 -27 29 -52 -32 36
58 -63 35 -13 5 13 -85 -59 94 -95 47 -53 8 97 22 60
-99 54 81 78 -92 -9 12 34 -35 -64 -87 65 -2 11 85 -41
-85 -85 17 -16 -99 52 -99 -5 28 77 -74 -47 -75 32 66 3
46 -9 -9 24 -82 1 71 41 -59 21 68 59 1 88 -54 41
32 51 9 -72 28 -43 -69 -21 -98 -54 51 -95 -16 95 70 25
18 45 -38 -49 21 91 18 38 20 16 61 -43 -4 39 -4 -42
37 -10 5 -3 -90 98 12 -47 89 10 46 -77 -2 -3 34 13
18
-52 -12 -89 53 39 -42 -13 88 -68 4 -22 4 27 -51 -96 -56 -82 -37
-99 -19 -86 -89 -29 -3 59 9 7 6 31 32 -59 2 -11 85 82 18
69 21 95 62 86 96 18 25 -85 100 -29 -28 92 16 -91 86 54 -95
-87 -26 81 -59 -99 27 -30 27 -53 59 8 -2 10 67 16 13 -64 -88
-66 31 25 34 21 -87 76 -12 -71 44 14 14 -53 -83 12 50 51 -26
-60 59 15 -92 -6 15 32 -14 -83 -4 78 -51 21 53 24 76 97 -37
41 2 99 -29 44 -99 -87 68 -86 -70 38 27 -72 7 71 22 -50 90
-70 54 -45 -76 -30 -59 92 -9 -2 37 47 -43 -6 -35 8 89 -32 -98
58 -42 -72 1 -89 23 59 -43 -58 -32 85 87 -28 -38 -57 -15 40 4
-21 -76 -9 93 11 -11 -30 -33 -90 86 -33 53 2 -4 -72 36 2 44
54 -61 -90 29 95 35 -84 -27 76 -13 -18 -37 -88 53 -13 -41 37 30
-88 -29 -38 -54 -79 -45 3 -52 -81 -94 -95 -87 98 -46 -66 -98 -74 28
-57 -91 66 61 -5 -56 -70 64 -89 -31 63 -59 71 -20 -74 -78 41 5
-65 19 46 -72 -17 -86 59 -99 4 12 -98 36 -99 -96 -27 -66 -12 76
71 -67 54 8 38 -42 -90 0 -36 25 -26 20 28 78 43 81 -79 57
5 85 94 78 54 -8 15 -98 -87 -10 46 -56 -38 -99 91 -31 -8 44
-90 84 -97 58 -79 93 -42 -12 -64 13 8 39 -46 27 43 11 -70 94
29 27 80 49 -60 85 -95 -68 -5 -12 40 -57 9 -58 50 -79 85 70
19
91 -59 -92 81 88 -22 46 36 -56 -2 -12 -50 -86 2 -53 -47 -60 7 -100
95 -33 7 -12 -46 -73 85 -50 -21 -14 37 63 7 52 13 57 35 -83 33
63 12 54 83 -83 91 -1 -94 65 -99 79 35 28 -59 67 19 78 -50 40
58 65 1 85 -89 100 54 13 58 -2 -69 -40 23 -2 70 5 -42 16 -16
33 -88 54 -40 -14 15 -41 8 -99 -21 53 57 57 58 -29 -59 -51 -45 -17
46 31 76 -92 2 -48 -51 -41 67 -75 55 -46 40 -98 -87 58 -100 76 -12
9 -42 39 -91 99 95 38 -75 -30 22 -33 19 -20 31 31 -84 -70 13 45
48 72 -27 -34 -88 -32 -50 -61 -60 -51 -88 84 -17 -48 -63 2 73 81 -15
31 -81 -67 54 -36 13 18 39 82 -66 13 1 56 -67 50 -29 -51 -51 73
-73 36 -22 8 40 64 7 -20 39 -7 65 -88 -71 50 -94 40 61 -9 -92
90 -21 -4 -40 85 -54 81 -88 -54 41 -12 -2 -98 91 31 -22 -56 40 88
-92 -21 -58 -48 -58 -36 -23 67 82 -84 65 92 -55 -53 53 43 65 22 17
-34 -95 58 -97 -12 10 71 -10 -21 -97 -49 -60 33 89 -93 -30 -14 -1 -100
31 43 81 32 -76 -85 100 26 -10 -2 -57 -5 -1 -20 100 23 27 10 -20
31 58 47 -45 44 41 -97 72 -91 -46 92 63 -91 68 -22 87 -21 11 -44
54 88 -95 -79 56 -20 54 65 -88 98 -74 -80 70 -32 -84 -21 22 47 -70
36 97 1 32 -43 -9 -39 -30 76 -23 -6 88 61 -18 -69 21 65 59 -16
85 62 18 -57 69 -51 -65 -78 -24 -93 80 28 -8 38 -75 53 76 52 73
20 95 -94 -44 -84 -72 78 1 86 -94 -6 3 67 2 -74 -70 12 52 83
12
19 -13 8 -16 -71 -13 -96 85 45 2 -73 54
-95 -15 63 94 -7 91 -93 60 -80 76 -41 52
-55 -78 -75 -96 20 -65 0 -1 -40 -78 -55 7
-1 98 81 -11 -43 -92 -75 -90 -75 40 -51 53
14 -49 95 64 -19 49 -8 85 -65 79 -47 30
-7 -49 47 -9 75 17 57 -35 39 -82 26 -20
-96 88 -82 -83 -51 40 90 75 -38 -94 -14 56
36 -10 -37 -44 -65 4 -34 -17 -55 10 -12 -37
42 -18 -30 -50 -95 4 39 37 86 28 45 31
-44 -55 -48 18 -83 -81 -22 -73 -59 65 44 74
-19 -42 -2 -89 -14 27 -37 40 4 -8 -93 83
41 -9 -58 -5 -89 -19 28 47 14 -75 -26 -59
19
-92 69 -67 -60 -98 91 17 -99 -55 67 76 28 -54 61 -15 -43 75 65 -63
33 52 -39 44 -43 -91 -14 -52 99 35 49 -95 -75 -6 77 -63 51 -78 67
-59 -31 -44 -12 -84 -34 63 16 -84 60 41 5 -19 -27 -33 85 -51 76 -76
-21 95 64 -9 52 -55 -48 -3 -95 67 -89 6 -45 -95 -98 56 65 86 -93
-50 -47 -27 99 -53 44 -56 -11 -10 46 -49 -6 -25 -57 33 -77 -75 -20 -12
16 54 -21 42 31 -54 -59 57 -70 29 -76 -72 -14 -36 72 -72 63 47 29
-13 -68 49 -35 -86 69 80 -90 -40 -82 68 65 96 -48 -17 -41 97 47 -41
-46 -63 18 7 -19 84 -98 16 43 -58 56 74 19 64 -12 -10 52 -5 25
26 52 9 59 -34 -95 37 -88 -94 98 -53 -97 34 87 -100 -45 -19 -52 46
-50 84 99 14 -25 0 -22 10 55 80 -11 85 68 -56 19 -95 -65 -44 47
32 98 77 59 86 -51 -54 -22 50 81 75 -23 12 5 -66 78 -58 74 -94
74 84 33 -84 -65 84 -12 45 -35 -80 -72 -8 72 -77 55 -27 -9 4 18
66 55 -38 0 63 98 -50 -11 -28 -27 78 -19 -61 93 -34 95 -58 -100 37
-7 81 -69 24 40 -86 -38 42 -3 -56 -65 -15 -96 91 54 20 76 24 55
74 -57 -66 81 100 28 -37 -82 91 -68 -12 87 -32 50 -58 -86 5 -55 4
93 81 -87 -48 -44 88 -60 21 48 -59 4 97 -72 -79 86 21 83 44 76
10 60 38 93 -85 -80 17 -64 -45 -75 9 98 -100 -92 30 28 22 -66 -45
2 -99 69 31 -70 100 -17 -33 -60 12 -21 -2 53 -71 98 60 64 7 -81
-97 52 91 83 89 -93 94 77 -49 69 -4 -100 -73 -8 -37 3 -37 -58 44
13
-94 5 -50 -12 -53 6 -23 -43 -39 -100 -32 -80 7
-43 57 6 49 -70 50 -88 -32 99 58 26 85 81
93 -46 72 89 86 -50 65 59 -26 94 -68 -31 19
64 -16 -34 -40 -56 37 -46 -82 17 -62 -26 -32 -81
78 75 1 24 79 -41 52 -64 -26 58 55 35 62
-46 1 -46 19 51 30 -72 -51 16 -76 -70 9 -61
38 3 56 76 16 15 58 75 57 -76 87 77 -44
-62 32 34 43 0 34 0 -73 -19 -59 28 9 89
25 58 53 26 58 97 72 36 54 47 -81 -15 -84
-59 -16 41 1 31 44 58 90 56 -18 7 11 18
12 -1 20 51 -69 98 -29 77 93 -95 50 -91 45
-51 -67 -89 -68 26 -77 31 49 -59 -96 49 66 -83
14 3 -53 -87 31 -97 14 -23 -74 -54 73 35 -30
12
31 35 61 49 25 -66 82 49 67 -77 -29 -82
12 -55 73 -52 45 32 -56 -12 -77 13 -55 -34
-24 45 64 92 -25 4 91 58 89 -79 -72 82
6 -60 69 -63 -78 -42 -57 17 -25 39 -31 -20
-19 95 -91 33 64 -5 94 70 -24 3 -81 37
76 -56 -55 -47 17 -64 35 32 -57 -54 0 -13
71 75 -40 -90 25 -67 83 9 -25 -91 -96 78
0 -24 16 2 50 48 -29 73 -99 -63 15 -76
42 65 77 52 -84 -20 60 23 54 5 61 -28
-26 69 -18 18 0 -9 35 66 -66 29 -37 -82
59 80 47 -2 75 62 95 -51 -27 89 -85 35
48 41 -56 27 -74 25 18 -32 33 48 17 27
13
54 -44 12 74 2 -83 88 68 71 25 98 -29 86
-87 8 -1 19 84 51 89 17 -54 -43 -15 -74 -1
-91 79 95 -45 -56 -18 -97 48 31 -67 -56 64 16
-1 84 -18 -40 -33 -77 6 -82 -88 -89 16 36 93
63 -77 -48 -10 -46 -6 -29 -9 -32 80 37 -60 -6
23 90 93 -5 -94 -86 5 -44 43 34 -23 86 -11
-70 90 -4 -89 53 -28 -38 4 -13 50 60 -98 72
-18 -57 -8 -65 -52 -54 14 -70 -95 -53 31 27 -86
38 -95 -46 54 35 50 56 -9 86 -20 -39 -62 -89
-49 -74 -15 -78 -85 -100 -91 -45 -23 -9 -11 -50 74
-17 90 71 -97 74 63 49 57 28 -71 -88 -75 -82
0 -90 18 -14 -10 99 -17 -64 1 30 31 -68 32
-41 53 -41 9 84 57 28 -70 -30 -72 47 -34 -90
19
-8 75 -88 -73 33 -5 -73 -33 -24 28 56 -99 42 -9 18 -16 49 36 84
69 -21 -79 -17 15 -27 -59 49 -40 14 -3 9 -48 -76 -21 -47 46 44 -57
-24 -35 -52 -9 17 -82 -40 64 36 -15 88 -17 -85 -46 -14 -93 -57 83 50
-5 -94 42 39 17 46 -100 11 90 -49 -92 95 -96 -8 5 87 20 -27 -20
-52 80 -57 -20 -76 42 26 69 93 -32 76 89 -58 86 -56 -25 60 23 -7
-31 71 -66 -16 -54 31 90 -21 99 -73 -69 -64 8 67 -96 64 22 -38 78
-32 30 -32 23 19 37 -62 76 20 -82 100 30 50 -17 77 35 43 68 1
-33 -34 -78 -40 58 -70 58 23 -86 89 63 -93 32 -43 -65 -33 41 -24 82
-40 -60 -86 -70 -95 -51 8 -37 73 69 -29 67 -95 -33 1 -16 40 55 -18
-45 -84 74 -99 91 30 39 -65 90 79 52 -76 12 -38 76 88 -22 -14 45
14 -74 -93 57 69 -50 29 -48 23 -70 -65 -96 26 82 7 -80 39 -87 26
81 -58 52 36 -93 -59 2 -39 -28 -49 58 12 -100 -84 21 -61 16 -1 -76
-87 96 44 22 45 29 -11 75 -32 15 -85 47 42 48 71 -87 70 31 81
50 -59 -22 -64 15 15 19 82 -39 -49 32 39 -99 99 -86 7 71 57 -68
-71 34 51 -55 -81 58 -38 3 -6 -88 18 -10 65 68 -9 -31 20 -14 14
-36 -16 -99 50 24 -53 -65 -56 -87 100 -49 35 72 -57 -32 28 -46 -44 26
22 17 -2 -36 5 -50 14 -24 -24 41 83 77 -44 58 82 31 28 -83 -20
-74 -91 70 59 77 -20 -69 -85 45 -60 -63 -98 -64 -81 46 59 48 -18 18
61 45 -48 -86 -54 69 -29 -27 -100 74 34 80 -39 -25 -1 -63 -10 -53 68
11
41 16 54 69 91 27 72 24 -63 -15 7
-52 73 -54 30 26 -11 -49 -15 -69 58 -53
57 90 -87 -39 -73 74 -37 -25 42 -33 99
-87 -86 -36 86 -64 -74 -58 -7 1 36 100
-5 -36 -42 99 -62 6 -28 -53 12 55 -9
39 25 43 100 56 -34 -10 -94 31 12 6
-73 20 41 69 22 -15 -11 -27 -25 -29 -4
-10 -49 38 13 83 -33 68 97 71 17 -76
46 17 -59 -89 6 -56 -73 84 35 73 13
86 -49 30 8 -97 -30 67 97 21 -57 28
-63 -58 51 -36 -3 -20 -68 80 -63 -89 0
19
-1 55 73 -40 29 -93 20 15 -70 -83 31 96 32 -23 7 73 11 64 87
14 73 41 -49 63 -61 97 61 -33 -26 12 57 -65 -55 37 70 87 63 59
93 68 61 -23 -60 -11 -22 72 -19 54 51 -18 -64 88 69 -90 90 62 95
-26 -89 -28 -82 -73 70 44 -13 2 -88 -98 38 -19 -84 73 -37 45 -34 3
39 -29 20 -63 -24 58 99 -85 -32 -43 -11 -85 -6 -84 -86 74 -67 -85 -51
67 28 75 45 0 22 -38 -64 -94 60 -96 91 5 -35 58 30 -29 20 89
-87 -59 -25 -70 -96 3 -5 -40 -51 8 74 97 53 -84 -58 -94 10 83 -23
38 -51 -97 31 -20 -10 -32 -64 97 -72 18 81 -94 67 -72 -32 -89 -71 -70
-30 17 -53 61 45 -41 38 56 -52 -67 70 -32 91 -90 -91 -100 40 -97 53
16 91 -36 47 3 -74 -15 70 71 -75 -83 80 -89 93 -69 55 -29 15 49
-12 88 -90 -66 12 44 -77 87 -59 100 2 -91 31 -39 -25 61 -65 4 40
-53 -78 -35 28 -9 -66 68 -10 -11 96 65 -61 -73 30 -41 70 -61 -85 -35
64 -77 -34 -70 19 -96 -52 19 -82 49 93 46 79 -29 46 -25 -28 49 47
-54 -73 -43 98 11 31 62 67 -22 97 -93 -71 -91 33 1 -68 25 -92 -57
-91 95 93 87 10 -41 7 15 30 94 27 64 21 59 98 8 24 -4 -67
35 69 -88 -94 72 -45 97 -76 56 -4 -54 97 22 82 91 12 61 -43 65
0 55 -4 -55 43 -23 37 -65 2 -55 91 1 -75 -81 62 -5 -71 -66 56
93 89 -16 95 -97 -18 -79 99 -23 -38 27 -66 -23 73 -20 -37 76 -83 -43
-5 64 46 -72 -43 -30 75 -53 -14 -78 11 28 67 -57 -49 -44 7 -51 73
15
-91 42 -38 20 84 -33 21 -80 60 -31 -65 41 41 31 -76
59 66 -44 18 -74 24 8 -93 30 86 19 95 54 66 -73
-24 67 97 100 12 55 62 -46 47 -92 68 -16 -47 1 -88
79 -66 -2 23 -23 -42 -90 36 68 17 72 91 7 91 88
30 -67 -26 80 -58 -65 58 -99 2 -27 -70 18 9 57 -7
-77 -54 89 44 17 -70 -66 -66 -69 22 98 91 26 48 19
33 -48 -73 -68 64 3 -72 48 89 -61 -12 56 -72 -18 33
-64 28 -15 -80 64 -88 -33 -95 41 -11 35 -91 74 -88 73
-24 40 72 91 31 56 55 15 -49 0 52 -67 -21 -39 73
95 50 -92 20 -59 -48 -47 -7 -7 1 -41 76 11 -49 -42
-56 61 86 79 -33 -8 -40 -100 -7 47 -82 -94 -70 -79 36
36 16 -11 94 52 -59 50 62 -41 54 11 62 -73 72 22
56 40 -76 -14 -4 -20 55 -21 -50 87 37 93 -68 -96 98
88 -86 -75 -47 61 -75 -37 55 2 14 73 43 51 -51 -80
15 -94 -98 -72 -62 71 -93 -18 -23 39 93 6 -2 -44 -35
17
67 48 -76 6 66 -76 22 -34 62 -45 -5 -40 48 -97 -76 51 78
-44 -21 10 93 -68 -2 -52 -46 85 38 -6 39 -9 22 48 -38 -73
74 57 -36 -62 -34 68 15 -51 -6 -58 -82 51 -6 1 -96 38 -21
-11 15 -96 -67 -49 22 -28 77 -3 0 80 -63 83 -88 52 13 -18
70 -24 97 72 90 -56 17 -67 51 -84 -61 63 -22 -32 72 -85 23
-22 -17 -95 53 94 43 -33 28 84 64 -64 -40 33 -65 -91 -76 -73
-64 46 -21 -89 -82 -73 19 -32 22 -30 -81 50 -81 -37 33 -80 -33
-18 54 84 -49 -62 -31 52 -32 34 -59 75 -44 92 -56 77 84 23
-95 41 77 -1 44 29 19 -48 43 75 74 -50 91 -31 39 -28 41
-53 -90 -66 -38 46 94 92 72 -6 94 -56 79 -10 29 -24 49 17
47 68 -43 86 48 -19 -54 1 79 43 -69 -98 -63 -25 -55 50 50
-47 -88 -57 -37 15 81 -40 -55 22 -44 -25 -63 -62 95 23 -92 -14
71 48 -9 16 87 65 -77 43 -39 -5 85 -13 -65 31 46 3 14
-91 24 88 -47 23 8 -34 -68 -70 -37 47 82 95 35 65 -18 -16
68 -47 -58 96 -20 -55 -99 -16 -72 -24 54 5 26 -86 29 44 -84
4 0 8 61 -76 -33 -92 16 -99 12 94 13 -9 -95 -74 20 -99
50 32 12 10 -33 4 78 51 -94 35 26 -26 46 -20 -1 -63 -89
17
39 40 88 -18 -91 -77 53 -93 21 -96 67 67 72 -49 46 -52 66
-2 -100 -42 -36 -78 -96 88 19 4 1 -32 -23 88 -82 72 77 -17
57 -12 -11 82 -18 70 -44 -13 64 -27 45 -90 -65 73 -7 58 53
-20 13 -18 25 94 90 43 -96 53 21 54 -24 96 86 7 -6 46
-23 80 -85 50 18 -8 80 -26 -91 -39 72 -16 -100 79 54 -45 -61
98 -11 -24 44 -17 26 -29 -25 -32 12 62 61 13 -99 89 69 21
-54 65 62 10 -78 -39 17 23 82 -11 -35 40 -88 -80 82 14 -60
-73 -29 86 -20 -29 -13 -72 -45 4 65 -60 -43 -68 54 7 1 -28
41 -73 72 -100 81 28 81 11 10 -36 -8 45 -18 -48 59 9 19
-97 59 47 -30 14 -9 19 0 -87 12 -97 -6 52 22 20 -54 -54
-32 -8 -71 -28 9 -36 32 32 96 -5 40 78 -75 33 11 31 -51
-58 36 56 6 -39 65 -39 9 74 -18 96 17 28 34 -51 -30 63
-91 29 -79 -34 48 -93 98 14 -59 -36 34 -84 51 12 83 -6 73
-71 -81 67 -52 60 30 82 -83 -22 -78 -71 44 -47 -38 44 39 -85
-36 -97 -61 -94 28 -18 99 -27 -47 -36 97 -50 -32 -24 -80 -97 -21
-8 29 2 7 -44 -61 40 -68 -24 -50 -3 -89 -21 -16 22 22 -95
-8 97 93 95 -50 41 -100 71 -97 28 50 82 66 37 4 -87 -6
15
67 61 79 53 -62 -52 -48 25 -27 64 -18 -92 -56 88 -3
50 77 5 -90 25 6 -30 -79 65 -80 76 -75 46 0 -9
78 -63 -3 12 74 -51 -3 45 -20 -17 9 84 -53 52 -88
-50 -16 67 -28 -62 -67 -78 -29 63 30 89 70 40 39 23
-83 -87 20 91 -4 -65 4 -57 -75 -37 -92 -56 -61 -51 -34
-96 77 -14 37 -7 -10 36 48 57 92 -65 72 -14 92 97
-65 92 75 -44 -42 -32 -30 19 15 37 -35 97 95 -75 -68
-28 -49 -50 -58 -14 60 -80 99 6 -44 61 -29 -39 87 28
-12 78 97 -70 29 7 -92 -69 49 -5 2 68 -1 -40 88
50 74 -39 -76 -36 -87 51 84 4 -55 -43 49 -37 -29 37
-56 -78 -79 94 -41 70 49 -3 -54 6 -70 64 -73 23 -30
-90 94 -21 -5 -95 -86 37 -50 -93 -41 85 -58 -94 -77 32
31 36 54 4 -19 2 99 64 -55 74 -61 100 81 16 29
85 -53 -89 -75 26 -12 -34 -60 98 -63 70 -74 34 44 96
52 30 90 -26 -90 10 -81 98 -82 97 72 14 48 19 -51
19
17 -68 -32 -50 22 -79 -43 31 -35 -32 -7 90 -30 24 -42 53 71 -53 -88
66 -26 -11 35 44 -1 -100 -91 -47 7 79 98 -60 54 -81 10 -29 -71 41
-22 56 -2 76 79 -72 95 67 18 -5 -67 72 -9 79 -96 -44 12 6 9
95 78 -79 97 -38 53 91 32 -22 -68 -57 -51 -8 -53 -27 34 -88 -78 18
-77 -61 -86 -9 -40 83 -100 -92 88 40 99 -46 64 -61 59 48 -38 -50 31
5 28 7 34 39 -92 38 -83 -88 -47 59 -96 -33 90 -9 -56 -86 13 -45
-43 15 -13 -48 73 35 15 -63 -80 -49 7 93 -17 82 -64 24 19 -38 -52
95 -27 30 98 34 73 -60 38 71 -53 -39 22 93 -27 -65 -20 -83 -2 -55
-24 33 40 10 -16 94 25 57 -37 -82 -94 33 -98 -56 -81 11 -15 57 13
29 88 2 19 -4 23 38 31 79 39 47 -9 -74 -57 48 -63 -22 -55 70
8 -66 -68 -6 -5 73 98 -42 19 -90 -51 36 89 -54 -51 35 66 82 80
81 -24 -68 95 81 -64 58 -55 94 -47 -75 86 -34 20 -23 92 -25 -95 -33
92 -37 72 -72 -46 -75 -7 -3 -70 -19 -91 46 -23 49 72 98 -43 -38 19
43 -78 35 86 -30 -60 -76 -84 25 75 -22 -86 17 -85 34 -6 -66 -8 -48
84 -23 88 -13 -11 56 14 -65 -100 11 -32 14 8 6 56 4 17 -94 53
97 -34 46 82 -73 -5 -5 -61 80 81 70 -31 41 -50 -50 81 84 3 -49
87 -29 43 -95 -74 -56 -38 33 -79 -75 45 26 73 17 -60 -44 -16 51 -16
37 71 46 -59 -42 -10 -72 72 -72 80 55 91 -85 -15 22 -24 -62 61 -10
46 -84 69 -24 99 -90 13 -70 87 89 0 24 -77 42 28 -98 54 -67 12
11
-66 33 -82 -32 56 -19 -94 55 87 -72 -76
-76 68 -1 90 31 -40 -32 -64 35 -35 -4
85 -19 98 34 31 19 9 64 -91 35 78
58 -63 -85 42 49 -71 -38 73 76 72 -64
78 12 -95 22 98 -34 -53 16 23 37 -62
-23 -12 -89 -80 -72 4 -55 -83 35 17 30
-37 41 -50 -14 1 -87 -94 -28 82 68 -98
21 9 17 16 84 -29 -48 7 5 99 87
-58 96 60 40 -96 62 -92 -13 -32 -49 21
-66 56 100 -98 -11 17 -93 -16 -12 32 -94
-87 -36 22 9 65 3 89 40 -83 36 -57
15
-82 15 20 -52 -95 80 70 68 -69 88 29 -77 -67 -17 -82
100 -50 30 54 -57 33 68 95 -72 95 -29 65 74 18 -55
15 -60 -11 -9 76 68 -36 64 65 -52 65 -67 73 83 -53
55 -70 -64 -16 15 10 67 93 -29 29 75 1 -49 73 -32
-22 100 -17 -87 17 -94 43 -93 13 -19 -10 12 -70 89 22
96 3 -10 52 -27 -76 -6 -63 -43 95 -70 95 -10 43 -51
-85 -90 85 -68 -19 -84 -58 -36 37 -4 74 -15 -40 -45 -30
80 -84 97 -43 -41 -46 -74 -60 -73 -71 76 79 34 45 93
55 -41 40 43 100 -86 -54 -84 -70 -65 6 -65 42 -53 74
-47 -25 -90 -87 10 -97 50 -95 100 -46 -79 -86 -91 -41 25
30 83 66 -38 -52 -38 62 -64 -34 -78 21 -93 -11 -36 98
59 -37 -17 -48 -33 46 38 -46 31 49 -93 11 -53 -2 35
91 -12 57 82 -91 89 15 38 -45 -20 55 -5 19 -35 31
-2 -12 -37 17 -80 28 -30 -100 -85 -73 -25 38 29 25 73
-49 91 -100 -20 97 80 77 -39 -49 -86 72 65 -100 67 -55
13
7 83 78 -67 -79 -55 -2 41 37 36 -91 -67 75
30 19 26 -80 -98 65 28 17 1 2 68 -65 -72
84 -50 -79 -55 64 67 -56 86 67 88 -99 -72 46
-54 -18 -91 45 19 -21 48 32 -100 46 -17 9 -79
97 87 21 73 -60 -31 -76 -98 -58 19 -37 -53 -11
43 79 -65 -39 -11 50 56 -90 72 83 27 -88 98
80 43 -62 -94 -68 99 -12 -69 -90 48 -65 -44 80
7 7 -97 -31 51 95 -50 63 -42 -97 34 -95 79
-28 -28 6 3 -83 -5 77 -90 3 -57 42 -73 -60
19 37 -26 -55 -22 88 39 66 32 34 -48 7 56
-48 22 68 -42 42 64 -41 15 -48 -50 -21 -35 -86
68 16 81 5 -26 -19 -37 25 0 97 -35 -39 -17
-72 54 18 -67 62 54 63 48 41 40 -29 97 -16
15
-32 -21 -38 -54 54 -72 37 -100 -79 29 -37 65 20 8 -17
-96 -65 -49 -93 15 -100 -45 67 7 23 38 -85 50 34 57
94 49 21 95 -20 40 -19 -61 -86 -10 -48 86 -83 92 84
-31 -12 -64 67 33 -2 -13 68 8 16 -32 -58 -20 -39 83
90 -39 84 -83 -39 30 59 -44 -97 -80 -85 -3 3 -2 -39
39 -69 -94 67 -8 97 21 3 37 -14 38 -64 -5 -47 -91
-87 -47 26 58 -100 -74 36 64 96 -13 -46 11 68 26 95
-70 -46 -40 38 92 -9 -38 64 18 5 24 87 -6 -87 93
31 2 -31 59 72 -97 43 85 -81 81 88 -50 30 73 93
10 85 49 14 -80 37 -49 -78 2 20 38 -99 99 -10 61
-43 54 -56 -45 -12 -67 75 -53 -67 60 -51 -31 -78 -25 -51
94 44 37 -28 -32 86 65 82 39 -89 30 -96 -99 15 41
43 24 39 -98 -35 -69 28 -43 13 58 -41 35 93 -49 -2
-7 -84 -65 -31 45 15 95 -81 -36 75 -94 61 63 -30 13
91 -81 -38 -11 1 78 -72 44 86 -97 72 52 -23 -36 -8
16
6 -26 -42 64 -65 -29 24 -39 25 -67 -49 37 40 -52 28 -71
-32 -69 -26 -74 10 -93 77 -77 -36 -12 76 -88 62 -71 45 -77
-84 -41 -54 -34 82 20 65 97 27 73 -5 50 -8 -55 55 80
-89 -6 92 28 3 60 -59 33 -26 33 27 -31 -57 -99 -7 -24
-19 -61 47 72 -74 -68 6 15 20 -27 -33 10 -72 -90 -34 -89
84 89 -50 -69 50 -75 94 68 27 86 -3 2 58 54 4 90
99 14 21 -63 -81 -45 40 -90 -74 92 78 10 -2 81 -98 62
-36 51 57 -48 -68 -35 -76 23 2 84 -76 -49 96 -30 99 -85
91 -62 49 45 -69 92 24 35 80 28 80 13 88 -52 -60 -99
-12 20 -93 7 -73 -20 -66 94 -87 88 -60 0 77 18 -66 75
-84 17 -45 -97 15 -56 85 -99 41 -74 95 -37 -56 76 -36 -82
-74 -67 -50 -65 -76 -36 90 -11 -26 17 -71 -45 17 -65 37 100
31 21 42 -90 76 89 -36 73 30 55 -6 28 -10 -59 -1 6
-86 -23 -1 93 22 -10 -66 -19 -77 -38 -71 23 83 -20 36 5
30 -25 6 46 57 -29 7 40 -93 88 32 37 33 -48 -38 -31
-40 74 -49 66 9 -11 32 -2 -78 1 66 -40 -16 -84 76 -97
17
58 -48 -28 -72 81 54 54 -39 -22 -84 -50 -47 -30 55 12 -26 -69
-42 -71 71 -19 84 -7 -43 27 -71 -2 21 -39 -77 -43 -30 -56 32
-55 72 19 -63 -49 44 43 23 83 -71 52 -39 -58 36 67 -49 63
-70 -19 64 28 -36 -38 -76 1 56 5 23 -95 -19 30 -23 76 95
83 -9 -45 -38 26 38 -52 -98 9 -84 81 71 -76 -7 57 67 13
-36 76 -54 -49 -31 -51 6 69 -65 -85 11 -7 -82 76 -54 6 45
-91 -53 23 -19 -51 -96 94 15 -75 -43 5 -8 -14 53 57 62 -15
11 -52 34 62 25 -96 1 -70 -56 -51 -52 69 -84 85 -15 77 -8
2 -53 -80 -48 37 -65 62 85 -55 10 30 -22 46 -69 -29 88 -90
-88 29 -8 15 -56 53 36 -5 76 -30 -45 -45 77 18 -78 52 -4
30 32 26 -26 5 -51 53 80 90 99 -16 -55 91 -47 -95 11 46
26 87 -64 -15 0 100 -56 -48 -9 -69 -55 56 43 1 35 82 32
-6 60 17 30 85 -85 -90 12 -62 50 -50 -40 35 71 -100 -29 -32
3 -94 14 34 80 -68 24 -1 39 11 20 -44 -54 26 -17 66 -49
-13 -29 -74 88 -8 35 73 67 24 -59 -43 5 1 -59 90 -67 -67
28 62 68 93 17 -23 68 81 -13 23 66 40 -62 -52 6 -20 8
-96 -55 15 18 -88 -76 20 14 -4 -24 77 -22 -85 58 -74 54 30
19
-65 83 -95 -95 88 64 -31 -87 48 -48 51 -69 55 42 70 56 94 -97 61
-7 52 0 -95 9 -63 97 -27 -73 -12 79 75 -31 14 22 -55 -72 13 73
86 86 -43 32 -25 -61 -81 88 -52 -72 19 80 -25 -68 -98 87 14 -44 18
19 85 -60 54 9 -43 43 -15 65 30 16 -85 54 -11 25 41 46 24 42
-85 -37 -92 36 38 -71 -92 0 60 70 -5 72 69 34 -76 -1 -78 83 85
-65 91 -44 -8 21 -55 -52 -19 -40 94 11 66 69 -51 15 -95 -66 -10 -59
-27 -68 91 -32 11 -92 25 -29 -61 -14 -26 11 -62 86 95 -99 -71 -59 -92
100 -94 -70 -13 -33 23 -7 -49 35 81 -69 -37 -16 -15 73 89 59 -31 -56
26 94 -20 5 36 -35 90 17 -69 -49 -32 -78 71 -25 -91 25 -58 29 -66
55 86 -48 -97 19 100 -80 88 56 -16 25 -69 -73 -12 -22 52 42 57 42
-3 -35 -25 66 37 -34 27 -72 -90 -13 20 62 -5 -94 46 87 -6 4 15
-13 38 -68 41 -33 -59 51 -85 15 -35 -62 89 -17 99 2 1 42 0 63
-91 -88 -8 -32 23 -85 -56 38 -35 -7 14 -57 -50 -39 -69 55 44 -92 9
55 -62 -100 93 13 -98 65 -53 -74 5 95 -51 94 5 79 -87 -1 52 56
-30 65 -5 -54 -9 -14 -16 -69 26 95 -60 -43 39 67 94 -75 69 -55 5
-33 91 28 -68 -99 -44 98 58 -7 89 22 -39 72 -23 34 -66 -12 46 37
39 -61 16 -45 -19 -80 12 -72 -6 -87 90 -72 -73 -22 76 -43 18 20 -3
-15 -83 37 -9 -52 -9 -74 49 48 -69 -34 9 -26 -96 -9 -51 15 -84 86
1 24 0 27 -85 -76 61 80 -3 43 -7 -33 -87 -56 88 32 84 -76 82
18
-94 88 -27 13 -22 -3 2 44 -60 -38 41 75 -27 94 -78 -68 57 49
-18 -8 3 -2 55 -16 30 6 75 -32 -75 -2 -55 45 49 29 16 40
79 70 47 93 58 -52 64 -9 72 85 -39 -17 -42 -26 76 -70 -94 39
82 -61 -13 -24 26 59 50 96 43 42 -98 -29 63 -26 30 76 -40 -9
-48 9 -90 31 85 59 -16 42 -4 -47 82 79 -90 -67 3 85 72 -89
-50 26 62 55 56 -25 -98 -20 -97 -77 15 -28 -21 10 75 4 2 45
-57 76 63 -10 11 17 -30 -37 71 13 -97 54 93 55 84 -2 70 65
94 -92 96 -31 -29 -32 -50 -74 100 91 -69 -36 22 -60 -92 27 -19 27
72 -93 -4 89 -87 -13 -95 85 -42 -99 -23 26 66 -35 89 53 -1 57
-72 49 -11 -89 71 -68 -27 26 -93 -22 15 85 -62 4 57 79 -10 5
79 63 24 22 6 99 66 54 91 33 -60 -75 -97 -58 -63 52 12 -29
-45 -42 93 -93 -22 14 -96 -72 -60 55 71 -76 -88 -25 87 80 -40 18
-3 -85 15 -77 20 -53 -22 45 85 -5 -24 -30 24 -71 59 15 -90 45
-17 8 0 -49 -94 -58 -50 6 36 -52 -99 -79 97 -45 27 -68 99 -8
42 -33 60 17 -6 -27 83 97 -100 -71 57 82 9 5 4 66 -51 -98
-88 21 29 -24 43 -25 39 82 46 -15 24 -1 -68 -18 -58 -38 68 22
57 69 -13 75 -23 74 -54 -18 -24 11 41 23 96 -41 -92 9 33 15
50 44 29 61 -34 42 -10 81 -31 78 13 63 -83 31 67 63 81 97
11
66 -78 92 7 52 -80 70 -96 -62 -45 -50
-13 19 86 46 22 -57 24 -33 -58 -23 -3
-49 28 -52 -63 -98 48 -14 97 -98 -27 36
-57 -35 -100 -86 -36 21 -45 8 -9 75 -10
-1 -33 -9 3 -86 -12 29 63 -55 17 -70
-39 -9 -91 16 35 -33 2 -10 -97 -22 -94
-29 -74 63 -93 82 -20 1 36 -86 30 -17
-61 -94 12 -40 -32 -64 -29 -32 51 -19 28
77 1 75 89 95 32 46 -95 -9 11 3
1 39 82 32 -25 -14 15 -90 29 46 -28
68 -48 17 45 47 -20 95 4 -94 29 90
19
97 -33 33 -6 56 24 61 -88 -47 -35 -8 81 89 -21 58 -52 74 -83 -12
59 28 72 99 83 38 18 46 4 -45 -61 -27 -54 -30 2 96 -63 49 -36
31 -42 -97 -40 81 10 -94 -80 -97 29 -42 82 -5 -78 56 -52 -88 -81 62
70 36 25 -21 -61 -97 -42 -15 18 -31 -61 87 23 10 90 -43 -35 -75 -42
-54 -66 -41 45 -53 -86 -24 37 -92 -73 -50 -23 -40 15 -16 83 66 -91 -80
70 -40 10 -45 91 -59 53 -92 -59 92 -10 -12 56 -19 23 15 35 -64 -48
-43 58 -19 -19 70 -51 -65 34 -63 34 -3 -30 1 1 -100 -80 21 61 49
-96 100 84 95 31 -57 81 -22 69 71 -36 56 -93 -73 81 10 97 -19 13
-19 58 98 70 -15 95 8 -24 -49 -4 14 30 67 44 7 -35 -44 13 82
-38 -68 92 -32 43 -47 17 -33 48 32 -9 -27 -8 -1 -67 38 -15 76 -59
4 -28 38 -23 -21 22 -71 -2 19 -59 79 -82 -87 -24 68 -23 73 72 24
-40 -91 -16 -84 67 50 -5 -40 -63 -1 -55 8 88 44 -47 -3 -69 46 -56
89 76 -35 -76 -80 -17 -75 -26 -81 1 -20 36 98 12 67 -93 -87 -74 -92
-7 95 79 89 69 -11 -19 80 69 -24 55 -98 -47 -31 78 51 -93 -40 62
46 -58 56 34 -68 40 42 32 -70 -73 -44 -18 83 65 80 -58 -46 79 -83
29 22 -54 -74 81 91 11 27 47 -19 -59 5 -91 -41 -29 -69 -12 -83 9
-16 38 -62 -66 -67 50 -2 -92 52 68 28 -76 92 99 -19 -92 -47 -89 57
-6 16 17 67 -2 81 84 43 -40 73 29 -1 -30 -16 -16 -55 86 -40 49
-53 91 -75 -87 32 -42 -74 29 -61 -97 -74 85 68 -96 61 82 96 -71 39
20
-14 19 -29 -3 36 3 -89 74 -5 34 22 -38 38 -44 -18 46 69 -34 -80 82
34 -27 94 -84 46 -48 -78 -32 -79 87 -65 -97 42 -36 -11 -16 -90 -80 -4 25
10 21 -9 -71 -11 81 56 -40 36 -73 25 -38 -46 37 -53 42 -55 78 -77 88
-47 73 74 -14 -92 51 62 -31 -46 -48 -89 -49 74 16 93 -59 57 -53 65 -57
-37 -10 0 21 44 -43 75 84 84 16 48 -85 23 3 14 -20 40 -58 -40 38
-48 -90 -6 29 100 -10 -46 -19 -12 10 21 53 -39 98 -60 -38 4 -6 77 -20
96 1 72 -89 -60 -59 -48 69 -91 46 1 8 61 52 3 -37 56 -47 -97 -95
59 -7 44 61 86 72 93 -74 45 44 -77 20 -75 -56 -94 -65 100 6 65 58
38 49 -4 28 13 -66 31 -7 32 -11 4 18 98 11 -53 25 -97 -100 -4 50
-51 67 2 -100 -37 -18 -43 -89 59 -30 38 30 -10 -63 58 70 -85 -84 -45 95
94 -43 95 -62 16 40 -47 24 -35 86 98 10 -61 -81 65 -40 -8 22 -78 -29
2 51 83 -58 -90 39 58 97 57 -45 13 -15 -59 -51 77 29 -86 -62 -56 32
76 2 36 62 90 8 10 60 -4 50 -81 35 40 82 43 86 -41 94 15 -91
44 90 -40 -8 -60 8 -7 -56 65 13 40 -98 -15 -45 -52 -71 31 43 -45 -83
-41 -63 -83 -53 -28 27 -92 -44 66 6 47 -77 1 -27 57 -76 -13 -60 30 -27
-98 -1 47 -75 16 -22 56 -63 -12 7 -42 -84 11 -95 23 -47 -73 -17 1 65
-4 9 -19 85 88 5 87 -63 -11 48 -74 91 -76 -35 -56 -61 -28 -84 17 -29
45 -69 70 35 -48 75 -3 53 43 -20 53 -82 18 -50 -100 80 -77 -60 31 -95
35 67 87 58 -38 75 4 -94 8 -59 85 51 -15 45 96 -21 -73 -22 44 -75
-70 -32 -70 74 21 79 -1 -67 6 -10 -51 -14 -85 -71 -47 -51 -58 57 8 -62
13
-89 49 2 93 -30 8 30 -60 70 -12 -16 52 -91
-81 94 77 20 17 41 -73 -38 34 -66 4 -38 -71
68 -64 98 85 100 -44 39 80 -94 82 91 54 -2
73 35 28 51 -44 82 -60 25 27 -63 -93 -89 51
-26 9 -28 -56 -89 76 50 70 -44 56 -92 9 51
75 -77 -79 4 87 1 -71 -17 -23 -78 19 23 -78
80 89 -22 62 -1 22 79 73 97 -34 -6 71 13
24 52 -57 47 -6 -32 95 -42 -20 -30 26 -98 -22
-75 89 -43 -96 -3 -32 -74 58 -84 -29 58 -45 18
44 -13 87 53 -77 71 -64 37 -98 -65 7 -53 -22
17 85 8 38 78 28 -29 -56 -61 33 0 -61 54
-41 99 42 52 40 -23 -90 95 -24 54 -13 -34 -95
-99 9 19 17 -26 -94 40 69 12 56 66 -21 5
17
40 13 1 -73 -57 75 -83 5 -74 52 -51 -61 -79 51 33 -67 -17
82 4 36 77 -96 -63 91 36 29 65 -82 73 -54 -59 -95 -20 -80
-58 72 56 -100 -31 69 -76 10 -78 64 -54 52 18 -72 -39 -80 40
17 -30 -75 25 41 50 -76 -39 8 50 -58 -47 17 -6 -86 -1 94
59 38 -76 -61 34 -25 -49 92 91 80 -82 -39 -12 -64 88 -49 -10
22 -20 -63 -47 57 71 -18 -28 44 3 -17 -45 28 66 -45 -98 -54
-99 85 39 -64 17 37 40 89 35 -71 -64 85 -99 11 -76 -86 -76
58 0 -49 46 46 27 89 -75 -24 86 97 26 -77 -100 -13 86 -87
-62 52 -58 -62 56 -75 36 91 46 16 78 -77 8 -33 -19 -78 4
66 19 -96 -10 24 -82 72 31 -8 -62 -76 52 -94 -35 -96 -96 33
-63 -27 98 -24 23 3 -52 75 -77 -96 28 -9 24 -74 -9 0 -13
96 89 -10 -93 -56 14 -61 10 32 -88 -92 -52 56 78 -70 -89 -86
2 -57 -60 8 -52 -75 1 -4 16 1 -85 66 -57 1 44 32 -83
-92 22 96 -44 -35 -36 35 -29 80 35 -98 57 17 18 58 11 -6
-55 -7 52 -74 -41 -80 99 93 -44 -92 42 -19 -98 -60 16 -91 -32
87 38 -37 96 59 -89 -37 -52 25 13 27 -18 9 36 17 90 -63
8 59 7 -5 -97 42 -17 23 34 22 -22 63 47 -10 66 17 -12
16
-80 70 -79 -71 -98 4 -26 5 11 -66 39 87 94 -30 55 68
87 5 6 96 57 52 4 58 25 86 -6 46 -43 50 -45 56
-59 14 64 42 87 37 -51 -86 -7 24 14 66 -76 52 -63 45
-77 -49 -34 45 -19 -53 98 14 97 -95 22 67 93 92 -9 -55
-57 59 50 36 -82 -18 -24 87 8 8 -96 -8 -37 -14 -76 -98
65 9 9 52 -92 63 71 36 -73 -72 -11 -18 83 45 56 82
48 37 -65 42 -31 69 -47 0 -28 -67 14 64 11 -27 71 -52
-51 63 -63 -54 32 68 73 13 96 100 51 70 -49 -5 -62 -86
-92 92 26 -75 82 73 -90 43 46 84 19 89 -46 13 98 14
-93 3 33 27 -48 59 54 54 85 -29 57 47 20 38 -61 -26
68 86 -28 52 76 58 39 54 22 46 45 48 96 -51 -23 19
-85 -42 -10 73 -52 -59 0 -96 -19 -86 -94 0 -84 -64 21 67
64 25 28 37 68 45 69 -61 69 -83 47 22 17 -59 -53 42
52 -38 -82 72 -88 48 -56 53 92 8 62 -32 52 -81 -35 29
64 -32 -75 35 -34 -83 39 -46 -64 28 27 31 95 -89 29 -18
87 46 -6 -73 -7 -19 -89 -4 46 -90 -40 97 -27 -6 -22 -60
16
77 33 -40 -43 -59 25 -73 18 -90 17 17 -30 -10 51 71 81
-1 57 80 -22 86 89 -58 -92 83 6 -64 24 72 -12 -80 -9
89 6 66 -84 17 -7 -68 -64 77 23 -20 76 1 97 -53 -5
56 8 44 91 74 19 4 18 -79 -69 -44 94 -7 11 40 99
-66 -73 -54 37 71 50 69 -11 -95 -29 4 33 22 64 -24 29
-14 22 94 76 -50 7 45 -36 -73 -90 44 71 89 -3 -57 70
22 54 -43 67 7 11 53 16 -53 -58 -71 84 -57 48 7 -43
75 -3 -81 -17 16 -92 100 52 47 88 82 38 26 52 49 -36
-14 -63 85 75 23 53 -82 63 -18 -5 12 -98 96 40 59 24
-67 28 58 82 13 -96 10 47 -85 -43 22 -69 90 -50 -26 -24
-54 -86 16 -81 80 -78 -60 -31 27 -58 -57 37 24 -40 43 58
34 27 -40 -22 -20 -80 21 -27 39 -96 67 84 -90 -51 15 13
88 71 66 47 87 -9 41 58 -5 -59 -78 19 92 -93 -1 80
-94 -99 -32 100 -49 -1 -66 90 -51 100 84 38 -11 86 -34 -95
-91 8 23 -77 60 -60 11 -85 42 -42 -46 -8 49 -24 -71 -9
-71 -86 69 27 -24 -11 -47 94 51 -81 34 48 60 -57 19 86
14
4 -57 67 -45 -21 14 4 35 51 -7 69 8 92 -14
76 95 91 -31 -36 -27 63 -97 -64 53 17 -49 27 63
5 -10 48 41 -81 28 -85 53 92 -28 17 8 -85 10
-62 -10 98 -48 -9 49 88 -27 95 -63 87 11 40 82
72 93 18 66 -57 -62 17 9 -10 63 54 48 20 -77
-99 -60 37 36 -70 -98 -33 -58 -96 -41 55 15 17 9
-28 21 36 65 -98 -29 -70 79 29 -47 77 71 73 -75
39 -98 -98 32 -53 42 -92 -33 94 31 50 -62 15 98
69 93 72 80 -76 -81 -75 -67 -80 98 -98 63 -4 51
15 -11 74 100 31 30 16 -59 -69 34 41 -46 -63 -45
-29 -37 41 82 -91 1 67 -94 37 -5 31 -73 -52 -27
-30 3 -24 -43 -87 -51 -22 93 33 33 -58 23 9 -1
100 -79 -98 6 -15 80 -83 49 -99 -27 -76 -25 41 47
-8 -51 67 63 -70 -66 -56 55 -22 6 -1 -48 22 -47
18
67 -18 -19 8 18 86 38 -82 -33 42 59 -91 -96 -75 87 -83 65 -21
-100 -65 79 -97 83 -42 58 -12 26 30 -67 -50 51 51 -96 35 -21 -33
81 -51 63 95 -71 -25 69 -90 -36 -88 -68 20 -8 -90 -43 -68 17 -92
-29 -95 -49 39 -26 70 -59 35 -98 11 78 43 -64 -33 -40 44 -32 60
81 -53 -63 89 -88 -18 -7 20 -98 2 -96 87 60 -97 37 -11 96 -95
36 -14 -50 94 75 -37 12 -54 -98 -11 16 -66 69 -28 -61 92 -96 62
-16 -6 77 -66 59 17 -42 7 -73 28 -67 -21 -98 -55 -70 -13 2 -52
41 -69 -78 -51 -8 -66 9 97 82 40 73 18 15 61 51 -20 -68 -50
18 11 74 71 72 -65 -53 -44 99 87 -25 73 82 65 24 -16 -51 95
52 -90 62 70 99 -67 -89 88 -39 -20 -58 -33 90 -62 66 -65 41 -28
3 46 -45 -81 74 -33 52 -34 53 95 -58 -67 26 -31 -67 -21 43 76
44 -87 -51 33 -64 95 86 -31 57 -49 91 26 75 49 -43 71 -56 17
-34 -72 -22 31 19 3 -88 -67 -83 -54 22 -77 86 64 72 -79 22 -23
50 75 -8 81 46 64 6 43 98 -15 39 21 -33 -100 -65 -1 -37 -44
91 -5 46 22 91 3 -72 14 97 -77 97 12 94 18 1 -28 69 93
-33 -69 -89 91 -20 75 47 23 -26 -14 40 -91 11 56 -77 -46 48 45
-45 -91 -66 74 -85 -53 -91 27 3 81 -21 53 -67 84 74 -58 48 -99
80 84 -50 62 -95 66 64 -26 62 44 -51 25 12 43 33 -75 -73 52
11
-3 -59 31 -70 21 99 32 -82 -6 -5 87
45 -66 -76 93 57 100 28 -34 4 -28 -2
-80 60 -78 92 22 38 -68 -84 -4 -34 -2
-5 -26 43 -55 14 -73 68 -9 -3 -44 85
46 -6 96 23 36 -64 57 -1 29 70 -24
-13 49 17 -34 -91 35 -18 41 58 67 -81
-97 -58 29 -2 -15 41 25 -51 -89 74 4
84 -14 63 96 -2 86 10 -43 -13 -98 -14
-11 -19 -58 -22 7 -20 -24 -27 71 29 -12
-45 -4 68 95 64 -6 -41 71 21 44 -94
-6 16 11 24 -2 65 -70 -80 95 100 -61
16
24 -78 -21 18 74 -32 45 -26 -71 -61 -18 -23 -70 81 -42 4
-65 52 -72 -67 -50 60 0 17 -92 30 69 -50 7 -33 -50 42
-79 -24 -46 -23 -54 -40 99 76 -74 -34 93 14 52 -81 35 -50
62 14 -24 -100 -96 89 94 -3 -77 -70 49 -49 85 27 22 -83
39 48 -80 0 -68 -32 -99 57 69 55 -87 -60 -82 -83 50 10
-53 -31 6 30 28 -91 50 61 -48 -65 7 89 30 -80 30 40
-22 17 -54 24 26 36 -78 48 75 82 59 -91 -24 29 58 60
-75 97 -24 -81 -89 66 34 88 -50 49 -99 -36 -45 -75 60 -61
17 -20 -47 59 100 -14 -16 75 -35 -18 87 -36 32 56 11 -32
-29 -5 -39 56 -54 97 -75 -73 45 98 85 83 95 85 -16 -92
-42 -11 72 35 -32 -85 28 -58 85 89 77 -96 47 -25 85 38
-56 48 -63 87 -48 19 54 -87 -47 -21 26 60 65 45 19 -75
-44 -96 -68 24 37 88 54 -51 -11 -3 36 -3 49 18 -76 -60
-25 -64 32 -15 -74 46 94 78 -71 21 62 51 -98 -17 95 -88
58 -23 -19 -41 27 7 90 33 -42 95 -66 46 13 44 99 6
18 -97 -3 -11 46 94 -54 37 84 42 27 8 -35 26 -87 34
19
-83 -62 -69 20 11 15 74 -61 67 25 67 79 69 -45 26 -30 -74 -41 -26
15 30 40 69 81 -70 -17 -78 88 -11 -100 52 16 34 -62 -37 -36 94 -17
16 -95 -31 -8 -12 89 -83 -68 76 53 86 72 -30 -59 -3 58 -70 -56 -14
63 -78 47 -43 -22 -44 7 16 12 -31 -72 -83 35 -27 -82 68 -82 -36 3
9 -22 74 78 -4 -46 11 -52 84 -89 -85 17 46 -28 87 -83 74 -20 -82
-11 14 11 66 85 35 -19 -5 12 21 79 -2 -39 -64 -78 -38 -63 -5 72
2 -1 12 71 -56 -90 36 26 -70 0 12 71 51 -80 70 24 68 -77 7
6 81 9 -5 -22 -19 96 80 8 -74 51 83 28 87 -86 -92 95 -86 81
-73 86 5 -4 -17 -53 92 40 -10 66 -70 -79 -39 80 -43 -24 36 29 -78
-44 13 -54 10 77 -97 -66 82 -1 27 -57 -77 74 51 -30 62 -50 -66 -64
0 19 85 -23 26 70 -75 21 27 -99 41 -53 88 -43 -70 -69 -82 -65 60
-16 29 -77 -96 -52 -12 79 71 -22 61 -13 -57 -69 64 31 10 6 -43 46
22 -59 -74 59 15 -64 42 76 57 -52 -15 70 -97 78 -95 91 71 -100 -42
-43 29 82 53 -46 -55 49 -86 -58 -36 -6 72 -9 70 -40 13 97 -81 -71
71 62 44 -58 77 -93 51 -7 -16 -17 -93 -22 -66 -60 49 86 -53 40 2
64 -27 -91 84 9 48 9 57 28 11 -75 5 55 -50 -91 29 -98 35 -89
44 6 -66 -22 74 46 -41 73 9 92 -24 44 100 -16 50 56 -16 -32 27
77 25 -100 -4 98 -47 -71 -50 -71 -46 17 2 75 -54 -56 58 69 -15 -83
-26 70 -12 -21 -17 11 69 84 21 -73 68 -1 -12 -7 74 -56 -56 44 98
20
-36 -4 -98 70 -93 68 -92 50 18 -73 85 31 -24 -37 26 -5 -12 61 -79 15
-79 23 -1 6 -56 -25 18 87 -75 86 -50 9 84 58 -74 66 -72 -95 86 -72
-99 80 -90 3 44 3 15 71 63 -33 38 -53 32 -46 32 1 25 13 -28 100
-29 -66 -51 -55 -73 50 99 -8 60 57 -83 41 -89 -56 -86 27 61 -49 -42 -71
-52 33 -51 -21 79 -94 84 -51 -7 -47 16 4 -54 35 46 -19 60 -3 43 -92
-84 0 -86 69 45 -72 85 12 31 -83 -66 -92 -97 58 -37 -87 -81 -48 43 -3
-24 -58 -38 -46 -64 21 -57 14 58 -30 99 -51 -79 -90 60 24 40 -84 67 -75
-40 -72 35 1 96 14 91 100 -65 52 -18 15 -1 33 63 -50 74 61 90 22
-15 32 -39 -8 -62 52 93 10 -71 45 53 93 -13 15 -4 -76 56 39 -37 84
-65 40 -17 -65 -17 -17 14 -59 23 82 83 68 -39 -91 20 -18 96 -94 -96 -23
97 -17 -83 97 -31 82 -21 37 52 18 -25 61 -9 68 -87 35 -58 -17 23 -51
86 58 42 24 37 -53 23 21 -14 26 -52 22 -43 -93 22 48 -70 -93 14 32
-5 -4 15 99 85 67 -86 19 57 -27 33 42 95 -11 -44 67 -100 -30 -70 -72
13 9 22 -87 38 -59 -73 -82 2 -2 -20 84 -76 38 50 -74 -45 -70 57 29
-44 -10 88 -40 -19 84 -73 -1 45 88 -84 -14 42 56 -21 -74 62 37 38 99
-71 -2 25 24 -91 90 -63 78 4 -30 -89 40 -73 16 -78 57 -36 -86 -79 -6
-4 55 -38 32 -36 45 51 14 -75 63 -6 -18 93 51 -29 -82 -98 -44 -89 58
-50 -79 -90 40 -83 -93 23 -83 70 44 -71 14 88 75 7 52 -67 76 87 -6
-78 -84 -85 -62 15 64 71 -10 6 -78 -38 -98 -86 46 22 -29 -66 -2 -44 41
59 94 -100 -37 33 -45 -50 -92 -78 -92 50 8 41 -80 -44 96 -10 59 -75 -60
14
69 -98 -57 83 26 -53 -90 -78 -65 54 -57 1 58 97
-41 -30 -87 49 28 92 -9 -4 -22 -96 37 -13 -24 -50
92 18 -90 68 -100 -23 -93 -83 7 -84 48 49 -85 37
-59 -69 -75 76 -35 42 -42 50 20 -30 -97 60 26 -89
29 27 -65 -23 2 17 -8 74 -5 47 17 26 34 70
-48 16 -10 85 -31 -18 -29 82 75 19 76 -48 -69 45
74 -41 49 30 4 -73 -87 -99 92 0 42 8 98 -77
-40 50 -40 -93 -2 -1 -8 -22 -59 -100 -63 81 55 68
30 79 53 -13 70 -69 -48 54 -16 71 93 85 -26 -87
92 36 58 100 -51 -83 17 91 -95 52 43 -68 83 73
-73 -95 -34 1 -28 -50 -92 38 27 -19 43 -39 -22 7
34 -26 35 82 68 -88 -19 -75 3 -8 97 28 -21 -79
-7 -37 -71 67 37 37 -11 -94 25 -54 -56 -26 47 1
-76 -88 64 96 -16 -83 -36 -73 2 -42 -11 53 -71 40
17
-44 -92 -3 -5 6 -64 -59 -35 -91 -20 95 -95 -93 -51 -97 37 52
95 41 -55 -19 100 83 85 -31 -90 -7 -87 -88 -45 13 -27 -36 -97
89 13 -75 8 46 11 89 38 89 7 100 -16 -44 -91 -38 -2 -43
-33 61 -76 85 90 -32 -5 -20 55 42 -96 28 22 51 98 97 -33
-33 55 30 -6 16 -79 -6 62 88 94 97 -73 65 -15 -50 47 61
-10 60 -44 -71 23 89 -55 -42 -70 -39 78 76 13 66 78 37 44
59 69 -44 -95 19 -96 55 65 30 -62 13 -10 4 38 -65 36 -100
-68 25 46 -50 29 43 -48 70 14 -1 7 75 47 -68 79 -15 41
41 -94 15 89 76 57 -35 23 24 -56 76 41 -39 -15 27 -100 78
-63 25 65 -48 -82 49 -78 -91 -66 -54 65 86 -17 -54 -39 39 -26
34 7 -44 62 -96 99 -14 -49 84 98 31 -74 79 22 57 80 50
-90 -88 -62 33 71 -28 39 -77 -29 -12 -72 92 58 -91 35 -90 -18
95 73 86 -47 50 75 49 81 99 98 99 89 -65 67 -73 -79 -54
93 45 -8 37 -5 41 79 35 -81 96 -98 55 -74 -60 -100 6 87
99 -80 95 -62 -70 66 -72 86 -25 25 -18 -65 81 -98 36 -91 -4
-72 50 79 -4 36 -82 -10 43 -97 -22 -65 -87 51 61 47 -6 -82
-52 -82 -69 42 95 -48 -24 -67 -10 -40 -35 59 63 -95 53 62 98
14
-42 -16 19 85 55 -52 -72 -64 -81 -12 17 -84 9 -23
-46 -95 95 18 84 32 -91 60 13 70 16 20 -97 -22
-72 94 57 -27 -57 -73 -92 -29 -46 -81 24 55 -42 -6
-19 -56 -80 82 -53 65 -7 -60 87 6 -14 -19 66 -36
83 -73 99 63 -20 -43 28 -62 -79 4 -6 -14 -93 32
59 65 33 -69 53 -29 48 3 21 57 -5 40 -37 62
-33 3 54 -1 -100 64 -4 -15 74 -60 75 88 -20 98
81 86 -37 -40 -30 -15 -62 55 17 -94 0 -72 18 -63
39 74 28 28 -77 25 -68 -76 -77 7 34 80 -55 -83
2 -75 4 91 27 -57 -18 -92 12 64 -81 36 76 62
30 -56 -39 -78 57 -54 91 66 -16 75 92 52 17 58
-53 -29 -12 41 43 -73 18 21 -66 70 66 57 -43 17
58 -78 11 62 44 16 78 -58 65 -88 -11 42 38 58
37 81 10 -37 -13 -84 25 52 18 84 -41 46 -99 -38
