50
6
6 11 -26 -28 47 -20
35 -18 13 -11 -41 -50
-38 28 28 8 45 33
23 47 -11 -1 -37 -33
-29 -46 -28 -13 1 4
25 35 -8 -10 -12 7
10
-19 30 -32 -5 -8 -28 -23 9 20 26
-22 18 46 28 30 40 29 20 7 -22
41 10 -43 -19 16 4 -6 39 -50 -27
32 -10 18 -1 30 -29 -31 11 -11 -17
42 -50 -45 -26 -48 -13 -27 -13 -24 -43
4 -10 9 2 28 -14 -42 -36 14 -22
32 -21 49 -20 39 3 -25 42 -37 -30
13 -14 -13 19 36 21 -20 39 32 -44
38 -24 27 43 9 -34 44 45 38 20
42 8 26 20 0 18 22 4 50 -24
8
22 -18 5 22 11 14 10 -27
50 -47 3 33 0 -27 -8 -37
-45 -46 -6 -40 -33 -43 -13 -2
11 -47 22 15 -47 -36 23 44
9 5 -48 -33 33 -21 3 -36
44 -23 -43 -19 37 -46 -48 -6
-19 43 8 -33 -37 34 2 22
17 1 -34 -22 -8 -47 -22 35
10
6 -31 1 -2 -2 -6 -35 24 42 -13
-21 -22 -3 5 9 0 -34 -46 18 41
-15 17 20 -47 12 47 -21 -18 6 28
30 -11 10 -45 43 -41 -22 11 21 45
-19 0 -7 6 -25 -16 11 18 -33 -17
-41 -39 9 6 29 14 -9 48 -28 5
-12 -30 28 -15 18 49 10 -36 -2 -12
49 -11 39 13 31 -9 -37 4 -18 -42
36 38 6 29 -9 -41 17 -44 -7 -38
-22 33 40 -29 -46 22 6 -18 -40 8
10
4 50 -18 2 -50 -30 2 33 -38 0
1 24 8 44 3 40 -35 43 32 20
42 24 20 45 7 -33 31 -38 1 -4
8 9 34 -3 -36 20 -16 37 -44 14
-38 36 -33 -30 -35 33 -11 -7 -41 46
-32 -47 45 -13 -14 -23 47 -3 29 20
-16 -22 38 -8 45 -2 -21 -12 -2 15
-16 44 4 -49 25 33 -12 40 42 -19
-36 35 -8 12 1 23 -38 -14 23 -32
-11 30 -2 43 -42 -28 -33 24 11 19
12
35 10 28 -26 38 49 -9 -47 3 4 34 48
22 -16 29 -44 4 23 46 22 38 29 44 30
37 -20 -27 -2 -39 -47 29 -17 -42 -17 27 -32
-48 -39 43 -1 43 -43 -9 -3 26 42 14 16
45 -35 -3 15 39 -46 13 38 -29 -11 -42 33
41 -1 -31 -8 4 -4 -19 -13 1 -44 32 48
46 38 -23 -1 19 -5 -46 20 8 11 -42 5
-21 31 27 19 1 11 -1 -42 -11 -37 -16 34
-41 40 -49 -40 -41 -17 -6 19 25 39 19 -45
-33 3 -4 -35 29 -30 -31 18 1 31 -43 2
35 -45 -14 -48 -1 11 -10 50 34 14 0 4
30 -11 33 27 43 -8 14 -29 46 43 35 8
11
6 9 -3 -20 -18 -26 4 -14 48 17 -26
-26 -18 9 -19 -1 -30 41 -33 49 -24 50
-47 -28 11 12 -16 11 31 -19 50 -25 44
-17 -8 -25 -29 16 -49 -8 14 24 -32 19
-8 -45 34 -43 -20 -36 13 29 -40 46 -27
-46 25 18 -12 -33 39 -16 -29 -4 12 -40
15 -17 48 -28 14 -50 35 -50 -24 -29 13
39 22 -48 14 11 17 -17 -3 40 38 11
-4 19 6 -37 4 -22 35 -10 -7 -2 -5
8 -34 8 -41 -27 -44 -33 35 50 -35 44
-25 13 24 47 41 -35 -47 -33 -41 38 14
12
-25 -24 -9 16 30 28 -38 -9 -13 -47 18 20
9 -20 31 -45 2 35 22 38 -24 -8 48 14
16 -39 37 -35 -21 37 -37 48 -24 25 -16 -1
-41 50 -32 -38 11 1 8 34 -37 -16 -37 27
45 -5 16 -6 22 -27 38 37 11 -22 33 -4
41 27 17 34 15 -21 46 -27 10 16 5 18
-35 -34 -16 26 18 2 4 -29 -28 29 -33 -1
-16 2 24 -42 0 49 27 8 -44 -21 -2 -32
37 1 36 3 31 -12 27 -23 31 -26 -5 29
-13 -26 2 -35 7 -35 8 31 21 -19 31 21
-9 -13 36 4 -37 -43 47 28 -28 -25 -42 6
46 22 22 -20 -3 -17 -26 24 38 18 -6 23
9
12 -26 -34 7 -26 45 27 -1 6
36 -12 18 44 20 -16 24 -21 -47
-8 38 38 5 -42 9 -36 41 -13
25 36 -35 13 47 27 -1 -32 43
43 49 -46 -45 -13 12 -13 44 26
-36 -34 41 38 -1 -9 -40 7 22
-3 -22 22 3 -14 -4 -6 1 -9
-28 31 -2 -34 -21 34 23 -22 48
27 30 5 -33 -26 16 48 -1 31
8
-3 26 22 8 5 -17 2 17
24 48 38 -1 2 12 -37 -41
-29 20 -20 41 -34 33 11 -1
9 -49 7 29 -48 26 -28 -19
-10 40 9 46 -50 38 42 10
13 32 -39 -13 27 -1 37 -31
-6 -20 -21 42 -15 42 -13 -1
-34 6 -3 -4 -3 20 -23 30
9
0 9 -44 -6 47 -26 45 35 -2
5 3 17 -48 26 -49 -35 23 25
-36 16 -31 -17 -40 -21 -34 40 -35
26 -50 41 -47 23 -6 38 7 -30
38 -1 -12 39 -38 32 41 9 -2
-42 -28 -2 -35 -31 6 -14 4 -17
-10 -36 3 31 -23 16 49 -22 8
-14 -32 10 -43 39 48 44 -12 -42
-41 -22 -41 29 46 -20 -1 -41 44
10
-44 -19 36 -2 39 24 30 26 -42 2
28 -9 27 -6 -32 -36 48 50 30 -26
-22 36 -23 31 30 40 4 48 -27 21
-27 -14 -19 -32 -12 20 40 -3 -43 -31
-39 -5 19 -16 48 3 -40 -20 35 -23
-1 33 -28 -15 -14 43 15 16 -6 16
-28 14 5 20 -38 38 -43 30 5 40
8 4 -44 29 -26 17 -12 -42 10 22
8 14 -47 1 7 46 -37 9 40 -47
23 47 -10 -6 13 -12 30 27 -12 -23
11
-8 8 -49 -31 2 18 24 -10 40 34 -39
-24 -27 16 -23 -45 28 9 12 -40 -35 22
-18 -35 -26 -40 3 10 -48 -37 21 -5 47
24 -34 -27 6 -32 37 -36 40 -37 -18 11
31 -8 -28 47 48 29 12 -46 41 -7 44
-26 44 37 -14 8 -26 35 -36 13 -8 -20
27 -48 -26 3 44 -10 17 26 -6 -5 37
34 -14 21 9 -17 -16 0 -41 -3 -29 -6
24 21 -42 -20 -39 -49 -1 -1 4 29 46
-50 6 40 23 36 45 29 -14 -2 -39 6
27 -11 34 -25 -30 0 -41 -28 43 48 -19
6
-14 29 29 25 46 27
-25 27 24 -33 1 21
-50 -1 8 47 -7 44
-20 -28 13 47 -25 -47
-48 -48 -32 20 -35 22
-43 29 -49 -12 3 -45
6
-45 -25 -41 -44 -42 -14
-7 -37 1 30 9 -40
9 48 3 39 -35 4
38 -1 -47 -5 28 41
-37 -17 -49 35 12 10
-17 37 -41 -15 35 -17
11
-36 14 -15 48 29 -41 13 20 -10 24 50
33 3 -23 39 21 -22 19 26 -8 34 16
39 37 4 -27 -43 -16 12 38 44 -10 20
-29 41 21 41 40 -8 27 23 32 -36 33
-25 21 -7 20 3 -23 -15 -14 7 -6 0
-34 -46 22 12 48 -42 45 -13 -20 26 1
25 41 -18 -9 41 -30 34 -11 47 24 -6
29 28 19 -5 -49 3 -27 0 43 -22 -7
-33 10 29 31 12 -16 2 15 31 -24 17
-28 46 12 -7 -3 33 -40 14 9 -25 -32
-47 -21 14 -42 4 -41 -11 8 -47 8 -21
10
-14 10 24 -21 -39 -16 4 -18 35 17
-12 -24 -16 -28 24 14 -41 49 -22 31
42 -12 28 -6 -41 21 -4 -22 44 -40
-10 8 5 20 -46 -27 -33 29 -26 -2
3 -29 32 50 42 -35 -46 -5 50 50
4 45 37 -17 -25 -17 -6 23 7 -49
23 32 -34 -46 -42 27 6 -19 24 44
6 -27 23 39 23 -50 -23 -16 -27 -41
26 -9 -41 -16 -46 -11 40 -1 18 1
27 27 -49 28 -8 25 47 -13 -35 22
11
-48 29 9 46 -22 0 16 -14 -24 0 43
6 25 8 26 -44 14 31 -11 -35 42 -46
33 27 15 -15 -7 5 14 0 -4 15 35
13 -26 -29 -24 50 7 -42 -39 49 10 38
-24 17 -38 31 -7 40 46 28 -6 5 43
-24 19 27 45 -38 -35 -44 -17 47 24 -32
6 0 -35 18 -16 -27 46 -14 -13 48 46
19 -2 -17 -43 38 0 40 -47 0 -45 2
3 19 -34 -48 10 -36 -16 12 1 -49 48
2 37 -28 -4 -28 5 24 47 0 21 -31
33 15 -15 -21 -15 48 46 -32 -50 18 46
8
-23 14 -28 -18 -32 13 -22 -23
-15 29 -48 -50 26 -32 46 -31
-3 -39 47 12 17 -15 -18 -12
50 12 34 30 41 4 0 -30
-1 12 41 -38 47 -4 -29 -28
-46 -18 -17 -41 -42 -18 11 24
-33 33 -36 30 -5 -41 1 -13
-49 4 44 -43 37 -24 22 -44
7
24 11 37 36 14 49 -20
-39 39 -27 45 -4 50 38
49 -15 -32 -38 -29 40 -13
-46 1 -9 39 30 1 -44
-47 -43 34 36 -12 32 -4
19 -30 30 15 -11 -19 -39
-29 -5 -6 48 18 32 37
11
19 -23 -47 -12 43 1 -25 -42 -12 4 32
-43 -32 -16 -33 25 -32 -22 26 32 -49 -35
-27 19 -27 -50 -30 23 -35 -47 -13 -6 -23
28 -13 4 31 -13 25 49 -34 44 -10 14
44 42 21 28 35 35 26 23 47 12 30
16 40 28 22 -10 -20 0 49 39 -47 -7
36 -21 28 32 -10 -20 43 -47 -46 -47 33
44 14 -47 24 38 26 -24 -21 -50 23 39
29 4 -21 -39 24 46 44 -9 50 -14 16
6 49 -48 -10 46 -18 -41 44 -42 -40 -16
-8 -33 -47 6 -27 -15 8 33 36 23 -18
11
42 49 13 -49 3 0 -6 50 24 6 5
-10 44 -26 16 -20 -22 -9 -9 -41 21 44
40 -39 -6 10 47 46 -3 -44 46 -49 -30
-13 22 -43 12 -2 -5 46 26 -19 48 -15
-39 -8 27 -16 35 50 38 -26 29 -23 11
14 27 49 -49 5 31 21 -29 49 18 -18
35 -19 -16 -12 50 14 1 25 19 -37 -32
-2 -24 4 8 41 -19 1 49 1 0 19
36 -42 -2 16 5 -16 49 31 11 36 -21
28 -24 -46 -3 33 32 -34 -32 -7 45 -18
45 -46 27 -9 21 17 23 -37 6 -12 47
7
6 17 20 -10 -16 -42 3
0 -25 -33 -46 48 46 3
-47 29 -22 6 46 -25 -34
27 -9 17 -41 16 -20 -16
-40 -35 28 6 7 35 -33
48 -18 -14 -33 21 24 -36
3 44 10 44 26 -10 50
8
5 -40 5 45 -32 -40 -7 39
-50 -16 11 -6 -9 -20 35 44
3 15 34 39 -1 -14 -48 16
-15 5 3 -9 -48 23 6 -36
11 -42 -18 -22 42 49 29 -18
-1 4 -46 -13 -3 -40 8 -49
-23 -48 -7 -39 -29 27 -43 -4
32 38 -33 -1 -1 22 -43 7
7
-49 -22 -41 -32 1 18 16
35 -14 -8 -3 -17 41 29
-20 -17 19 47 -41 39 49
-2 41 -3 -4 -20 -20 33
45 42 -12 42 6 -6 42
-2 -27 42 29 -23 4 -43
30 -29 31 33 -29 -9 33
10
-27 50 48 -49 18 -34 -26 -39 0 -6
-11 -2 -15 -6 5 -29 42 16 35 -37
-36 -15 47 8 -1 38 25 0 -50 29
-30 40 35 -13 47 -5 -26 48 -23 42
-29 24 -21 39 -49 35 -6 38 15 -32
-48 3 -31 -12 -25 -39 -44 0 -37 4
36 36 4 6 9 -3 46 -11 -47 39
-31 -26 -48 3 -9 -46 13 7 -13 -32
28 -11 -18 32 1 19 -47 -37 47 11
24 4 32 48 -20 13 -14 49 19 13
7
-49 -1 -29 -32 14 -50 35
-21 -40 8 -21 -40 -21 -32
3 9 22 50 14 -18 -35
-1 -32 -39 27 -43 -19 -11
40 -4 40 -49 -3 -12 -37
-39 48 -50 -14 -42 2 -2
30 37 -36 -1 -19 29 -39
11
1 28 45 5 -45 -20 1 -18 41 -48 -11
11 -4 4 4 -36 14 43 -7 42 20 -36
11 20 -35 16 9 0 -35 -11 20 -21 -38
20 -1 -30 -14 -6 -5 -11 -38 12 -5 -1
2 -5 -17 10 40 16 31 -26 41 45 -24
-17 37 -42 33 21 30 22 -20 27 48 -17
34 -26 -41 -19 44 -21 2 -29 -31 0 17
-18 -33 -35 46 -10 -3 -14 41 35 25 11
-27 -2 2 14 31 -36 14 -29 32 34 -15
-4 30 25 24 -25 24 -32 -7 -50 -3 49
21 -25 -6 -8 -16 34 9 28 -1 -13 2
12
-30 2 -16 24 9 18 -33 -17 6 46 -14 -1
15 -13 -10 39 -32 15 3 4 -37 26 29 -4
-26 31 18 -32 -36 30 -35 -3 -11 -16 14 -48
-7 -35 42 -7 11 44 -47 -41 -23 -19 -28 -28
6 -2 -21 29 -30 16 13 -7 32 -13 37 -39
7 29 37 15 35 49 -11 -28 11 -4 20 4
-4 -6 9 -31 41 -37 29 12 -32 -16 8 28
14 11 4 49 -40 38 25 0 -7 -41 48 -29
-20 -13 -14 -18 28 18 -16 23 17 -20 -45 -24
-35 -39 34 -46 11 3 36 -19 50 31 -39 41
-22 -19 36 -5 -26 -1 4 44 25 -23 -27 47
-10 33 -11 42 -19 45 -49 22 -17 23 -34 15
7
-6 40 -22 20 -42 5 2
36 -26 -32 5 50 -19 -33
20 17 -48 -2 -50 -27 0
-2 33 46 16 -24 -24 -45
6 9 -46 7 -15 34 50
16 -45 -23 27 5 18 -47
14 -21 21 -35 -14 -19 19
10
-19 -33 -38 38 -27 44 -6 24 -38 -9
-3 50 22 -3 -40 1 -2 13 -20 39
-20 -24 39 -23 -44 -46 15 -27 20 -19
19 -12 -38 -8 7 -43 44 49 27 -10
-48 19 42 -32 -41 22 25 36 -39 -1
-25 3 -46 24 39 -8 10 6 -7 -18
45 -30 37 -36 -18 27 -11 -44 38 -18
-20 33 -50 20 -13 5 -49 1 -24 25
37 -33 -11 -24 -15 -2 38 33 13 11
5 41 9 7 27 -41 1 4 30 -9
9
49 20 -25 -24 -40 39 1 -33 31
-33 -4 -15 -43 29 10 46 17 -27
-5 -4 -12 -3 0 36 -45 38 -38
14 -15 -7 -18 32 -30 43 4 28
25 -28 -14 31 -43 42 -21 -22 -19
16 8 -10 13 31 27 -32 6 48
31 17 -36 7 -18 -14 37 -50 34
24 4 -23 -45 47 37 -46 16 40
-16 0 41 42 24 -8 -34 -2 23
10
9 -28 44 -16 -43 -33 15 -12 27 -23
28 24 32 31 20 -29 19 4 -37 -17
-47 36 22 38 33 -35 46 25 9 -42
6 6 10 45 38 25 -37 -23 -32 -1
-29 21 8 32 -8 28 -2 -39 -25 -4
-39 10 -34 -26 -30 6 -48 1 12 -11
4 21 24 -8 -11 7 35 41 0 -8
-9 -50 1 -7 28 8 -35 17 19 39
1 2 39 -11 -46 17 -32 -23 2 -34
35 -5 -23 -2 -49 29 -14 -27 -18 -50
9
-32 -8 -15 -18 29 48 -31 -3 44
-20 29 -8 -5 45 46 29 -10 23
-17 -41 15 50 -31 -44 27 -40 38
-23 -8 -25 -19 -40 0 -33 -4 2
-11 50 -34 -19 36 40 13 18 -49
13 -21 33 40 28 -28 20 9 -22
-36 21 -9 46 -29 46 -40 5 -12
50 -19 33 31 7 16 30 3 -24
14 -42 -10 11 -3 23 16 38 41
12
-8 -14 8 0 30 -5 -19 23 -45 16 33 19
41 8 3 -24 -2 37 -16 11 -13 -42 -46 -33
3 24 31 14 -43 -43 11 -3 -3 36 43 -32
16 41 -38 5 -35 -18 30 -1 -3 38 -37 -49
-32 -19 13 0 22 -41 -17 9 32 -46 -38 23
-42 29 -30 -32 20 -44 -18 28 -9 -47 -50 -31
-47 50 -37 37 30 -33 -3 6 -45 16 49 -22
50 -22 -13 15 34 39 28 -25 23 -45 48 10
19 3 -28 -13 18 24 -29 38 24 -5 8 0
30 -34 -44 29 34 9 17 -24 21 -30 -50 -12
-20 43 23 -36 33 34 19 19 -16 30 49 44
-17 42 -27 6 25 29 -42 0 2 13 -38 -12
10
46 -13 6 46 -25 15 48 1 -15 -11
4 45 -28 -45 -35 -28 -33 39 -23 50
46 -15 18 -36 -29 -30 -21 -44 40 16
-33 -37 8 -6 -29 -6 -18 -42 0 -48
19 32 25 15 2 -47 2 -29 11 -13
-44 16 14 -41 37 -31 -26 -50 -30 -48
1 16 -29 9 -42 7 41 6 38 13
43 10 32 0 13 43 -41 -46 -34 19
38 -8 -18 43 -20 -6 14 -36 4 -31
9 46 48 33 23 43 40 19 32 48
7
-41 -1 28 -35 -22 29 -13
-14 -6 -15 -31 3 -10 -22
14 -1 -11 -20 30 31 -10
27 8 8 46 8 44 12
-1 -14 48 26 -35 2 -50
-20 -14 42 1 -20 -15 3
32 -39 4 4 48 -8 23
9
50 19 17 -17 1 17 -5 2 -35
2 -8 20 3 -36 -38 47 42 35
18 -37 47 9 48 20 -30 -7 14
33 -48 40 18 -26 -1 19 18 -49
-4 -31 -21 17 -28 28 -16 -17 -36
-31 -36 29 -36 -7 -14 12 21 41
15 -28 -14 -29 23 12 -43 -1 41
1 36 -14 23 12 1 35 35 -38
-47 47 34 27 -14 47 -1 -50 4
7
-25 -41 -7 -3 -15 5 -42
17 29 50 16 -28 -29 46
-13 -17 43 -47 -23 -23 -40
-24 -33 47 7 -47 14 -37
18 -28 -43 12 26 -4 -3
-48 46 6 -18 45 49 -20
-9 10 -20 43 30 -49 42
8
-8 42 25 24 8 -36 22 6
-4 -41 32 -34 -37 37 -35 -38
-22 10 18 -47 15 28 11 -13
-12 -8 -15 -37 -33 9 27 38
38 27 4 -34 -27 -42 47 35
-13 19 42 19 21 -37 -34 29
-17 -45 -6 -9 -11 -18 34 -27
-9 -38 -50 -15 25 -50 35 48
6
16 -11 -39 12 -30 -20
-39 38 43 41 -10 -22
-26 16 8 -45 -37 -38
37 -22 39 -3 35 -20
25 40 32 0 40 -8
-46 37 18 9 -10 5
11
-10 45 -32 2 -46 16 -20 -37 25 49 -32
45 17 0 -1 29 49 -47 -45 -9 2 -7
-1 31 -11 24 -15 42 -49 34 29 5 40
15 -7 -9 23 33 -4 30 43 -44 -6 -31
45 -32 -27 -14 47 -41 -2 42 -25 4 28
46 8 -19 -50 -5 40 -48 -18 -10 -18 48
-27 27 -32 -5 -27 16 7 29 24 20 49
50 25 24 10 26 40 25 -19 -31 -45 -1
-13 21 33 48 -39 -5 27 -17 -15 10 -13
33 44 14 -21 35 37 -24 -14 23 -28 32
-36 -3 -48 -27 -17 -28 26 -1 -6 -35 23
6
14 29 1 -32 39 2
-32 -48 -35 -49 34 -18
43 -43 -22 13 -50 -8
0 -48 -41 -33 -23 1
27 16 -38 5 10 29
-48 -45 -19 -38 0 11
8
27 -7 -20 37 32 -32 -29 -40
-20 45 45 -27 50 -2 23 29
-17 -9 -9 -21 -28 -16 13 -2
-3 46 23 -26 20 11 19 45
45 43 38 -31 -47 -15 5 -1
-8 -42 -31 36 -18 34 -6 -28
4 42 13 41 -6 5 -9 -40
-28 50 16 -2 0 -47 -6 5
10
23 -1 -13 29 -25 28 -43 -26 43 29
-38 -5 39 43 49 32 -14 -29 -2 -17
28 -10 -10 20 -46 -35 10 22 17 37
1 -48 -32 -14 18 -42 -2 22 32 4
-17 30 -7 5 1 -45 15 39 -15 45
21 37 5 29 -22 -19 1 49 -41 10
41 -30 34 -14 -46 -37 -4 2 -49 2
-23 36 -5 -37 2 -41 -47 -5 44 40
-49 20 -21 5 24 17 37 13 -11 -8
-44 31 48 -33 -47 -48 -8 -1 -36 -31
12
-15 -37 -8 -3 6 -50 -38 -4 39 44 33 24
-10 -28 22 -34 -28 -15 17 -6 -13 -41 -32 -38
-7 -33 1 28 16 38 -5 22 -50 -10 29 28
3 41 49 -11 -14 23 32 14 -35 6 -47 -41
-27 -20 -9 -3 -40 -44 11 -18 0 -37 -8 -9
-23 15 11 27 5 -40 -25 -42 47 -35 -37 13
-35 13 18 35 -30 39 19 22 49 -16 -3 -27
-5 -9 -46 -12 37 -38 -9 14 2 44 -11 25
-48 33 -38 -4 27 41 -23 -8 38 32 43 -49
-27 -38 -11 42 -8 -2 23 -21 -13 -3 -39 47
20 13 -17 18 42 48 -8 -10 -23 17 29 -3
16 7 12 9 -7 -35 38 -16 -20 26 -4 40
7
-40 -34 25 -22 47 -42 16
2 -25 0 -46 -33 -30 34
-26 35 -38 16 -28 -24 0
38 24 -36 13 6 -20 -28
17 -45 -43 -12 13 45 24
50 -42 2 32 -7 11 35
6 -5 -4 -28 -39 -5 -11
10
-47 43 -19 -29 -40 31 -21 33 42 -34
28 -12 -10 1 -42 27 31 -48 20 2
-5 9 47 30 34 5 28 29 12 -22
47 17 -14 44 -34 -30 14 0 -44 -42
-24 -26 -4 32 -26 -1 -22 -4 40 -42
-44 33 4 45 31 -28 -3 3 22 -29
-48 13 -39 -35 35 9 26 -7 -18 -14
5 15 -6 -38 -35 2 -42 -39 36 -42
0 -25 -18 34 -42 -27 -34 -41 40 14
44 39 -1 28 48 -33 38 -29 2 31
12
50 -39 7 -17 -44 47 -37 15 36 24 22 -48
-34 -49 35 42 -3 -39 31 25 -38 8 -33 31
-15 28 -22 33 38 12 32 -50 11 -33 -46 -9
17 13 -16 -37 43 -2 13 23 -43 47 14 16
32 -31 44 -16 -38 46 -6 46 49 -6 -17 1
1 -25 -5 -20 -37 7 26 -25 25 3 12 -5
-33 -2 -39 -11 -49 -44 -24 41 -28 -15 -49 24
-36 -17 -9 0 29 31 -43 6 -42 -23 -7 16
-8 4 -30 -45 -15 12 30 -19 47 0 -49 49
-16 -28 -49 28 -2 36 31 40 31 -41 -9 -12
-15 -43 18 -7 5 37 -22 -4 -10 44 -22 29
23 4 22 -16 -49 -50 -13 -38 -29 30 -47 -19
7
-13 21 -42 15 3 -1 21
-50 -39 -49 3 -39 -10 -34
43 20 26 -45 -47 -13 -1
-8 17 -10 -6 -25 24 39
42 34 -26 17 -30 -9 8
25 -45 11 43 34 1 -39
-21 26 18 31 -22 45 10
