50
14
-75 -40 6 -62 -58 8 -4 76 -92 86 60 82 -90 -18
8 51 90 79 62 -66 22 -25 -43 -66 -19 -17 -36 -43
11 -92 30 -96 -97 -38 -72 40 26 14 45 -3 46 23
-59 -92 36 78 -62 51 81 49 63 -66 56 79 -80 39
46 65 -18 42 24 -77 -57 -76 87 65 40 -5 -58 -81
-24 -30 21 -51 -64 85 65 -45 15 -54 -78 77 51 84
61 79 58 -41 -60 -48 -99 100 83 10 -24 24 13 -61
73 95 -1 -81 -43 -82 -71 67 -54 -75 86 1 8 -15
89 8 -71 -93 -20 45 -56 8 -67 -41 -39 -20 -51 -46
-9 -62 26 23 57 12 30 -25 -90 -10 93 100 91 84
54 -13 58 69 -60 -98 -9 -73 43 -61 -16 14 -23 49
-40 51 76 92 -17 -9 17 62 -95 67 56 78 41 75
56 19 -98 -46 70 10 -23 -93 60 81 -96 16 -93 91
-83 32 72 61 11 -19 22 25 69 -29 -53 51 -12 69
16
-75 -10 -69 74 93 -87 29 -11 -17 -13 -4 -35 95 -55 -78 100
-12 78 -1 -27 -74 48 -59 -24 49 -23 36 -37 -89 93 -67 -62
11 62 -10 32 -59 -61 44 93 -37 -68 95 20 79 -18 23 39
66 -61 -97 23 -42 37 -41 -86 50 46 -77 -73 11 58 -25 42
-62 -98 88 -74 -21 -62 -83 96 -10 -6 59 20 -86 -34 51 -81
8 43 -6 -99 30 52 77 6 -77 -35 -100 -82 94 -44 35 18
28 34 -28 -37 -64 -86 35 87 -78 63 -30 18 81 -65 36 63
-71 3 17 -45 39 -41 23 36 -20 15 82 -97 -78 -64 25 -44
-49 -94 -3 -56 9 17 63 3 -21 -89 3 55 -81 -32 -88 32
69 -81 81 13 -84 61 -97 -14 -55 -15 70 37 -53 74 -50 69
-79 -1 -43 34 74 82 -88 55 -69 -8 -77 -23 13 26 -34 -36
-66 69 -46 73 -78 -23 15 -85 -97 98 77 8 -41 -70 2 -20
80 -10 2 -25 -67 -65 16 45 28 -26 15 -68 76 42 -6 66
-34 -96 16 18 -39 82 -65 38 41 -99 87 50 63 -48 -42 32
79 84 -70 -21 -22 -100 60 66 99 -80 57 0 33 -94 -98 -16
-61 -10 25 -60 34 23 14 58 60 -18 28 58 70 65 -45 69
20
-87 -100 53 46 -54 77 -77 22 20 78 -66 13 -22 1 -41 -43 -37 -98 53 87
66 18 89 -83 -44 88 36 -63 -97 49 -61 -27 25 7 89 -36 -60 39 -46 19
32 -30 2 -61 91 -92 76 -42 31 -29 -17 15 -25 3 -100 -36 -100 -68 -1 -78
29 -77 -98 -34 90 98 13 -44 -99 89 -25 11 -100 -68 61 -56 18 -86 -57 72
-96 94 95 34 11 -2 84 79 -17 -1 71 -77 81 -60 10 30 68 63 -26 77
41 -76 3 -80 -50 -14 -49 -50 -26 86 -40 2 -47 -11 -71 -10 -38 -21 -52 -70
-82 -69 81 45 -14 -83 77 -76 -42 -51 -2 24 27 2 -23 -90 58 1 70 94
-71 96 88 -47 20 -99 -71 85 -52 51 40 -2 -26 21 24 -27 90 -97 -8 34
98 -45 92 -97 -98 80 0 71 66 67 79 -59 -72 12 35 45 -23 14 -42 4
-37 -18 54 -100 -43 54 -65 -56 -84 -97 20 -35 -54 92 2 -37 -60 -34 -34 -74
1 2 -66 -95 -33 69 -94 -97 -62 26 97 -91 81 35 16 -78 -99 11 -9 93
48 99 -83 33 32 -57 60 -24 -2 94 32 39 80 -99 -78 -90 -69 25 12 15
76 37 -34 -7 35 -99 -58 -81 13 11 -74 77 78 30 31 -61 -11 -64 -31 -65
28 -42 -23 49 73 73 91 -58 86 -95 -45 -25 97 6 -29 92 18 -26 100 -73
-19 -33 8 25 44 -31 -31 -23 25 -32 -14 -16 -60 32 -23 -25 53 -54 82 -68
2 -37 -76 -68 -5 -74 61 35 66 8 98 44 18 33 -36 99 -2 -75 12 72
-7 -95 -31 16 -75 -3 -59 49 22 47 -23 89 2 -90 -13 -48 -21 41 98 -16
-90 -24 -40 -41 16 -15 -62 -92 -4 46 -41 -63 23 39 -31 -17 30 21 -75 41
-37 23 -81 22 -3 -16 87 -80 -6 -93 48 -2 -54 -87 -24 -33 71 -65 1 28
76 -50 -91 17 99 75 -25 32 -83 24 46 -14 86 -86 -82 -34 -33 -8 -73 -4
15
0 -96 -3 32 10 97 25 39 71 28 -11 20 -29 85 -58
-18 58 26 -80 59 -3 4 -92 -58 0 59 -93 -54 -54 78
7 -22 13 75 -9 10 73 76 34 -13 -31 55 -38 -41 4
-94 44 61 63 23 -88 41 -96 54 77 -15 -64 16 -16 -82
3 76 -98 20 13 -3 -39 70 -29 53 76 -9 19 32 -98
25 -39 -74 55 -31 92 47 69 15 91 5 53 91 -83 97
41 18 76 -48 -6 -19 69 -35 15 76 66 28 94 62 75
-77 -58 -47 18 4 89 -68 12 -65 15 17 -35 39 -1 -57
91 -9 -63 -87 -52 38 59 -18 84 96 -65 84 80 -50 -54
53 -55 24 -31 -7 -30 45 71 59 -3 78 15 -88 100 68
97 -16 -71 -7 70 -50 38 89 -30 88 -45 6 61 -53 53
-27 -32 -72 16 50 -49 -59 3 -94 78 7 63 32 41 -80
100 63 -11 -21 -100 85 78 71 -7 -93 94 -53 10 78 -55
-36 41 -70 60 -9 16 -62 -86 -37 20 -2 96 70 -87 -36
-94 3 95 -57 -41 -98 -48 24 -66 -65 6 43 90 28 2
19
51 -48 -49 -91 1 -80 84 100 -11 44 37 -42 25 -71 -82 59 -55 54 85
53 -62 59 -40 74 31 -95 77 27 -78 2 -15 84 91 -65 87 -100 -76 91
47 35 55 28 66 -27 100 1 71 -32 -28 8 -59 -29 73 -62 -71 13 37
42 -32 2 -68 -36 -6 84 10 88 96 -43 -59 97 -46 -83 -19 41 -22 -62
-4 -76 -47 97 -35 90 -90 -94 -77 -29 26 -50 -86 -43 79 59 18 -4 70
70 43 -49 21 -11 -27 -26 -49 38 60 59 68 -17 -75 18 -21 82 67 66
8 71 90 -32 -1 -11 -44 72 46 76 77 -83 13 -73 21 54 23 -63 43
66 -79 -62 -83 -87 -32 22 26 91 -95 -52 93 98 -92 99 41 60 86 57
-63 -22 -86 39 68 35 -26 94 59 -90 -1 -65 49 64 89 -38 -72 -100 -70
90 12 -15 -85 -44 -93 -25 93 -42 83 -22 -68 51 8 56 22 -18 43 -2
42 -100 -11 75 19 -79 15 -60 -5 -27 -30 76 23 19 28 -78 -45 1 88
84 0 -66 89 -86 -55 80 7 75 -28 -84 82 8 64 -14 -3 -6 -22 -60
95 -12 -92 -17 31 55 -6 -27 -42 -43 -65 -26 68 -17 19 -37 5 23 -62
-85 99 84 94 13 72 -3 -1 30 -77 9 -52 78 25 82 39 84 -37 65
75 95 27 45 99 65 -95 41 -33 -68 18 -100 -21 1 -66 -83 -8 25 75
-33 9 -43 17 -94 -76 -45 99 35 -27 -77 58 -1 -44 -20 -45 -1 -1 -26
-65 -39 61 -67 52 93 -76 -24 -37 10 39 57 -27 -38 88 19 -23 -87 -66
-99 -72 -39 6 -93 -36 13 -38 -88 -29 -6 -15 -99 -45 -85 -14 -85 2 -20
15 -73 94 42 25 90 -83 97 33 66 67 -9 75 -45 -35 -77 58 -18 -9
11
-20 -87 18 58 -84 63 66 -33 79 13 61
-67 43 50 20 -19 81 21 -57 89 -10 35
-30 80 7 28 -75 31 -58 -28 33 -7 68
41 84 95 88 -60 -96 56 33 -42 -89 -54
48 51 48 -12 26 41 -8 51 29 58 -44
-84 23 -88 -88 -28 69 -50 -62 -6 -60 3
4 68 22 29 29 -20 79 -69 -72 -1 49
-61 70 -16 48 -81 7 -97 -83 86 100 77
67 13 -1 76 61 -47 93 -8 72 11 -28
-37 -68 -31 25 -84 -7 -53 -1 82 -97 -6
-45 -26 55 22 -43 -17 -31 10 -100 51 -50
13
100 15 65 37 64 -93 13 -90 -69 85 -60 -29 50
58 7 4 62 46 -64 19 47 7 -40 -41 87 30
42 73 61 -71 -87 36 25 53 27 -51 50 25 -86
63 37 83 40 -31 -26 -94 67 -80 -77 26 -96 64
72 27 16 -65 -99 -50 -7 -76 6 66 99 1 86
65 -66 -36 -31 38 27 23 72 -61 -2 55 62 40
32 -14 -84 7 -29 -59 10 23 75 -95 38 -35 -31
-5 -50 80 -78 27 5 82 62 -64 -71 96 67 -95
72 34 -36 77 -15 -85 -48 -42 92 -37 -63 46 40
22 35 -59 29 -97 5 -86 28 -78 -10 29 28 17
25 -49 -1 41 -70 52 100 47 77 79 6 -17 35
-79 -65 23 -18 -15 96 -85 70 33 79 -31 -20 59
41 16 42 -38 -49 26 -24 54 -98 -32 -37 32 42
11
-35 -41 3 -91 -61 -53 16 -33 -88 -31 43
-55 90 33 98 65 -59 -33 86 -78 -8 10
0 -36 -88 48 -4 -12 30 -20 -30 7 6
-52 -5 -81 81 -89 -31 79 99 8 -13 63
-46 98 38 80 91 70 31 79 -89 51 -33
89 57 -91 -20 42 -100 80 -13 -1 42 -95
-22 6 -40 82 4 -70 -3 23 40 -60 -2
85 -52 71 92 -31 10 -1 -33 83 7 -65
19 69 -1 81 10 -54 34 12 -82 -51 -45
7 -46 85 -41 -65 84 -17 19 21 50 -45
-37 51 96 -1 14 -8 -90 77 -41 -64 -19
17
58 -44 -53 70 -13 30 1 86 71 -54 -39 41 40 -98 -17 -57 -87
-19 64 -73 -94 -9 43 51 4 -17 -3 -19 -44 59 49 -2 28 93
-15 11 -65 -63 -8 37 11 79 -40 13 -14 53 13 56 -65 -16 -99
22 -90 91 -27 -96 12 37 -51 94 -23 -74 -89 47 -43 -5 -61 -61
48 68 -24 -54 -24 39 76 -61 77 22 48 41 72 82 -86 -51 66
100 -98 74 6 -10 6 21 -73 -22 -94 -23 -22 -26 -20 -17 29 74
-22 31 -88 92 -69 -90 31 65 44 -13 13 -69 62 -40 -42 88 5
-5 -49 -1 -14 -11 27 39 4 -64 100 5 -5 50 -93 -25 -62 49
78 -77 32 -24 -51 -1 -73 -68 45 -67 28 -11 27 30 -94 -20 69
-38 -41 40 55 77 -7 -99 -64 -67 -33 -29 55 -49 -68 -35 -38 -56
11 33 2 3 -88 16 -39 87 -27 -26 -46 -27 -21 -69 6 -13 -30
53 70 -3 -84 84 -87 -37 40 -85 92 -10 49 22 88 -2 -4 -57
-23 25 -77 -77 11 -82 97 7 -94 -38 -39 71 -51 7 -71 92 -3
1 -44 -93 89 57 22 71 55 55 -14 11 42 31 -38 -42 76 89
-65 -37 -53 64 57 84 -38 32 -55 58 37 42 -26 -54 -34 36 59
21 38 99 74 -94 2 16 93 20 -75 -77 69 -38 -86 80 80 -12
40 -91 -26 -29 28 43 -62 86 47 63 -14 -35 96 4 24 -82 27
11
41 54 -29 -89 9 -95 35 -61 37 -31 -45
98 48 19 30 18 73 90 30 -23 -48 -10
-72 80 -51 20 59 -27 -72 -45 -48 37 -51
32 86 74 -32 -96 -17 91 25 83 44 21
-53 -34 10 -96 -96 71 -70 79 -53 47 -50
-2 24 -21 -93 -62 -66 59 19 -80 -20 -42
64 -41 55 -1 -91 -80 -74 -35 -5 42 -23
64 36 26 -57 -17 56 -65 -70 28 6 83
43 93 44 -39 -96 -64 -76 -5 30 100 -5
-70 58 -88 -17 82 93 50 -58 87 -68 -73
71 -58 -65 98 -32 -50 80 9 57 -59 -2
20
-33 98 65 33 -95 75 -45 95 6 -62 28 35 33 97 -97 63 76 12 48 -16
-63 17 -20 -22 22 -32 67 4 63 59 76 35 -91 99 4 69 37 79 12 22
100 44 -88 60 51 27 -40 16 33 31 -75 83 -15 100 -43 11 -57 65 -77 75
44 -3 -9 11 71 5 -21 -14 -93 -57 -63 -66 -70 -14 -70 63 82 63 74 88
-51 76 -61 17 73 54 -38 78 26 21 42 31 87 90 -41 -14 2 23 18 -35
-85 -33 -16 48 52 -22 39 -32 42 -4 17 27 88 70 83 -33 86 -23 -6 92
-26 45 -48 15 83 26 21 82 -79 -53 98 100 -32 -17 42 -82 -42 -5 29 32
-26 -49 -32 -7 -11 81 -85 -18 70 -89 -7 -38 35 -7 26 -92 -33 40 -16 53
-21 -52 96 74 76 -24 -27 33 -44 -79 -34 74 12 26 37 67 -51 62 25 -59
79 -15 -31 19 -70 5 53 40 -34 -21 93 81 -29 55 -46 -29 -13 70 82 61
19 -37 -9 -95 57 -47 51 12 -94 -59 28 -90 -71 26 47 -12 53 99 32 -67
-96 83 -49 48 -10 -64 38 -64 99 79 -68 -94 14 -88 -79 91 80 13 -83 28
-59 -75 -78 -25 28 -10 44 84 94 -17 43 -9 -52 -59 -76 -41 78 56 -48 -72
6 20 -93 -10 -64 72 1 27 -12 75 -52 -24 -50 -84 92 -15 46 44 -34 -31
-90 -71 -100 94 -23 -35 54 11 -40 -54 55 80 38 -60 -94 55 51 -71 -11 -32
-34 91 90 -36 48 -26 55 31 76 -94 3 30 24 -87 -37 -75 -7 8 95 82
-80 11 30 -70 9 60 -84 41 -25 -81 -70 -42 -27 -1 58 96 -82 -55 -82 -50
61 -5 63 -96 65 38 93 6 -45 44 -44 12 -66 94 78 -42 41 80 3 -93
-100 -54 46 100 53 -41 83 -66 17 18 -61 -40 -88 49 23 -72 59 4 -1 -76
14 84 -68 -53 78 -56 30 78 -45 -96 47 6 -26 -15 -27 -33 -17 52 -98 28
13
-1 91 -1 53 98 34 -85 -99 26 -85 -53 -98 -65
-97 23 -82 84 50 68 -66 -29 22 -33 77 -15 -27
-39 -1 -99 50 -97 33 -68 -83 -70 99 -23 -6 17
36 24 -25 55 -98 -32 71 44 -83 24 71 79 -96
42 -60 45 28 1 -38 69 91 24 68 55 83 54
-14 40 75 -3 -24 59 -4 -66 7 -35 8 -40 -64
-40 -97 48 75 -38 -52 65 -36 -98 93 -75 21 89
88 20 91 94 90 18 -12 84 -92 90 36 -62 -63
16 -22 28 17 -94 -83 27 74 60 -2 -22 28 5
-52 84 70 45 72 -61 55 -62 -49 -6 32 97 8
-65 -59 -17 -22 -50 -84 91 26 -59 -38 28 -77 -96
97 -42 -13 -20 -8 80 79 20 -5 2 45 93 21
86 -8 94 23 -74 -95 33 18 59 58 -25 66 -32
18
-83 -68 88 73 -46 -96 63 -68 51 -46 -88 5 -48 73 97 47 7 -84
20 -53 -4 85 83 -42 36 -26 -74 95 -70 56 -4 -63 -42 -54 61 -62
76 35 89 100 62 91 56 -28 58 -56 98 21 73 94 41 25 15 -50
99 -31 7 87 42 99 22 52 29 -69 1 88 -7 32 25 -47 -8 -34
-98 86 -18 83 61 70 -72 22 -95 -22 -52 5 4 34 34 98 -71 13
88 -99 77 5 -41 72 34 18 64 56 57 82 -40 -27 26 -51 79 -65
78 -52 77 34 -14 77 -74 -81 68 33 15 -50 -47 53 -98 93 -65 40
91 -45 71 51 -22 -41 50 10 -62 -20 57 90 -52 56 -89 -56 -12 -65
-99 35 -3 -56 -95 5 89 13 -69 -100 48 59 -86 98 -79 -98 -38 -65
25 85 -70 59 -90 74 -6 -38 -86 67 70 10 59 -62 97 35 87 -17
11 -66 60 -29 -57 92 -61 84 76 94 -37 -75 -77 44 -16 -61 -100 -21
-37 72 74 -83 61 54 70 -55 -2 23 -25 66 40 -34 47 -75 -72 10
-1 18 84 22 -98 -31 20 72 10 -16 -15 19 2 18 56 61 90 -8
44 70 -20 -36 -5 2 -23 47 -26 -50 -76 -95 -78 21 -92 27 -11 35
-33 -53 -14 47 13 21 59 57 21 -90 1 39 -64 0 15 14 83 36
-91 -47 -47 -96 -75 72 11 20 87 -22 -71 -64 31 -64 16 -12 -38 -1
90 -28 -92 33 -39 12 -45 49 98 -79 -34 74 -22 58 -41 -85 29 -99
-38 1 -90 92 -44 -83 2 -5 94 -50 -90 94 42 -5 -64 -82 12 21
14
47 -11 82 -8 -25 16 13 35 94 32 -79 -83 62 -14
13 29 99 -23 20 -48 -81 -28 -62 -69 95 -80 83 35
-25 -21 70 -99 54 5 -59 7 -1 55 75 -7 -21 -75
-26 83 29 10 30 66 -88 -30 76 -55 6 -75 99 -32
3 82 69 -70 40 -18 37 -23 57 88 -82 -65 -100 -83
-2 -1 35 32 37 -33 55 21 -81 17 39 51 -74 93
24 62 -41 -60 49 67 75 52 -35 99 -87 31 -9 -37
5 52 -73 -83 59 100 -94 -46 3 48 14 7 18 51
-91 -30 22 -59 -58 -91 -12 12 12 70 -67 -10 -74 59
37 -95 -47 -55 59 -86 -42 99 -8 -8 39 -45 63 19
42 -3 6 73 76 -91 -77 14 11 11 18 60 75 23
-63 -100 -63 60 -78 86 87 -36 16 71 -59 -71 48 -61
-61 -61 -83 -77 -14 15 -30 -31 36 -37 51 -27 5 100
19 -86 56 -59 -37 26 82 -23 25 22 23 19 23 3
12
44 -7 -22 29 95 -60 -14 90 28 23 -5 48
14 -87 91 54 13 -60 -49 -34 -53 10 -78 78
-78 73 64 18 -79 -100 3 -21 -66 55 32 -66
-13 -95 10 92 28 -17 67 -11 67 57 -9 -49
43 -65 27 28 44 93 54 84 -71 57 35 -42
-93 -100 27 86 67 -66 -20 67 1 -5 35 63
-57 95 54 79 33 -89 -33 -10 88 13 94 -67
94 -8 60 90 -11 19 -76 34 -74 -83 -73 -92
72 -5 98 -86 -9 -64 -94 1 25 -86 69 -2
-54 -95 16 96 56 39 18 21 50 31 -76 -3
100 -22 56 -42 -97 89 -14 58 -16 74 88 11
32 -2 26 42 3 -15 41 82 -36 -25 10 -65
18
97 -9 39 -50 -72 -61 -99 -100 -5 -75 93 39 61 -83 -3 -52 30 90
-52 -76 49 0 -1 -22 77 -47 -58 -86 -56 35 32 -58 54 -34 -49 98
95 -11 38 -25 -1 6 84 -64 -82 -63 81 -70 -61 69 44 -26 -11 3
-48 -6 78 -79 -61 40 -59 25 -12 6 14 19 -21 61 -97 -3 -73 16
28 -96 -43 49 73 5 61 39 -88 -79 56 1 -46 99 11 -54 97 -34
0 -22 11 -51 -56 -38 87 -41 71 -83 -51 34 -49 -8 90 86 -62 -17
53 88 2 36 70 -2 86 42 1 16 18 9 21 62 -63 -21 61 -70
18 9 -30 36 58 25 -50 -61 -65 76 16 99 -64 84 86 65 70 48
78 82 -17 -86 -52 -84 -71 36 48 -100 35 -92 99 44 -24 32 54 64
72 49 83 -74 -32 46 -76 -85 -28 -11 49 -8 -68 13 -14 -42 12 66
55 -17 -84 -78 -60 30 3 83 -93 79 -43 27 -31 29 -11 13 68 -11
-58 13 92 49 -37 -2 42 -9 -26 -54 87 39 -96 -10 43 23 -29 28
-44 -2 74 89 -67 84 -60 47 18 69 -24 34 -77 -90 61 89 -98 -25
-24 -11 71 97 33 49 -29 67 96 90 77 -89 -25 -24 68 -81 25 97
-89 -25 -24 -30 -87 21 -65 78 -25 67 30 -23 36 -17 81 78 -9 48
91 17 -25 -47 -69 -33 -33 44 22 37 70 -91 -87 -29 -42 -10 -12 33
-45 -38 84 -24 -97 -82 -82 51 91 11 -63 -84 -10 14 52 -30 -11 -16
60 95 43 44 1 -4 93 56 -28 -10 71 43 -28 12 -79 -91 -68 89
13
-72 -11 89 -8 -4 55 87 -71 79 54 86 -69 -59
87 36 64 -16 97 -6 10 -50 -9 -84 -39 -16 -56
-48 -57 54 -14 -87 -41 49 -18 37 86 95 -60 36
11 71 57 18 -34 52 -85 89 -12 -82 42 58 86
38 61 -5 79 44 -34 -26 -23 49 -80 39 36 -24
-11 -39 66 -90 -9 -61 -84 -71 41 32 -7 64 37
1 -66 -31 93 99 4 -66 27 -60 97 76 92 -2
-25 86 0 -92 -20 -40 99 -35 87 79 -41 57 55
26 69 -78 64 12 -26 -44 -79 -32 27 -33 -16 -95
15 21 2 -4 30 -19 20 28 52 75 15 87 84
-95 -85 78 -48 67 -33 -100 29 51 80 34 50 97
-36 69 100 45 -4 19 12 71 -21 -98 -9 -49 -27
-30 -58 73 -75 3 -14 9 59 23 65 -100 -48 -50
15
-95 -47 93 -26 -54 -29 22 43 12 -33 84 36 -30 21 26
34 -80 68 -15 -76 38 -66 -97 -28 -81 84 -88 -8 11 78
-26 37 64 -24 -48 -70 -5 -69 -51 14 -100 77 -71 -81 -67
-15 39 64 -100 74 -35 48 -42 -42 -94 -39 -3 43 -12 98
92 11 -84 69 70 -54 -95 -7 17 -7 85 7 -57 34 94
60 83 91 -89 -34 63 -10 14 -59 -19 -98 -94 -68 -16 -29
-8 -77 68 16 62 -30 66 -58 -43 -48 42 32 -76 -98 19
81 -47 -85 -53 -98 -34 -4 -17 29 -58 75 49 1 -47 -100
-35 -3 -3 -96 94 8 -4 35 10 67 100 32 -5 92 32
-96 -94 -74 -19 -41 -45 -59 -98 31 63 -88 -87 -9 75 29
74 28 -94 13 55 -18 -26 -86 -22 -99 61 74 -13 -7 -1
-34 -2 50 89 48 -83 99 -2 -5 -82 -41 53 64 -59 42
-6 -15 -68 -10 -42 65 60 -91 23 22 -65 80 78 -49 37
35 -2 13 -46 89 32 -49 11 -54 -35 -58 -40 89 22 -13
40 -21 83 -6 -72 -17 82 34 -18 99 -26 77 45 -25 -71
19
40 62 -44 -18 -75 21 -95 -98 31 88 -6 -14 62 60 -69 84 -85 84 24
-78 -27 52 42 -21 -74 96 -22 -52 37 18 -32 -77 74 24 12 -43 58 41
44 -74 -28 2 -85 -68 -22 -72 11 -64 -99 -95 84 55 37 -37 -45 21 -2
-52 -72 -67 31 -15 96 81 -55 -69 34 -4 -89 72 24 0 41 17 59 -29
-20 79 -59 11 28 -51 -38 -40 42 34 72 -29 51 81 95 24 7 -91 -51
-86 -20 -56 -87 3 66 -62 -90 -59 75 -16 90 -47 -8 -79 -72 37 -8 -19
46 69 85 90 76 17 -91 -33 -68 90 78 69 72 -42 87 31 1 27 98
65 71 18 -10 -41 -28 51 -41 13 67 35 -43 80 3 -71 8 -7 30 -32
47 39 81 28 -4 -62 -21 -71 -54 -5 -30 -46 -62 9 38 -86 98 -69 27
58 14 -59 -99 4 83 25 -68 -73 26 -53 -78 81 52 70 -94 97 19 34
-10 7 47 25 96 47 62 -28 -18 -66 -9 9 -33 19 96 -47 -97 24 -83
5 -3 68 -46 -88 -25 -61 91 -49 32 -13 -19 42 -36 -97 74 -24 19 98
28 15 79 -21 -88 61 31 98 -90 96 -40 36 52 8 19 -83 69 -5 77
-1 -96 -58 -36 -54 -8 31 15 -74 -27 83 -72 74 -1 -44 -42 91 77 43
0 54 52 -88 93 41 -71 -37 73 78 -82 16 82 2 20 66 -30 15 8
65 0 -26 9 63 -41 10 1 -5 -69 -43 86 -74 93 -7 -80 56 18 12
-42 -68 61 -67 4 -55 -70 34 76 41 -73 33 -45 59 86 -56 -43 -29 -92
83 15 96 24 37 80 43 -3 34 -90 87 31 -33 6 -38 57 -39 -4 50
85 -51 66 29 -72 -57 58 44 19 -100 70 -72 93 -69 -85 93 9 -37 77
15
91 97 -97 -6 -35 -36 -63 79 53 -38 -80 59 36 23 41
-92 36 -78 70 -91 -48 72 87 -82 -14 -56 3 -96 82 -84
53 29 -42 23 -12 -80 80 98 -44 11 -31 -42 53 -40 -50
-70 21 71 4 97 -65 -43 -74 32 80 68 -3 -83 13 86
-20 12 -63 -6 -44 -98 -72 28 -87 -19 81 -86 -37 -54 40
-78 -59 85 43 85 99 -14 -96 55 -21 -73 23 87 -52 -82
68 77 59 -34 19 53 2 -48 18 75 77 8 -84 78 2
-96 48 41 100 94 51 20 60 21 -80 -80 -43 -40 -64 73
-88 -37 -80 -6 -14 -57 -88 -61 -73 43 42 12 39 -38 93
14 53 67 -1 -49 40 18 10 -44 -67 14 76 -37 -33 80
69 -15 -39 70 77 -32 -14 32 -5 -99 -23 -8 48 -86 28
71 95 29 39 -60 -15 42 -45 -2 85 -27 -70 -73 29 -7
13 63 -88 -68 97 -77 -100 -30 -27 -95 -19 21 13 -11 64
65 78 85 61 -87 58 68 3 79 47 -5 87 -98 28 -21
-53 -55 -83 -95 -55 95 38 -33 55 -29 -25 5 -10 73 -92
16
-82 22 53 88 -26 -71 -97 14 -30 91 -95 -77 -82 16 -66 74
60 -68 -22 -17 27 88 -44 -48 -31 -53 98 78 27 -41 16 38
-65 34 18 82 73 36 -7 38 42 -69 -86 -73 30 58 51 -20
51 -82 53 -33 85 -61 31 20 79 97 47 -86 -80 45 67 27
-55 -24 62 60 94 -66 85 -63 -75 27 -2 -84 -13 -67 -70 68
79 3 99 90 30 -2 -63 37 -5 35 67 79 28 -71 -28 82
43 -11 35 47 1 -35 -94 -76 -35 67 -88 -73 -85 3 -46 18
-24 19 31 -47 10 2 31 11 27 -32 21 -48 -68 -17 50 40
69 14 53 78 44 48 94 48 53 47 -42 57 54 -45 81 47
42 33 -21 -79 -63 -94 53 -62 -26 -40 15 -17 -17 -23 -92 52
82 -79 -88 1 -26 44 29 51 -27 -71 52 46 -90 -41 -7 -16
97 -70 -73 86 -48 39 -23 -35 26 -68 -83 -13 41 35 -20 28
-68 43 -40 67 26 60 -89 62 54 8 -72 87 -32 -98 -42 -71
57 1 44 -46 -49 97 -65 -4 -50 88 -10 -49 -94 -54 -28 42
-15 -46 24 -96 -75 -74 8 -32 -64 12 100 -79 51 27 -78 55
2 37 -75 78 63 3 -91 -58 27 94 -82 -18 -59 -41 42 -5
12
80 -2 -100 -77 -70 -61 23 -6 100 80 33 -52
45 45 -41 89 18 -52 -2 15 79 -21 -99 -92
62 -21 -65 -39 6 -57 21 51 7 -11 -12 -80
-66 -68 -43 -66 -4 79 90 2 -16 2 48 -30
-60 -15 -37 -64 84 -85 -32 -70 53 18 68 -14
32 72 -10 -77 -70 -8 -56 77 -67 -82 -21 -80
5 -37 -78 6 -31 -100 45 -21 -17 68 -45 -25
-36 29 99 93 -71 4 -44 -3 100 33 -76 29
-40 2 6 -11 14 8 95 -34 -15 -30 46 68
-55 74 80 -41 -68 63 26 -51 -16 -71 -6 -7
94 70 83 -61 -41 83 52 87 37 67 -46 -82
-69 40 83 74 -14 -59 -11 -75 -65 10 -87 47
10
7 41 33 78 66 56 16 82 78 66
-42 92 18 14 -8 -28 2 45 79 73
-94 69 -85 65 -37 38 -10 -91 -43 9
90 84 31 -31 29 94 36 51 6 -63
-13 49 98 -86 -2 45 6 -24 -46 -88
-1 -74 10 4 -73 31 -15 44 -50 -35
-29 -2 -67 -95 90 -83 70 59 -76 66
-42 46 24 -94 -50 41 -77 -53 -17 -13
-92 -97 13 -52 -65 7 -23 -93 74 -39
57 21 -43 3 96 -28 80 -15 -26 31
10
-29 79 -81 -80 46 -81 50 -59 80 -49
70 72 -31 25 -51 20 -76 3 54 -37
86 15 -98 -17 7 -72 -60 11 -26 -35
-64 -88 53 -53 -43 -1 92 28 -35 86
79 92 70 -27 33 71 62 -12 -73 46
46 -17 77 47 35 -61 -24 79 -83 -68
19 -95 -71 24 -47 80 100 -97 21 -1
-37 21 -40 78 27 -66 68 34 -83 -86
70 90 -12 -34 -5 46 10 31 34 -79
59 -13 -5 36 45 -75 -7 48 -80 -97
16
-91 -29 100 -54 -61 -93 -70 -21 92 -6 -44 99 -71 -78 67 82
20 -42 -80 -47 27 83 22 81 -67 94 -97 15 -13 -31 -2 1
-42 -61 -20 -92 -100 56 51 23 59 16 65 -35 -27 13 -39 96
-7 -25 -78 -85 40 -46 66 -5 91 30 57 34 72 -39 -47 -22
54 -42 89 16 -59 -96 92 -15 -86 13 -98 93 -37 -96 -37 -45
-39 95 -11 17 -42 11 6 10 1 -66 91 -11 21 35 -43 11
-68 -81 79 -70 52 -56 46 46 80 -45 -76 -86 -12 -51 69 -30
86 -61 99 -10 -2 -39 -52 38 4 -19 100 60 -29 -57 62 -81
-64 89 59 -35 -2 17 -1 -57 -31 36 78 -5 4 57 -42 -29
-2 -8 82 97 -62 -98 97 84 4 12 27 38 42 49 96 -30
-78 -82 82 -82 -60 -68 -38 -66 12 34 30 40 40 -55 -59 -60
-35 -98 -44 -13 65 -1 -44 49 17 -59 27 -69 63 55 -97 -51
-44 80 80 40 12 -91 53 18 63 -71 -12 24 -47 21 -44 86
69 47 -67 39 41 -41 89 -18 -33 -59 -77 -14 48 89 -23 3
3 -99 -69 47 -27 1 72 -3 -8 37 -76 -66 -13 -66 11 -69
77 4 45 -93 87 -78 32 81 -7 54 80 -8 7 46 1 62
18
-32 -8 -56 -46 -1 -75 4 -9 13 45 -43 -96 69 16 31 -67 41 -56
100 -24 -100 21 -85 68 -54 78 11 31 15 67 -27 6 -98 14 37 -35
-95 -21 76 34 -100 73 13 98 91 75 19 -89 -17 -28 -6 -55 -71 -89
-78 -37 -76 77 -56 -34 -62 52 74 3 -18 51 72 -84 -6 52 -73 -84
24 72 45 65 26 -9 70 -30 -54 81 27 -18 -34 -53 -24 30 70 -74
78 -74 -24 -72 9 100 -24 26 5 69 13 -81 85 41 -30 -98 87 -59
-97 52 7 19 68 55 78 -12 -93 16 -98 49 29 73 79 -95 -79 96
72 27 -17 -37 23 51 -64 -69 12 -71 -67 -63 57 -13 66 14 7 67
-34 -19 -55 63 -74 -97 30 -52 -75 -31 -51 -38 17 -1 39 -72 -45 -22
96 52 -54 -85 95 -59 49 14 71 27 -49 9 -22 -67 -18 -61 -20 29
82 95 -21 -55 -30 -37 95 57 21 -13 -80 -71 -81 38 -94 -1 -67 92
-49 -35 2 31 -37 7 7 39 79 -9 28 -4 12 -11 91 -28 70 60
23 -25 -80 -32 50 -30 45 -44 -4 -8 90 5 14 44 53 -25 -14 17
-8 84 -80 -67 8 -55 62 -71 -66 68 -94 -81 85 13 -25 69 54 75
40 95 -35 1 -22 43 94 -39 -14 77 -30 -4 -37 76 -71 -68 40 86
26 -32 32 -56 50 -22 -78 -43 -78 61 -38 2 15 63 69 65 -25 -54
-70 -75 -24 -57 5 -12 -65 -99 -54 49 82 81 -16 -60 11 3 60 94
36 -44 -34 85 -67 -27 -61 64 4 -25 -84 0 3 17 76 32 32 -52
12
-42 -82 -69 92 60 -14 0 -92 -43 84 -7 -67
56 -55 86 45 -8 -98 -6 -81 38 -69 88 58
82 95 42 67 1 34 -100 -24 65 95 -61 -20
-64 -51 14 -15 9 46 48 59 97 -5 -58 -16
63 90 31 -97 96 -40 16 2 -77 15 -4 -5
-70 88 40 32 68 -36 -36 15 -90 -11 -28 -60
-73 99 64 56 47 -7 30 -45 -13 54 -4 -37
57 -78 -41 -89 -54 -92 -27 89 84 -44 51 -3
17 16 -78 -77 -36 -96 -14 -53 89 -1 -100 37
-73 -34 -30 27 -87 22 -95 19 19 -89 -69 -11
-60 67 -83 30 31 -95 -12 -21 -26 -8 -33 -56
10 99 -63 -70 -88 -69 -17 97 42 83 -7 -100
11
36 -63 45 73 -6 -10 -54 65 67 -35 -76
80 -5 1 80 -73 -25 -41 59 -53 -11 -66
-83 6 17 -52 32 -77 97 48 -85 66 -3
-32 -27 18 61 15 5 100 -32 -49 -44 56
-24 -19 -18 48 -2 -69 -12 48 70 19 1
94 -74 -25 0 -74 48 -18 -9 -71 -50 55
68 83 17 9 -92 25 -50 -36 85 -77 -19
-71 -57 -79 -39 -37 -78 -31 -39 -81 -1 72
-52 99 -14 59 99 69 92 84 -95 96 12
54 -35 50 -13 -65 -28 53 -11 68 -20 -79
79 -18 -43 -38 19 22 86 -88 63 -25 -40
11
63 -24 85 -45 45 -28 -43 -72 56 58 73
11 -43 -78 -64 17 -49 -20 82 -53 -44 84
90 90 -72 -61 94 -68 62 58 53 -49 -3
38 1 83 93 46 -51 -17 54 -16 34 -19
61 2 -30 75 87 -29 34 -83 -55 30 24
-60 14 7 18 -26 67 79 40 67 68 -39
64 -32 62 71 -65 40 -78 -48 64 -87 57
63 -7 -36 -15 57 30 27 -94 -36 -3 90
29 -78 100 -28 59 98 -86 -17 -27 33 -54
25 63 -92 94 92 -38 24 -55 23 -88 -86
-37 2 71 -40 -47 51 -24 14 50 62 -1
11
-19 39 47 -51 -52 86 -85 -61 80 -66 -33
15 -55 51 99 15 -41 -41 -35 99 60 -47
-91 21 -20 -50 -73 -81 -54 -11 -63 3 89
38 82 -63 -9 -24 96 78 93 -13 13 -87
-86 -40 -73 36 -2 49 23 -50 70 -84 -21
97 80 12 76 54 -83 34 4 -37 -80 7
6 57 -18 -95 -11 85 98 -68 70 -98 68
-19 -59 4 80 -76 -70 -20 -60 69 -12 82
-86 -19 -40 87 36 -83 17 -68 91 49 27
-34 10 65 41 -56 -38 -20 -59 -23 -7 -29
-78 -59 38 -64 8 -69 -47 -96 15 -79 -58
16
50 0 -1 -55 17 -26 96 -44 39 93 -79 -13 32 86 48 57
30 71 -9 -16 19 -51 -59 9 -40 57 -40 -2 87 -96 -25 -46
-40 -43 -20 -86 73 -70 -33 -1 -73 40 67 -58 15 -56 -12 12
-46 20 -26 71 81 40 100 -77 93 89 -38 40 -83 76 -61 46
-25 -10 35 79 -45 -79 64 36 42 -84 33 -88 -81 58 -14 -96
44 15 91 17 -80 -82 92 31 -70 50 47 65 19 -60 88 75
-22 -37 35 81 77 15 79 -43 -19 58 60 -66 -82 40 15 57
3 -79 -64 72 -46 -52 58 61 77 75 -57 -9 23 66 -82 11
72 -98 -90 -9 84 -90 12 -17 2 26 -18 59 9 -74 91 -19
-35 -64 -51 -9 -68 6 8 50 -60 -61 44 -85 -65 75 88 -35
4 93 46 91 76 -60 -63 -54 19 24 100 -56 -32 -15 -18 60
94 -33 -30 58 48 35 81 -12 52 -84 34 23 69 -52 6 36
83 92 -52 -19 -27 -97 -48 -98 -97 -46 -83 -77 -26 -15 3 66
33 -33 -19 -37 85 27 67 -16 -64 -42 37 -31 59 64 43 18
90 -3 27 -96 -40 82 6 -88 8 46 -58 -4 -60 -80 -30 22
51 -60 11 89 45 -22 -72 -74 33 40 -20 -45 28 -70 -49 30
19
-15 -73 39 2 90 22 76 -22 -31 72 -51 50 -37 74 -79 56 -71 60 -46
6 -26 20 25 28 -25 -67 -48 -84 15 15 -17 -63 -87 -90 24 79 -40 -94
47 66 14 17 19 94 24 91 -90 93 51 42 -63 -79 -3 -26 -75 -8 85
8 -86 43 27 87 96 68 -90 -23 2 -88 -74 25 -78 -9 51 29 -59 52
-8 -83 88 -59 -92 76 3 41 -16 61 -63 -79 18 -3 40 -55 19 39 -71
35 42 -94 -93 100 44 -23 -90 -45 12 79 28 -40 51 75 22 -98 37 -58
76 -88 -1 77 -94 3 -84 7 -1 -70 -58 -10 -60 -77 33 91 2 33 -96
-42 93 3 96 47 -1 37 -15 -45 -4 54 -75 72 28 69 -65 59 12 -58
-74 20 34 -40 57 60 10 94 -12 96 -84 -85 -37 59 6 -29 62 78 19
77 96 82 37 -1 -91 -21 -76 69 -33 5 -95 6 -59 -5 -41 -81 -82 16
74 30 55 4 -4 37 -93 71 80 -32 -19 -98 -50 29 53 -7 -53 71 -7
17 50 53 -31 -42 36 86 -47 -100 32 51 69 9 -16 44 -53 -20 66 45
19 6 94 -47 90 35 -58 -89 44 -86 90 89 -97 97 88 24 -50 60 -90
-65 -13 32 -56 17 62 -81 -57 23 -7 45 73 55 -91 -48 31 40 1 32
13 72 -47 48 52 -34 -31 44 -94 82 18 -51 84 90 -78 79 -12 -28 88
-3 -75 -54 -6 -97 61 -62 -29 24 86 24 42 -29 98 -17 -30 35 -66 61
84 -55 82 -42 87 -91 63 87 18 -81 -29 -99 -35 54 -8 -69 29 88 -76
53 36 -94 -5 -47 -60 -95 -48 -15 -22 -94 98 78 68 -89 -77 -40 61 23
42 -37 -16 -94 75 83 73 -79 -35 -97 -4 32 43 77 90 -100 -44 -64 -70
10
78 -68 0 -22 10 98 1 -100 -44 -41
9 64 64 -8 -16 -3 -50 -52 -100 -82
88 31 -37 -60 60 -88 -39 89 -44 59
-82 59 -63 -54 32 14 50 -94 -25 32
40 47 13 77 -3 20 -78 -96 77 79
-63 -28 75 4 -62 24 36 17 -63 -31
-85 -90 -13 5 -56 53 3 94 95 -99
14 -98 -46 -18 -37 -10 -48 34 7 44
61 -43 75 -79 -91 -37 -69 38 3 -39
-34 23 -66 46 52 -39 -71 49 55 -45
15
26 70 -87 -49 -12 -71 54 46 -41 13 61 14 -67 71 85
-19 70 -99 22 64 41 -93 -57 53 56 19 -33 -46 100 -11
59 -99 -53 -64 69 -38 9 -8 -45 32 -71 23 46 79 2
-9 -88 -3 46 -34 -36 42 78 40 86 -95 35 53 44 -19
-71 -81 -90 31 -8 73 45 44 -41 44 51 -83 -14 25 -75
98 28 -82 70 48 -14 30 -61 46 81 77 -23 87 -2 -34
8 -18 -80 -40 -65 -10 29 -39 -36 -45 -91 87 1 -37 -60
80 73 77 -5 71 58 93 33 -74 41 43 94 44 16 -14
46 -84 91 -27 41 -99 96 -49 -35 -55 93 -23 16 14 -14
-17 -16 -38 -75 92 75 34 80 -74 96 67 11 20 41 -9
38 58 -37 2 -88 74 -70 -74 -20 -9 -78 10 91 -63 -8
33 -52 -34 7 -97 37 77 -21 -46 67 88 96 84 -65 -22
-85 75 96 -2 -60 9 78 24 87 98 95 73 -68 -9 13
47 -54 -29 33 28 -34 87 26 -85 -66 21 91 100 27 96
49 -100 -7 61 78 20 -82 23 -30 22 26 8 4 24 -78
13
70 -27 22 77 -94 -92 92 50 73 5 71 -19 11
59 -56 -80 -67 -79 62 -48 6 92 -96 -4 64 6
22 -16 -5 -10 -70 82 56 -2 -28 8 63 43 -5
-71 -96 -95 31 -92 -26 0 -46 7 53 -53 65 -79
81 -65 58 -14 28 -75 28 34 -62 -1 34 -81 -64
-94 80 36 -88 48 -3 -78 -55 34 7 -36 16 43
50 -18 76 10 78 86 -44 -37 71 -32 36 -90 -12
75 24 9 -39 -16 35 36 -61 -66 85 60 -88 -72
-22 1 -40 -44 82 92 27 25 46 90 4 67 -11
66 -44 -43 -23 -81 -32 34 -45 85 -60 30 4 6
13 -25 28 -49 3 70 -94 -67 -75 77 -41 -31 21
19 61 -88 44 -90 -80 68 -71 25 15 -28 -75 14
-57 -35 -63 44 -23 16 -48 75 9 43 -64 36 -8
14
-2 -64 51 38 -87 76 62 -57 27 52 -64 72 76 40
-59 -21 -46 18 -26 34 -81 62 57 -48 82 40 -46 40
1 -2 2 95 37 0 -40 -93 -97 19 73 -56 85 -32
55 62 15 -69 41 -95 -68 62 75 72 54 -20 14 -52
48 74 -19 -7 44 -96 -99 18 92 -30 -33 80 -40 88
-20 58 -64 32 65 23 -26 58 -83 52 -89 -93 1 -38
-25 19 90 47 91 87 91 -50 4 29 -13 29 -77 78
-81 -91 79 -53 52 4 39 -16 81 -63 -33 -93 -6 43
-40 -49 -61 74 32 -77 -37 31 -38 -96 -82 -60 1 34
-60 -25 48 -83 39 -16 -79 92 91 -72 38 -83 -89 51
-54 30 -73 31 -40 48 3 56 -45 -26 -29 9 44 99
-44 -89 -9 -86 -17 29 29 -80 -80 8 53 69 16 17
-68 -14 50 75 54 24 98 64 -75 -62 12 -91 -56 75
-89 -99 -47 68 -53 32 14 -8 -49 -78 46 -81 62 27
14
8 -50 -99 -11 -43 12 100 -54 12 -82 73 91 -37 37
-82 52 -2 -65 25 82 -60 -94 -58 -63 -50 65 -34 41
40 29 -74 11 -46 -70 25 89 -63 29 -2 -21 -14 64
-48 -8 -11 -94 42 -1 -66 45 36 35 70 3 -97 35
68 27 62 88 -63 57 -99 -52 -27 22 53 23 10 -26
-74 57 -19 77 -85 -81 -93 -43 -26 99 78 -71 53 -24
1 -86 -46 92 12 23 60 -73 -97 -92 -53 -65 -60 30
94 -51 56 16 -96 -55 -86 26 44 32 0 35 -16 -29
23 -76 -16 -71 -12 -79 -50 -33 75 -91 39 -90 -53 42
-49 -60 -32 -60 -24 -71 -29 65 -28 30 -41 -79 -64 27
-6 -5 33 -98 -76 99 30 -17 35 -80 -72 -79 23 -55
63 7 -78 -95 48 -54 35 88 20 -21 76 -95 -99 -81
-65 78 -98 29 97 -76 45 -87 -98 -56 -74 13 -14 -32
-50 -21 51 -35 50 63 21 -60 92 -80 98 -97 -54 91
17
37 0 92 -14 -58 -27 82 83 -35 -93 -28 -82 83 -30 69 53 12
-60 54 -18 -53 -29 88 69 -94 59 -76 14 -22 1 -23 77 16 2
26 -36 -93 -27 -82 -14 76 14 -29 -28 -59 -21 -26 60 -96 -95 -66
76 -7 10 -90 -29 80 93 36 34 88 3 -25 -53 44 -37 -13 0
82 -94 6 -90 -68 22 100 22 -31 -96 46 77 -95 20 -81 28 -70
-96 60 58 -19 -87 59 -67 29 -78 -37 -22 53 93 -28 31 2 -79
-74 87 58 33 92 100 -18 -31 -67 21 79 34 25 43 4 -8 3
-16 12 -65 6 -92 -18 -61 -72 -92 5 -22 -15 -48 55 67 41 -36
-69 -47 -89 55 -100 -54 79 75 66 -19 30 95 -22 89 4 -92 -14
-13 6 79 28 -96 -72 88 -55 -93 31 54 41 -52 44 -15 7 44
89 75 -58 -17 35 -37 -40 -23 -37 58 -78 13 -76 23 8 -43 64
-40 45 41 -20 62 8 1 23 -30 39 -51 -12 -17 65 50 92 -41
-81 -66 -98 81 90 -90 13 -20 83 -44 -37 8 -47 97 -26 30 -50
21 47 -88 100 -77 -28 94 90 -29 -64 64 -11 63 76 74 -98 68
82 -88 60 100 34 71 67 -51 -25 -60 -100 -90 7 33 82 -2 64
-56 42 -65 25 59 -22 -41 10 24 57 -85 21 -93 85 -2 25 -61
-58 -43 -90 87 90 -90 76 76 -74 -57 -73 42 9 93 59 77 -22
14
-90 14 50 75 90 -99 4 94 -77 90 41 94 15 -57
24 -6 -16 80 -62 65 -100 83 -68 -62 20 -40 -31 -65
67 95 80 -65 -80 80 4 42 27 -24 34 25 3 -70
-73 -37 58 -59 27 -64 76 -16 92 -100 77 13 76 -67
-23 88 -90 -17 -6 -52 28 88 95 58 11 -87 -2 80
85 71 94 -40 -71 -68 -84 -24 15 -32 -5 -29 4 -16
-2 -52 -93 38 -32 -12 81 -33 -55 -3 -70 -55 -42 48
-86 90 96 -90 96 -76 -83 -88 -40 -44 -77 94 14 -41
-91 -67 -82 -50 -70 -3 5 -16 74 -28 77 23 -59 6
67 -36 16 52 -32 -16 46 14 79 73 78 63 -11 -17
-51 -11 -10 -89 57 87 -15 80 -72 85 77 -2 -69 -78
-6 -6 23 5 74 59 -77 -59 -27 -60 -35 71 -64 -38
57 -13 -44 -41 7 13 -99 -20 -31 19 46 -22 -42 14
-17 75 -20 46 94 90 -48 -57 88 74 -5 22 -6 25
11
-87 -40 -28 36 -32 96 -51 -13 73 81 92
43 -15 -61 47 -6 62 16 68 98 88 -61
-94 -100 97 -88 97 -89 -33 -37 14 -81 -49
-17 -71 -23 -77 -15 91 -11 92 -55 -17 13
-70 64 -85 75 -36 -99 -83 -73 -25 -36 23
-8 52 -72 69 56 -40 -81 44 35 12 -73
46 41 -45 -65 -67 40 61 16 -27 -74 34
-66 64 -21 48 94 -46 89 55 -83 -5 -30
-51 8 -6 22 -32 35 -100 1 77 -88 -29
-59 15 96 29 85 -45 -95 50 19 89 -70
-100 96 -74 -74 84 -34 -79 -9 18 -39 -15
10
-68 71 37 96 -4 -75 -13 57 34 24
-13 -85 -11 83 -2 -16 -43 -75 -37 -20
-90 -70 -91 -34 11 -53 -100 78 -14 -47
50 -54 -81 -98 -49 -89 55 38 -81 -85
-15 33 21 73 -35 83 -38 -61 8 -1
-54 -62 -42 -62 9 40 -81 59 -50 17
-43 -19 -74 -56 -71 -18 74 -51 -87 92
89 69 65 -5 93 88 -68 97 44 27
7 12 -53 -24 -10 -49 -98 -61 -13 82
-79 9 50 85 -87 -89 -99 -79 -52 52
16
25 18 52 99 -72 20 10 -47 56 -43 -91 -80 14 100 0 48
87 -79 -73 -66 4 23 -47 -97 67 -38 78 46 -71 -34 -14 90
-86 41 88 -79 55 73 -31 40 70 -2 14 -91 13 46 -36 -38
89 22 54 -59 63 52 64 -86 55 -21 -56 30 -61 -51 -81 -94
44 46 0 -58 100 16 -8 -100 0 -3 59 33 -66 -14 22 60
100 0 89 -23 -64 81 -15 22 86 67 -88 -8 -48 -97 69 -42
10 43 -97 -23 -27 81 34 46 -81 -67 -74 36 -80 -99 -6 4
-4 -62 15 -44 -26 12 14 78 44 95 76 -15 87 82 81 70
86 -81 -95 -46 98 -78 -31 -98 60 92 -17 35 -34 25 -65 29
-100 -17 -12 -8 30 70 -85 81 -28 97 0 -10 51 -43 30 -97
-86 -15 36 -53 93 85 74 -17 99 -26 59 -69 96 98 -37 75
-12 30 20 64 -72 -40 57 69 -97 -97 95 52 19 -77 43 3
-20 74 -78 47 72 -59 67 -28 49 98 35 -70 -14 -41 -9 69
91 86 72 -13 -18 -45 -70 -50 0 -43 -63 86 98 7 -43 63
32 35 0 45 -43 36 -42 -28 -16 57 -36 17 -19 -1 -54 81
-53 -22 21 29 65 37 9 75 43 96 -59 -46 52 83 -30 -42
20
-48 -82 2 22 -35 39 44 32 96 59 -89 -35 -7 39 59 100 78 60 -17 52
66 -43 34 -56 35 97 20 -49 40 4 50 74 74 84 91 89 -30 4 0 22
11 -18 -58 5 0 -18 -79 41 -45 94 36 56 -3 -98 -86 -17 30 -100 -86 13
42 55 77 2 92 89 15 -70 84 -27 38 16 -52 76 52 67 51 46 35 -47
86 81 -14 -19 -14 -75 10 95 -60 98 66 15 47 13 51 0 -14 57 42 -79
-95 42 -58 97 -67 4 80 -10 -31 -98 -28 66 -36 -82 95 -5 -85 1 -93 39
-17 49 24 100 -49 25 96 93 -57 -25 4 -77 -94 -86 -8 -76 85 72 37 98
-20 7 47 -48 58 -48 100 1 45 5 -49 -53 -70 100 -83 -35 -47 -45 50 -34
-100 -88 -54 30 5 12 50 -71 88 56 53 -45 35 -16 78 -68 -53 2 8 44
2 12 43 33 -91 -63 76 -21 -29 -60 73 -18 3 -13 92 64 -57 -63 61 90
-59 17 -83 -56 -87 -31 74 37 17 18 43 62 97 48 95 73 -81 92 37 96
-59 -6 61 71 6 72 -77 -41 90 68 -72 85 -76 -43 92 -55 -77 -51 -55 -85
79 -22 -42 -86 93 -97 -56 -79 -28 -5 99 55 -37 84 60 -39 100 -13 -63 5
-63 47 -28 -54 -86 -69 -15 -27 80 10 -15 70 -32 -5 -50 55 -65 99 53 60
-91 64 -89 -92 53 -99 68 -67 37 82 41 -11 -63 61 -64 -54 -87 93 -80 -22
-66 35 0 65 85 37 53 -100 -73 -70 -69 35 -70 73 77 81 -18 46 -72 -46
14 88 77 32 17 26 60 33 -13 -26 36 -43 -53 -47 16 -59 -80 -54 -59 -97
-36 -30 -65 -9 52 56 95 22 -73 52 18 92 83 100 12 -66 63 19 -59 57
1 -94 -88 5 61 -13 22 78 70 100 -67 -31 -1 23 100 -93 68 -20 -16 33
32 17 71 84 56 -65 -8 -20 -62 45 50 53 -79 -61 42 54 -14 82 -75 -60
20
68 -13 53 -100 -81 71 -18 43 -11 -60 85 68 -41 -2 -72 -1 38 -98 -34 -22
-44 72 25 32 95 -16 40 -49 -4 -89 98 -73 -78 -28 61 -81 14 68 27 22
-83 -22 94 55 -29 31 -91 30 -11 75 76 58 -98 -99 -78 38 -65 47 -95 -89
74 -86 86 83 32 68 -90 63 92 -83 72 38 19 69 70 70 99 -92 91 -36
25 28 34 -73 -34 -89 50 -80 7 0 -58 36 93 -25 68 44 39 -79 18 94
44 -89 -35 -30 -57 83 -7 -10 -95 19 25 15 -72 -19 26 83 -61 -51 78 56
-93 29 -4 76 15 26 56 -29 -66 69 -95 28 19 -4 -85 94 63 -51 -74 -62
-88 -98 47 8 -4 -99 71 -100 -60 -8 28 21 -75 42 78 66 -40 -68 -74 -67
-86 -60 -25 -82 8 -65 -86 -10 13 2 -6 72 -30 64 -69 -30 42 60 91 66
57 -50 -47 54 -24 -75 -95 -55 71 -50 -35 -17 24 -55 72 83 -8 84 7 95
41 -2 -2 -44 -40 -62 -89 -90 -55 45 -19 82 48 1 46 99 -48 54 98 5
-89 65 -99 44 13 -65 70 32 40 67 -28 21 91 -89 -11 -48 96 27 -4 57
27 -61 57 4 94 61 6 63 21 9 42 -36 -90 -32 52 66 56 42 35 -87
-19 -71 23 -59 62 77 -68 21 49 87 -67 -18 -38 9 79 83 44 -89 100 43
-78 76 71 -23 95 -78 53 -91 33 -27 52 -65 89 -34 67 -7 -36 65 -16 64
42 1 -36 -97 -1 -29 -36 60 -79 67 4 -91 100 24 -52 21 7 68 -58 55
-80 -11 55 45 25 93 -64 -27 -6 -25 -48 29 -62 -22 -82 83 87 -65 -75 -51
79 -36 7 -76 99 92 -70 -65 2 -45 72 -6 -5 77 -14 30 -29 -38 -90 -75
-6 -96 -73 -37 97 33 77 -14 25 55 34 39 60 49 19 -59 72 14 18 31
-75 -53 18 -8 -54 -26 -20 -68 -40 -29 29 52 -28 35 56 -61 -60 17 27 -54
12
-58 76 -89 -79 -25 100 72 -10 -100 -12 -25 32
35 -31 67 5 97 53 50 38 66 -61 -68 -60
51 77 -57 -98 33 -48 71 -29 -99 7 0 97
-77 99 57 -39 -64 41 -97 -19 -55 -69 48 -70
-75 86 69 95 50 -93 -37 -74 10 72 -38 63
-86 -84 56 -88 -60 33 61 -10 -21 43 -35 27
64 83 -84 -98 -94 73 7 50 -74 33 -27 -67
-36 -22 3 -6 40 27 -71 -80 -77 95 3 91
-33 17 2 93 -53 -3 -100 63 -4 9 -96 2
20 -47 -17 57 2 -42 81 -17 -98 73 -16 17
35 52 -72 -40 -68 -29 56 -51 -94 -95 62 93
92 -97 -72 -68 45 61 83 -38 -78 -54 -22 30
16
89 -96 94 -93 50 -12 -25 -18 -19 -77 -99 -49 85 -39 99 -44
-49 -31 -60 35 -8 2 -33 -95 4 -69 29 -20 62 54 74 -16
-97 -56 -45 37 28 -17 91 -76 -50 -95 -15 49 -4 -57 -55 43
87 62 -26 16 -79 63 -44 -18 -18 77 -27 -83 -7 63 90 -89
93 46 -40 6 -49 -33 -22 -52 -100 73 -65 -42 5 2 97 0
67 26 51 20 33 -33 26 62 24 -55 24 41 13 88 -76 0
28 -22 4 -39 -40 45 69 2 17 -10 -44 -80 -27 -69 -20 38
-66 -31 48 -45 -45 33 -35 -10 -25 -95 -27 -79 -59 15 20 -73
-44 84 92 40 58 42 -54 -88 -63 -34 -32 -91 -12 79 79 -12
17 -48 93 17 34 -99 -44 32 -46 73 16 51 -63 -17 -40 32
36 95 53 -29 69 68 -88 22 66 -64 -2 -71 -79 -49 -27 -16
-32 -85 -17 -22 90 81 14 21 91 -50 -6 -31 -17 27 95 56
-22 82 -13 -24 19 -8 28 -37 83 37 57 16 59 -58 -77 1
54 54 -63 -25 77 -6 -35 -67 45 -83 19 3 12 -86 99 90
74 12 -61 40 -22 57 54 -17 22 100 -42 12 -21 -55 73 -43
70 57 94 18 63 50 -56 29 26 -65 62 21 -44 63 -94 -72
20
53 -18 42 76 -70 70 -49 0 -25 11 5 99 -18 -85 -90 -65 13 70 -56 -26
51 95 -74 86 -57 -98 -77 24 99 -81 18 -30 -82 35 76 -20 42 -29 -32 -31
7 65 -83 17 13 -20 35 -17 -91 94 -82 85 -69 92 53 -94 -41 51 38 84
-3 66 0 -40 45 87 68 -89 75 59 -49 -78 3 -6 47 17 -56 59 25 99
-67 20 30 67 54 -31 -11 -4 59 15 73 4 -79 -47 -21 -24 14 48 84 61
-84 98 -97 -28 30 -67 -54 -7 39 -44 38 2 -16 73 80 95 84 97 98 13
-97 -38 -15 46 -59 0 91 -2 63 -68 7 28 70 97 -52 -25 93 -97 -16 5
-85 64 45 -65 -16 28 89 -37 33 3 29 49 -77 -33 11 -53 70 84 -52 -74
5 -56 56 -99 -84 -40 60 71 -56 15 -13 26 88 -54 -53 1 10 41 3 89
0 46 -38 -21 -83 29 -34 -30 2 -14 43 33 -98 48 -30 56 47 0 6 -73
82 25 -35 59 75 31 58 97 45 94 -73 -50 37 -80 -18 29 -8 90 -89 37
90 -92 46 39 -29 35 -18 14 19 -99 5 -74 63 27 19 -63 -13 99 -70 -55
41 -13 9 68 -31 -14 -43 68 -86 -30 16 -79 6 1 86 65 87 -39 17 -11
54 -19 16 -87 5 24 24 -99 0 35 -17 33 -25 97 38 66 -55 36 56 -78
56 -53 68 16 -84 -52 63 32 -64 76 88 -28 -64 -87 99 -46 82 -89 85 -25
-92 -76 -57 -51 100 30 35 40 -51 -55 -43 31 83 -14 -74 21 9 7 -56 -6
78 -16 33 90 -94 7 -25 -7 -86 81 -81 -47 55 -100 19 76 -85 -90 -76 -22
67 -100 -40 54 16 -80 -19 -44 -90 -95 -38 -19 -50 -3 68 -57 -61 46 18 3
85 -18 11 67 34 55 -56 -18 -65 27 35 76 68 -1 -97 73 93 26 20 -40
-82 -7 -30 66 23 -67 -75 -7 20 -68 75 38 -16 -23 -24 24 44 -73 -56 55
20
-8 88 -71 97 -40 11 -99 -94 -38 -29 -89 16 70 -99 -34 7 -35 55 66 16
45 71 100 -8 -44 9 32 -12 44 24 94 24 31 -38 -29 -63 -38 -50 -37 -79
1 -86 33 -94 -7 -75 51 -82 -90 35 -34 -33 93 40 99 32 -5 -46 47 -15
86 -33 -35 12 19 100 -12 -87 16 47 -84 -2 26 70 51 76 12 -10 69 -97
21 18 -63 92 48 58 -17 -53 62 -3 78 -27 76 60 48 59 -59 48 26 -76
-81 48 5 15 -24 -28 -38 -40 -40 -61 -96 -24 -49 38 -13 -14 -95 -13 -83 -58
18 53 79 -34 -68 -57 -42 50 26 90 -94 -91 -55 -47 34 26 -47 11 -35 -44
77 -24 74 6 -13 -81 -54 38 -37 -37 -62 6 66 -18 43 17 4 -1 57 75
42 38 58 14 -74 -6 -64 76 12 -67 -64 85 72 80 39 81 76 10 -36 76
82 -52 96 -33 25 19 -8 -60 -17 -13 77 -28 -24 85 25 -74 1 -93 -90 36
-45 -27 84 -16 -37 3 72 -82 -91 60 -6 77 53 -70 -99 -73 -31 -35 -21 -50
-36 84 52 63 83 90 63 -50 33 -74 -38 -11 -71 34 -56 -25 -35 24 25 35
8 -55 -77 -54 -26 -54 53 -1 62 78 -41 84 5 -83 85 59 -66 -99 1 -91
-44 90 56 63 68 86 -83 40 91 45 6 8 -68 -65 69 7 69 -26 37 95
15 -7 -100 -86 -6 -91 91 -99 -63 -70 -65 28 -73 80 -71 4 91 -76 60 95
88 -91 37 15 3 -28 -26 -56 6 71 66 -23 -83 -65 42 64 16 -37 -45 -3
29 -49 -80 -61 47 -40 12 82 -39 0 42 -85 -79 43 30 -35 -46 -3 67 60
-91 95 -15 -22 -21 -32 84 98 -65 68 9 13 89 35 -35 -40 78 70 70 23
-44 -52 60 -90 10 43 -94 -11 53 -48 -9 -1 -55 -74 -91 48 46 -46 -36 -43
-98 -29 23 -54 -96 -49 41 100 16 -36 74 -29 -69 -66 71 -53 1 28 8 79
18
-65 28 100 13 27 -29 67 81 -60 86 -46 70 -25 93 -79 56 91 -50
31 14 -91 -93 43 -37 75 57 -32 36 -81 25 -39 -24 23 -81 18 29
-40 40 35 31 -30 46 -95 9 -38 54 23 37 27 44 -41 5 -20 3
-85 -82 46 100 -81 -29 -80 58 -52 -99 80 -14 79 -49 39 -82 -20 75
41 -71 51 85 -96 34 -71 9 -98 -36 -71 88 -72 42 -28 -68 82 1
99 97 -5 23 -70 97 74 -11 -96 38 7 36 -34 61 -55 2 32 -60
-26 31 -18 -15 55 -39 46 63 -41 -31 22 -83 -27 16 41 30 -39 -2
-54 65 43 92 23 -46 -95 18 42 83 93 64 30 36 35 78 -21 -98
92 -8 -67 -25 25 -70 -5 1 -16 60 -28 -35 9 43 30 98 35 45
91 -54 -51 16 -34 39 -5 59 -43 80 15 -37 84 42 20 -22 27 -1
-98 -56 64 -72 -9 49 24 -82 41 -12 -25 -96 73 -96 55 52 85 -3
87 40 80 67 55 -42 -12 30 41 91 41 72 6 88 -9 38 49 56
36 6 69 90 100 -8 -32 77 24 -27 37 -34 -95 -14 -70 -55 97 -40
40 76 -2 -72 41 54 -86 25 97 80 -57 95 -18 -58 -72 -18 -2 -70
51 25 31 31 -33 -49 -51 41 -24 -3 96 16 93 -32 -68 62 83 -44
59 -71 -73 20 -83 -57 -55 -17 -60 -16 23 15 86 -94 -85 37 -51 51
-39 -16 26 -30 -3 -28 -14 53 -12 -22 78 41 -90 -52 -12 80 67 90
73 -29 -78 97 81 -6 -79 -67 30 -84 -82 83 -79 -72 -32 -92 -23 -42
15
-47 -11 -74 83 -20 -29 -97 90 -48 10 86 26 -51 25 -87
18 42 48 24 15 -57 -37 75 54 46 -71 -20 34 83 79
1 4 13 76 76 -45 59 65 -30 38 -96 17 96 2 54
-27 10 -58 48 74 50 -42 -86 6 -32 -65 20 5 80 -95
-21 84 71 92 -11 -37 84 -44 8 -33 83 -81 -2 -49 24
-38 1 -11 -75 60 9 83 60 -62 -98 -74 84 70 1 -26
67 49 99 5 -67 -7 -65 -46 69 21 53 67 30 -21 44
93 -4 -48 -39 73 -92 56 -47 -40 -30 -53 72 100 94 -95
-40 81 51 60 -95 -14 -38 84 -8 35 57 -21 -15 -55 39
74 -40 -42 67 16 -1 74 56 -10 100 57 -83 -36 31 87
48 19 12 70 -3 79 -9 -20 -87 -73 68 -13 21 -17 1
-38 32 -52 56 19 -92 -52 -81 -14 -25 40 -53 88 85 -96
-73 49 69 17 57 10 5 41 -34 -66 -52 1 22 16 83
-53 83 -21 8 -8 -41 9 28 -41 69 -62 -71 -70 -74 84
-99 65 -3 -87 -44 -86 -60 -80 11 -87 3 26 -40 -25 -86
