50
12
-77 -63 -72 -14 -35 -78 -25 -11 -50 -69 -76 -1
-30 -18 -49 -37 -80 -88 -10 -43 -60 -38 -89 -31
-31 -46 -91 -10 -76 -1 -27 -39 -3 -81 -70 -52
-20 -33 -55 -19 -66 -3 -3 -63 -45 -52 -12 -42
-62 -28 -99 -91 -28 -39 -56 -16 -11 -43 -7 -65
-64 -10 -52 -37 -28 -42 -9 -93 -22 -99 -19 -58
-57 -74 -4 -82 -20 -23 -75 -33 -8 -20 -51 -70
-24 -73 -51 -23 -75 -22 -59 -35 -94 -100 -58 -38
-77 -56 -84 -24 -82 -78 -12 -1 -67 -76 -3 -88
-11 -44 -58 -55 -6 -93 -34 -57 -86 -16 -2 -40
-57 -99 -33 -32 -64 -50 -100 -77 -69 -20 -17 -62
-60 -4 -12 -30 -94 -7 -32 -12 -21 -65 -53 -17
12
-49 -58 -26 -49 -23 -78 -11 -22 -85 -22 -61 -17
-87 -12 -99 -40 -63 -93 -85 -31 -56 -55 -97 -73
-51 -51 -72 -54 -56 -91 -73 -97 -63 -87 -31 -13
-56 -94 -56 -83 -49 -98 -95 -71 -12 -94 -31 -8
-76 -39 -93 -53 -66 -81 -20 -9 -17 -60 -33 -24
-83 -35 -27 -40 -46 -93 -7 -18 -7 -18 -90 -100
-98 -54 -97 -47 -43 -78 -17 -25 -53 -99 -79 -2
-53 -2 -67 -13 -48 -57 -25 -69 -69 -12 -47 -17
-72 -64 -82 -61 -17 -59 -29 -66 -32 -8 -15 -88
-6 -81 -46 -45 -28 -95 -5 -1 -72 -82 -84 -33
-34 -74 -92 -39 -32 -95 -63 -66 -62 -59 -14 -94
-20 -37 -66 -14 -53 -39 -87 -94 -10 -43 -75 -23
19
-41 -72 -48 -84 -29 -17 -78 -13 -45 -48 -7 -31 -26 -2 -63 -92 -99 -75 -22
-68 -43 -18 -15 -86 -21 -34 -10 -57 -58 -40 -27 -5 -30 -56 -31 -51 -38 -22
-75 -43 -25 -61 -64 -75 -62 -27 -85 -8 -57 -94 -32 -65 -89 -84 -21 -18 -41
-41 -100 -89 -23 -24 -83 -40 -94 -10 -56 -9 -6 -6 -95 -84 -18 -71 -21 -5
-25 -94 -40 -87 -65 -3 -7 -76 -26 -22 -26 -24 -31 -39 -60 -83 -65 -16 -22
-60 -90 -74 -96 -6 -56 -67 -93 -85 -76 -37 -82 -15 -82 -34 -97 -37 -8 -55
-29 -74 -96 -12 -32 -93 -19 -27 -44 -76 -28 -7 -88 -30 -22 -56 -70 -65 -16
-62 -74 -9 -60 -18 -7 -89 -87 -86 -93 -78 -74 -48 -88 -81 -16 -87 -1 -29
-48 -14 -27 -16 -95 -38 -58 -87 -96 -53 -60 -82 -46 -73 -40 -66 -40 -39 -67
-25 -51 -91 -28 -33 -27 -43 -27 -96 -13 -51 -30 -83 -68 -66 -25 -11 -19 -62
-19 -96 -59 -37 -73 -79 -34 -97 -48 -40 -85 -78 -21 -85 -36 -63 -69 -34 -42
-40 -52 -86 -67 -25 -87 -51 -100 -6 -78 -2 -63 -65 -41 -88 -95 -99 -38 -66
-89 -96 -54 -79 -13 -84 -38 -80 -85 -75 -74 -15 -20 -40 -20 -64 -72 -64 -63
-25 -57 -30 -30 -49 -63 -14 -57 -67 -41 -34 -35 -10 -24 -15 -15 -26 -24 -13
-88 -84 -92 -80 -88 -39 -41 -98 -98 -71 -79 -16 -56 -58 -64 -67 -82 -50 -22
-69 -95 -3 -15 -33 -32 -94 -39 -48 -18 -87 -90 -90 -99 -48 -85 -99 -53 -88
-88 -71 -37 -3 -48 -50 -17 -1 -41 -42 -8 -65 -78 -20 -15 -74 -37 -57 -50
-100 -79 -51 -24 -31 -70 -84 -40 -48 -61 -84 -48 -39 -96 -94 -41 -18 -55 -20
-57 -51 -100 -68 -37 -58 -69 -66 -22 -92 -17 -38 -41 -49 -64 -55 -3 -34 -29
16
-7 -36 -69 -62 -48 -44 -61 -94 -74 -12 -4 -42 -51 -65 -9 -7
-46 -38 -8 -45 -69 -49 -5 -42 -89 -58 -100 -56 -55 -50 -98 -4
-74 -83 -5 -53 -91 -13 -16 -1 -36 -39 -4 -52 -79 -12 -45 -33
-56 -91 -26 -93 -88 -1 -34 -82 -50 -81 -6 -28 -34 -100 -86 -45
-99 -62 -58 -85 -93 -29 -5 -33 -19 -25 -10 -57 -54 -54 -80 -48
-21 -45 -67 -11 -19 -10 -62 -21 -60 -59 -31 -84 -5 -61 -62 -75
-19 -80 -35 -69 -100 -64 -32 -77 -60 -13 -65 -75 -9 -59 -100 -49
-65 -57 -46 -17 -55 -32 -99 -28 -15 -23 -41 -76 -47 -33 -39 -54
-89 -65 -86 -59 -9 -20 -79 -94 -78 -95 -2 -30 -29 -55 -7 -19
-79 -94 -86 -49 -2 -71 -23 -68 -82 -90 -68 -20 -52 -19 -16 -30
-4 -98 -11 -80 -83 -63 -25 -100 -46 -51 -76 -83 -10 -34 -5 -94
-75 -30 -54 -33 -99 -64 -39 -94 -44 -29 -98 -79 -51 -1 -42 -47
-29 -30 -7 -95 -8 -23 -18 -85 -55 -23 -9 -6 -47 -91 -62 -69
-48 -25 -3 -17 -100 -69 -93 -81 -17 -98 -18 -29 -39 -34 -78 -37
-68 -14 -18 -74 -6 -80 -13 -61 -4 -87 -80 -29 -80 -29 -36 -86
-84 -78 -84 -96 -73 -33 -68 -15 -59 -54 -95 -54 -93 -58 -90 -45
19
-1 -77 -65 -47 -3 -32 -54 -15 -100 -21 -19 -93 -92 -96 -16 -17 -16 -20 -83
-27 -26 -79 -71 -92 -100 -84 -99 -85 -100 -8 -98 -33 -11 -91 -60 -96 -12 -63
-85 -22 -5 -60 -84 -85 -31 -34 -73 -23 -18 -85 -59 -72 -98 -66 -60 -83 -10
-7 -44 -62 -72 -9 -97 -92 -75 -31 -4 -75 -37 -7 -74 -46 -37 -57 -69 -65
-5 -44 -43 -51 -85 -11 -7 -26 -78 -47 -11 -46 -75 -44 -5 -38 -91 -37 -79
-32 -27 -58 -85 -80 -48 -51 -40 -59 -13 -50 -48 -92 -43 -89 -95 -85 -90 -61
-3 -45 -91 -56 -80 -72 -14 -99 -43 -86 -75 -11 -24 -69 -95 -65 -34 -51 -95
-80 -81 -65 -18 -82 -56 -15 -95 -99 -68 -65 -2 -95 -11 -20 -25 -13 -6 -61
-97 -30 -37 -50 -96 -78 -76 -31 -68 -54 -61 -5 -13 -19 -34 -41 -94 -12 -91
-45 -50 -20 -33 -69 -33 -91 -10 -67 -36 -87 -20 -17 -100 -85 -35 -90 -80 -77
-3 -24 -75 -37 -11 -17 -87 -2 -84 -50 -8 -84 -12 -99 -6 -36 -90 -76 -100
-97 -10 -37 -96 -50 -43 -81 -66 -79 -25 -69 -95 -46 -39 -19 -20 -30 -58 -10
-62 -89 -89 -40 -19 -85 -10 -2 -62 -19 -57 -87 -25 -22 -72 -65 -83 -12 -57
-94 -95 -100 -33 -100 -1 -39 -76 -63 -64 -28 -70 -13 -31 -15 -33 -33 -11 -78
-23 -21 -51 -69 -75 -75 -20 -42 -3 -69 -60 -26 -36 -17 -76 -50 -13 -100 -44
-77 -79 -11 -78 -62 -57 -100 -20 -67 -2 -75 -12 -2 -98 -28 -99 -73 -26 -95
-95 -73 -32 -44 -38 -34 -17 -57 -88 -77 -69 -3 -56 -63 -26 -86 -60 -61 -34
-1 -86 -66 -36 -24 -92 -10 -85 -35 -83 -9 -96 -43 -11 -6 -36 -63 -40 -16
-45 -38 -78 -98 -66 -56 -75 -91 -43 -91 -45 -38 -59 -73 -31 -99 -99 -5 -30
13
-30 -58 -80 -59 -90 -76 -10 -53 -76 -6 -75 -11 -65
-53 -56 -78 -97 -40 -98 -23 -94 -83 -10 -50 -9 -24
-77 -7 -64 -100 -46 -97 -50 -48 -43 -63 -92 -8 -62
-49 -29 -77 -19 -31 -96 -40 -39 -94 -10 -79 -10 -59
-96 -53 -59 -28 -74 -10 -61 -14 -47 -98 -79 -93 -100
-20 -98 -58 -22 -22 -45 -91 -29 -97 -69 -68 -81 -98
-19 -65 -18 -23 -61 -51 -67 -57 -68 -55 -10 -22 -27
-30 -12 -96 -25 -60 -15 -36 -95 -70 -99 -53 -70 -12
-9 -71 -55 -54 -61 -60 -41 -22 -29 -18 -20 -29 -57
-17 -70 -77 -39 -92 -47 -80 -48 -64 -32 -31 -79 -93
-30 -37 -30 -5 -61 -5 -76 -73 -52 -65 -60 -4 -51
-17 -46 -68 -25 -65 -34 -42 -10 -15 -31 -53 -39 -57
-4 -13 -69 -22 -54 -76 -63 -35 -61 -69 -37 -85 -80
18
-82 -32 -15 -79 -81 -48 -26 -38 -45 -44 -4 -77 -62 -83 -79 -77 -2 -32
-25 -65 -70 -40 -86 -87 -63 -76 -70 -68 -32 -33 -6 -85 -95 -90 -21 -78
-51 -71 -96 -92 -72 -70 -36 -100 -35 -22 -17 -25 -23 -18 -66 -42 -33 -56
-35 -68 -78 -11 -33 -93 -47 -56 -60 -93 -76 -70 -2 -12 -49 -46 -34 -27
-38 -59 -48 -81 -6 -54 -39 -60 -76 -93 -83 -28 -13 -2 -16 -53 -65 -2
-71 -66 -8 -31 -87 -84 -99 -8 -7 -98 -78 -37 -18 -74 -47 -20 -96 -28
-39 -30 -55 -29 -14 -15 -93 -42 -33 -59 -19 -5 -55 -48 -100 -47 -18 -57
-14 -37 -11 -9 -90 -11 -15 -3 -11 -98 -20 -90 -42 -33 -66 -36 -45 -37
-85 -96 -36 -38 -77 -66 -47 -28 -71 -77 -75 -56 -35 -82 -94 -27 -81 -48
-52 -63 -92 -52 -39 -95 -52 -34 -99 -17 -69 -72 -17 -72 -43 -74 -97 -5
-29 -10 -55 -36 -55 -42 -10 -70 -48 -81 -90 -69 -44 -77 -48 -22 -3 -60
-55 -92 -19 -72 -9 -28 -36 -29 -51 -38 -88 -24 -14 -68 -51 -59 -17 -74
-29 -20 -63 -83 -3 -79 -56 -29 -58 -15 -68 -100 -15 -30 -5 -34 -3 -85
-10 -57 -93 -18 -94 -64 -17 -38 -15 -50 -85 -51 -61 -34 -1 -43 -30 -17
-8 -60 -38 -85 -39 -42 -41 -96 -61 -50 -45 -4 -10 -16 -68 -55 -4 -92
-62 -49 -83 -85 -27 -29 -51 -12 -98 -96 -80 -89 -20 -71 -84 -18 -11 -97
-6 -37 -99 -23 -91 -75 -78 -63 -31 -79 -13 -13 -86 -17 -44 -23 -62 -53
-35 -99 -7 -87 -35 -99 -32 -22 -72 -31 -96 -41 -49 -82 -75 -14 -56 -71
14
-15 -64 -57 -48 -42 -95 -59 -90 -11 -76 -97 -89 -13 -74
-28 -17 -56 -34 -22 -65 -21 -91 -64 -24 -59 -23 -12 -43
-19 -31 -68 -98 -44 -47 -71 -78 -64 -39 -3 -61 -45 -57
-80 -37 -13 -28 -3 -6 -86 -43 -74 -77 -78 -1 -15 -67
-4 -45 -15 -58 -8 -96 -67 -72 -88 -14 -71 -9 -70 -23
-25 -9 -49 -64 -86 -42 -35 -28 -72 -4 -67 -58 -74 -49
-81 -45 -57 -74 -42 -49 -45 -49 -28 -37 -52 -35 -27 -75
-12 -95 -4 -43 -86 -58 -22 -44 -3 -96 -30 -51 -17 -73
-28 -5 -60 -14 -39 -58 -84 -73 -79 -100 -35 -54 -43 -42
-100 -8 -37 -59 -69 -86 -92 -42 -4 -7 -98 -33 -88 -89
-44 -44 -99 -49 -74 -23 -2 -27 -96 -97 -21 -68 -27 -96
-58 -83 -78 -36 -88 -18 -2 -69 -11 -60 -1 -67 -7 -63
-81 -31 -19 -14 -100 -76 -50 -87 -52 -89 -86 -23 -40 -30
-95 -34 -34 -12 -55 -79 -97 -11 -86 -62 -75 -31 -55 -72
11
-91 -3 -3 -69 -94 -82 -12 -61 -20 -37 -61
-62 -10 -46 -57 -91 -40 -40 -77 -39 -20 -7
-40 -34 -43 -20 -2 -10 -17 -48 -28 -17 -27
-43 -49 -57 -22 -51 -25 -75 -97 -71 -50 -90
-23 -93 -67 -41 -94 -73 -32 -98 -67 -54 -19
-2 -84 -40 -100 -51 -58 -79 -88 -94 -2 -66
-78 -77 -85 -28 -79 -12 -74 -90 -80 -53 -83
-25 -59 -7 -68 -58 -39 -2 -55 -54 -75 -39
-74 -92 -88 -83 -33 -72 -79 -8 -3 -17 -40
-52 -87 -19 -95 -90 -62 -39 -96 -21 -57 -20
-63 -19 -85 -17 -75 -60 -57 -21 -13 -31 -99
19
-40 -30 -6 -52 -96 -60 -76 -65 -84 -18 -65 -53 -20 -35 -51 -1 -45 -15 -72
-73 -30 -48 -3 -14 -71 -93 -1 -54 -82 -26 -80 -4 -41 -15 -7 -74 -89 -59
-54 -26 -100 -68 -22 -75 -37 -51 -58 -73 -54 -60 -28 -19 -68 -42 -9 -1 -63
-69 -45 -75 -67 -17 -96 -15 -48 -15 -13 -31 -24 -90 -81 -13 -52 -7 -6 -73
-42 -31 -28 -41 -21 -5 -33 -33 -40 -41 -46 -68 -60 -21 -86 -86 -81 -91 -68
-3 -75 -29 -3 -64 -30 -96 -89 -14 -64 -100 -98 -67 -33 -51 -45 -56 -46 -65
-86 -4 -90 -73 -1 -1 -59 -29 -100 -45 -50 -17 -44 -21 -3 -99 -24 -86 -29
-33 -79 -67 -3 -10 -52 -55 -40 -73 -37 -10 -100 -39 -84 -22 -8 -49 -97 -88
-45 -30 -15 -40 -46 -63 -77 -40 -40 -55 -90 -45 -35 -87 -3 -82 -66 -93 -38
-63 -81 -98 -90 -19 -89 -42 -60 -64 -69 -50 -100 -4 -11 -98 -92 -31 -48 -59
-24 -94 -9 -69 -41 -100 -31 -49 -91 -96 -22 -68 -39 -16 -79 -89 -89 -42 -30
-15 -50 -81 -86 -11 -9 -3 -9 -92 -71 -52 -9 -72 -63 -29 -50 -3 -9 -89
-95 -1 -86 -32 -81 -83 -91 -26 -20 -76 -34 -2 -61 -47 -4 -64 -4 -51 -84
-84 -15 -94 -54 -77 -45 -94 -69 -5 -29 -31 -72 -53 -39 -15 -6 -79 -80 -72
-31 -34 -36 -54 -56 -76 -12 -18 -34 -43 -68 -15 -86 -58 -87 -26 -72 -73 -44
-42 -28 -94 -43 -82 -65 -79 -40 -72 -42 -26 -90 -16 -40 -96 -28 -3 -38 -96
-44 -44 -4 -97 -29 -11 -13 -41 -60 -33 -38 -92 -93 -30 -6 -47 -63 -38 -64
-77 -3 -22 -45 -25 -55 -9 -12 -61 -93 -7 -73 -28 -64 -52 -97 -42 -95 -40
-38 -85 -48 -98 -62 -51 -90 -88 -28 -45 -12 -27 -72 -50 -18 -50 -95 -17 -72
10
-79 -66 -61 -74 -45 -93 -56 -41 -75 -10
-99 -43 -35 -56 -98 -49 -94 -74 -87 -5
-68 -11 -42 -39 -24 -22 -75 -59 -55 -36
-22 -83 -37 -98 -64 -80 -4 -60 -49 -27
-40 -94 -60 -12 -49 -76 -18 -54 -15 -4
-89 -81 -44 -95 -26 -85 -48 -11 -41 -28
-59 -38 -77 -92 -41 -60 -100 -57 -51 -88
-96 -30 -99 -87 -7 -23 -87 -29 -18 -3
-6 -87 -35 -28 -39 -2 -16 -72 -57 -80
-47 -48 -27 -46 -43 -17 -69 -2 -9 -15
19
-7 -80 -20 -55 -27 -22 -22 -16 -43 -54 -4 -15 -59 -12 -81 -62 -21 -89 -100
-41 -26 -82 -70 -88 -83 -13 -18 -58 -36 -45 -6 -81 -26 -46 -89 -4 -9 -22
-98 -97 -73 -54 -44 -55 -31 -58 -11 -98 -16 -59 -94 -6 -72 -98 -23 -27 -42
-59 -50 -45 -27 -5 -52 -40 -20 -37 -19 -17 -28 -94 -95 -70 -36 -18 -97 -7
-23 -35 -18 -15 -93 -14 -51 -12 -71 -70 -71 -9 -50 -23 -84 -62 -61 -100 -55
-72 -100 -8 -36 -54 -82 -7 -74 -100 -25 -51 -84 -53 -1 -69 -53 -93 -35 -16
-4 -12 -26 -91 -77 -17 -84 -88 -4 -40 -63 -61 -13 -60 -6 -15 -76 -75 -30
-86 -27 -6 -1 -65 -7 -72 -48 -72 -61 -38 -91 -75 -88 -76 -99 -48 -53 -46
-64 -12 -67 -41 -47 -50 -55 -82 -98 -16 -43 -56 -7 -13 -31 -71 -80 -41 -63
-4 -21 -72 -61 -74 -90 -49 -95 -73 -76 -3 -47 -62 -76 -91 -37 -62 -3 -33
-13 -92 -88 -87 -58 -84 -79 -10 -16 -65 -72 -33 -71 -89 -20 -70 -86 -33 -14
-1 -18 -86 -51 -45 -15 -32 -62 -6 -74 -76 -19 -69 -75 -68 -74 -26 -79 -50
-14 -95 -42 -71 -71 -83 -7 -1 -100 -35 -45 -87 -80 -81 -1 -48 -74 -14 -51
-53 -11 -70 -1 -50 -30 -81 -45 -74 -52 -100 -93 -62 -35 -66 -46 -92 -93 -2
-14 -2 -90 -90 -58 -99 -72 -38 -18 -92 -85 -56 -88 -75 -47 -95 -52 -68 -7
-2 -20 -62 -48 -5 -37 -4 -9 -54 -32 -66 -15 -90 -85 -90 -71 -53 -36 -70
-7 -54 -54 -21 -52 -39 -89 -21 -94 -17 -90 -77 -6 -14 -53 -65 -17 -29 -55
-49 -54 -89 -8 -55 -99 -40 -10 -38 -90 -41 -51 -89 -4 -18 -85 -72 -29 -33
-89 -19 -59 -98 -73 -20 -99 -6 -13 -19 -58 -26 -93 -12 -3 -2 -24 -87 -38
19
-45 -6 -85 -78 -74 -96 -44 -92 -75 -27 -64 -34 -14 -8 -69 -21 -37 -21 -18
-52 -85 -90 -69 -6 -90 -80 -73 -54 -50 -43 -98 -37 -43 -63 -34 -3 -8 -42
-41 -83 -74 -9 -96 -15 -50 -70 -55 -50 -35 -45 -72 -37 -20 -44 -36 -5 -20
-10 -13 -24 -56 -68 -46 -16 -36 -19 -85 -84 -89 -55 -92 -56 -14 -89 -72 -21
-16 -49 -44 -82 -44 -26 -83 -41 -39 -41 -25 -97 -70 -1 -92 -94 -25 -26 -85
-73 -96 -45 -51 -41 -69 -60 -31 -14 -59 -57 -85 -85 -22 -26 -98 -96 -23 -64
-5 -36 -40 -2 -69 -48 -61 -2 -53 -55 -26 -90 -80 -70 -82 -69 -26 -40 -87
-71 -17 -12 -96 -6 -86 -66 -71 -47 -5 -38 -5 -48 -34 -4 -82 -70 -80 -67
-17 -87 -54 -28 -97 -12 -38 -63 -75 -78 -43 -83 -2 -25 -87 -11 -75 -66 -48
-74 -66 -70 -75 -3 -93 -94 -70 -19 -24 -8 -55 -37 -88 -91 -94 -58 -48 -84
-14 -94 -49 -9 -11 -22 -52 -95 -73 -52 -58 -84 -93 -13 -47 -91 -17 -91 -61
-44 -69 -66 -9 -66 -75 -50 -23 -40 -47 -50 -24 -83 -87 -98 -45 -62 -84 -94
-53 -60 -93 -83 -34 -73 -16 -54 -15 -17 -57 -17 -34 -57 -87 -73 -23 -97 -66
-35 -27 -46 -30 -64 -54 -44 -7 -65 -25 -11 -39 -32 -48 -34 -35 -73 -3 -34
-36 -32 -82 -75 -75 -11 -70 -78 -15 -14 -42 -45 -50 -46 -9 -51 -28 -69 -94
-93 -97 -2 -60 -21 -23 -14 -4 -73 -40 -74 -29 -86 -56 -7 -78 -83 -57 -74
-55 -57 -69 -57 -39 -25 -50 -34 -11 -52 -65 -25 -50 -48 -23 -12 -84 -23 -45
-68 -48 -82 -69 -85 -47 -6 -43 -19 -89 -99 -46 -74 -84 -87 -91 -64 -31 -45
-32 -97 -21 -62 -20 -91 -88 -45 -43 -50 -76 -10 -57 -53 -78 -19 -17 -86 -90
12
-66 -38 -18 -9 -79 -38 -80 -100 -76 -55 -63 -60
-7 -6 -5 -78 -24 -26 -93 -89 -40 -5 -52 -11
-33 -89 -22 -47 -74 -51 -43 -72 -98 -29 -49 -12
-4 -15 -21 -18 -66 -51 -86 -2 -88 -58 -65 -69
-3 -76 -11 -88 -59 -9 -94 -41 -81 -73 -24 -32
-33 -90 -31 -98 -13 -25 -21 -38 -63 -7 -50 -44
-87 -96 -93 -79 -69 -93 -35 -91 -36 -91 -2 -68
-53 -6 -90 -61 -52 -16 -35 -78 -6 -75 -9 -2
-63 -94 -30 -21 -71 -80 -10 -69 -69 -63 -91 -71
-48 -24 -98 -23 -93 -9 -79 -35 -51 -49 -78 -7
-60 -12 -40 -78 -10 -18 -57 -94 -96 -48 -2 -13
-95 -94 -61 -36 -32 -21 -69 -52 -79 -23 -68 -3
13
-28 -60 -95 -41 -3 -56 -11 -18 -22 -69 -76 -100 -14
-92 -46 -1 -45 -45 -92 -34 -13 -26 -26 -19 -2 -59
-18 -74 -33 -58 -7 -45 -48 -46 -88 -86 -97 -84 -28
-78 -57 -67 -49 -96 -49 -71 -74 -18 -24 -31 -39 -73
-56 -25 -84 -22 -11 -50 -15 -23 -22 -66 -15 -30 -95
-14 -82 -25 -25 -67 -35 -75 -9 -75 -41 -86 -44 -100
-56 -77 -18 -69 -39 -67 -34 -33 -21 -57 -12 -17 -29
-47 -86 -23 -11 -20 -52 -77 -36 -58 -1 -14 -58 -23
-35 -38 -82 -53 -48 -3 -80 -10 -4 -59 -100 -73 -28
-85 -17 -69 -60 -21 -47 -30 -55 -96 -39 -76 -75 -21
-56 -41 -51 -44 -17 -56 -39 -3 -65 -83 -28 -65 -41
-27 -93 -52 -96 -96 -87 -93 -38 -35 -48 -65 -2 -70
-39 -50 -21 -22 -17 -70 -51 -28 -11 -11 -28 -76 -91
18
-28 -97 -47 -57 -44 -34 -31 -27 -17 -12 -97 -53 -67 -69 -65 -50 -10 -58
-9 -89 -63 -88 -28 -38 -93 -56 -77 -3 -20 -68 -40 -11 -63 -87 -92 -89
-24 -97 -32 -2 -86 -46 -67 -69 -72 -98 -59 -14 -46 -80 -62 -1 -86 -81
-66 -31 -19 -87 -20 -54 -6 -84 -66 -2 -27 -77 -28 -91 -51 -91 -69 -37
-9 -64 -29 -63 -20 -70 -58 -70 -21 -21 -9 -22 -16 -98 -3 -59 -72 -43
-34 -86 -6 -52 -77 -22 -41 -64 -60 -13 -60 -99 -85 -61 -16 -10 -19 -54
-74 -88 -33 -54 -53 -72 -76 -29 -20 -31 -91 -92 -40 -45 -83 -31 -32 -85
-54 -91 -17 -39 -20 -93 -78 -49 -83 -69 -38 -40 -22 -66 -10 -64 -47 -20
-25 -48 -69 -82 -9 -58 -26 -53 -97 -39 -29 -21 -52 -94 -81 -4 -37 -88
-11 -68 -15 -56 -91 -2 -92 -95 -30 -56 -32 -70 -65 -47 -11 -16 -55 -80
-94 -10 -64 -1 -38 -12 -74 -90 -67 -81 -66 -83 -21 -78 -22 -29 -19 -5
-76 -19 -91 -57 -93 -75 -60 -83 -63 -83 -26 -55 -26 -52 -78 -32 -25 -74
-69 -34 -75 -32 -83 -44 -25 -77 -53 -46 -20 -24 -92 -53 -71 -63 -94 -92
-98 -38 -7 -10 -86 -10 -54 -96 -62 -70 -12 -82 -14 -89 -5 -48 -4 -43
-21 -76 -98 -94 -79 -59 -99 -99 -49 -52 -90 -46 -4 -14 -85 -10 -71 -23
-34 -92 -9 -26 -63 -40 -27 -91 -37 -39 -30 -92 -68 -11 -61 -1 -52 -90
-86 -35 -53 -64 -68 -2 -84 -94 -23 -78 -18 -53 -25 -53 -56 -96 -35 -25
-74 -46 -42 -98 -89 -33 -98 -92 -14 -74 -40 -81 -96 -40 -10 -22 -97 -77
13
-13 -8 -15 -24 -39 -88 -36 -56 -38 -94 -48 -81 -76
-85 -5 -41 -90 -45 -15 -78 -60 -100 -71 -27 -77 -99
-74 -31 -15 -37 -94 -77 -55 -27 -23 -12 -41 -50 -68
-56 -1 -50 -100 -62 -12 -76 -45 -67 -21 -96 -44 -96
-25 -15 -41 -19 -34 -27 -55 -11 -58 -90 -26 -91 -87
-84 -53 -9 -18 -55 -39 -10 -24 -23 -16 -89 -65 -100
-11 -11 -72 -72 -95 -63 -42 -42 -36 -97 -12 -5 -54
-13 -89 -74 -65 -35 -57 -45 -4 -83 -1 -5 -53 -16
-32 -12 -9 -82 -72 -43 -16 -20 -39 -79 -33 -44 -32
-76 -37 -38 -11 -88 -77 -49 -73 -30 -78 -43 -16 -37
-48 -12 -18 -80 -100 -14 -67 -61 -78 -42 -16 -64 -56
-14 -57 -48 -29 -99 -84 -52 -95 -49 -93 -13 -11 -68
-79 -50 -89 -67 -29 -45 -94 -81 -15 -43 -73 -27 -3
16
-4 -39 -68 -7 -51 -95 -89 -79 -17 -82 -52 -71 -62 -70 -88 -4
-60 -92 -25 -74 -95 -78 -96 -25 -81 -33 -43 -19 -3 -54 -86 -52
-77 -14 -94 -50 -65 -32 -61 -4 -90 -33 -34 -31 -96 -32 -14 -28
-57 -89 -59 -19 -100 -66 -19 -36 -61 -34 -96 -73 -85 -58 -59 -84
-100 -5 -45 -46 -19 -31 -29 -34 -36 -81 -38 -68 -68 -100 -28 -42
-44 -45 -58 -44 -56 -14 -59 -20 -97 -36 -27 -47 -89 -6 -13 -44
-100 -86 -17 -6 -96 -23 -12 -6 -32 -69 -21 -96 -61 -10 -66 -52
-15 -58 -14 -94 -38 -31 -78 -41 -89 -98 -54 -60 -73 -43 -67 -8
-20 -38 -58 -87 -92 -41 -69 -94 -55 -21 -97 -32 -4 -37 -65 -50
-76 -27 -8 -1 -86 -23 -64 -90 -80 -33 -100 -61 -45 -63 -73 -2
-64 -59 -84 -95 -39 -46 -40 -95 -78 -55 -90 -76 -64 -51 -67 -61
-99 -91 -91 -51 -76 -36 -7 -22 -30 -36 -20 -84 -92 -30 -30 -11
-86 -82 -81 -93 -91 -82 -96 -56 -78 -19 -69 -2 -57 -68 -40 -44
-100 -78 -37 -81 -67 -86 -53 -38 -93 -39 -17 -37 -62 -85 -77 -69
-92 -32 -73 -42 -35 -77 -44 -53 -46 -76 -65 -50 -34 -92 -75 -81
-53 -47 -96 -61 -41 -51 -100 -58 -98 -40 -92 -81 -67 -100 -67 -63
18
-24 -69 -7 -91 -65 -28 -99 -41 -55 -64 -6 -89 -53 -85 -50 -74 -74 -71
-70 -57 -6 -76 -92 -99 -3 -33 -18 -75 -19 -4 -63 -40 -46 -53 -16 -53
-75 -64 -18 -1 -91 -49 -74 -72 -9 -33 -17 -66 -57 -100 -85 -44 -80 -1
-66 -98 -82 -90 -44 -90 -32 -4 -24 -93 -84 -36 -58 -96 -33 -97 -84 -34
-78 -51 -12 -83 -95 -34 -67 -18 -6 -72 -64 -65 -17 -43 -70 -78 -5 -61
-40 -5 -84 -74 -21 -37 -79 -66 -67 -45 -4 -51 -58 -93 -66 -79 -18 -9
-33 -52 -83 -30 -4 -9 -19 -29 -15 -70 -23 -45 -62 -16 -19 -97 -6 -42
-33 -41 -51 -7 -1 -22 -95 -39 -21 -96 -80 -17 -98 -74 -51 -20 -17 -62
-12 -76 -29 -28 -80 -77 -36 -85 -22 -100 -55 -84 -22 -32 -34 -68 -68 -18
-6 -26 -74 -84 -4 -59 -56 -97 -29 -78 -20 -51 -21 -51 -23 -6 -40 -48
-9 -91 -5 -69 -44 -78 -57 -78 -98 -65 -5 -24 -34 -72 -98 -62 -100 -75
-96 -13 -45 -85 -73 -47 -35 -12 -42 -47 -39 -64 -28 -3 -13 -42 -84 -92
-80 -33 -30 -79 -8 -19 -88 -91 -6 -7 -33 -61 -72 -49 -60 -14 -65 -3
-38 -76 -49 -45 -33 -97 -35 -77 -1 -31 -25 -93 -75 -27 -99 -75 -59 -60
-34 -72 -72 -24 -95 -21 -81 -15 -43 -24 -73 -72 -35 -73 -57 -45 -66 -36
-56 -61 -40 -83 -85 -55 -86 -70 -8 -25 -62 -52 -10 -18 -75 -62 -29 -97
-89 -98 -80 -29 -21 -59 -33 -85 -9 -43 -40 -70 -42 -15 -93 -50 -42 -27
-53 -63 -37 -6 -67 -79 -92 -43 -75 -98 -55 -50 -74 -80 -32 -55 -63 -22
14
-70 -83 -52 -87 -69 -41 -97 -73 -47 -94 -74 -99 -5 -99
-67 -84 -29 -6 -72 -43 -73 -38 -84 -46 -51 -79 -65 -5
-91 -88 -98 -31 -33 -32 -60 -47 -73 -92 -58 -8 -11 -58
-28 -31 -34 -33 -99 -78 -93 -98 -25 -93 -13 -95 -12 -68
-61 -56 -95 -76 -66 -77 -58 -5 -45 -90 -13 -41 -34 -29
-25 -25 -88 -19 -98 -47 -60 -64 -75 -33 -34 -95 -49 -35
-61 -3 -32 -12 -28 -26 -88 -50 -36 -69 -18 -100 -50 -81
-77 -30 -2 -32 -49 -58 -54 -17 -92 -87 -44 -37 -68 -5
-62 -73 -42 -67 -38 -49 -54 -66 -16 -100 -28 -96 -23 -31
-41 -12 -41 -99 -89 -8 -24 -78 -55 -20 -49 -85 -55 -33
-55 -8 -90 -45 -28 -87 -7 -87 -66 -92 -12 -6 -58 -71
-33 -3 -51 -64 -72 -36 -80 -78 -98 -85 -70 -33 -34 -99
-98 -31 -53 -62 -41 -51 -58 -15 -51 -72 -5 -91 -47 -14
-17 -94 -93 -16 -41 -22 -43 -71 -79 -56 -58 -95 -89 -92
17
-3 -54 -42 -91 -66 -5 -6 -28 -33 -10 -67 -21 -87 -23 -90 -16 -12
-78 -96 -63 -23 -80 -89 -40 -10 -86 -43 -17 -85 -88 -8 -27 -46 -17
-9 -91 -73 -43 -3 -85 -47 -99 -56 -79 -93 -37 -15 -69 -48 -49 -90
-25 -12 -77 -65 -51 -24 -38 -62 -54 -50 -59 -14 -64 -97 -49 -8 -25
-86 -73 -19 -95 -28 -60 -27 -67 -20 -12 -50 -9 -100 -99 -53 -91 -97
-51 -95 -59 -84 -79 -77 -53 -89 -71 -35 -68 -32 -4 -38 -68 -10 -73
-89 -25 -59 -23 -1 -43 -86 -5 -73 -94 -90 -48 -47 -37 -60 -39 -85
-89 -40 -16 -35 -67 -36 -49 -87 -63 -21 -68 -95 -17 -73 -46 -33 -40
-100 -98 -92 -10 -95 -29 -17 -54 -24 -63 -36 -94 -79 -4 -10 -98 -15
-23 -82 -42 -32 -30 -17 -43 -38 -37 -32 -12 -12 -14 -35 -81 -95 -32
-37 -12 -78 -86 -41 -31 -81 -65 -55 -91 -18 -88 -14 -78 -1 -25 -94
-33 -87 -100 -9 -24 -24 -90 -10 -78 -19 -100 -37 -34 -38 -57 -66 -35
-69 -81 -96 -54 -70 -22 -42 -51 -43 -99 -83 -47 -45 -86 -76 -93 -45
-34 -12 -18 -45 -47 -36 -95 -45 -75 -65 -9 -73 -7 -12 -1 -42 -100
-72 -30 -49 -84 -99 -51 -63 -90 -55 -15 -33 -75 -87 -7 -91 -82 -78
-31 -60 -86 -74 -78 -76 -63 -20 -33 -48 -74 -19 -70 -65 -97 -6 -50
-43 -96 -36 -45 -50 -39 -83 -34 -13 -83 -75 -16 -22 -82 -65 -40 -96
14
-67 -97 -59 -28 -46 -53 -26 -89 -47 -7 -1 -100 -10 -8
-44 -47 -51 -34 -30 -81 -60 -15 -29 -44 -76 -64 -7 -47
-28 -65 -44 -100 -88 -24 -9 -51 -54 -3 -74 -72 -9 -43
-21 -66 -72 -84 -69 -42 -73 -73 -39 -63 -95 -61 -52 -35
-52 -66 -100 -62 -81 -82 -10 -61 -71 -31 -55 -97 -38 -85
-14 -41 -77 -41 -26 -14 -93 -9 -19 -60 -24 -38 -62 -53
-70 -25 -72 -49 -18 -44 -85 -16 -64 -22 -59 -85 -13 -65
-40 -81 -26 -49 -17 -36 -78 -29 -69 -11 -95 -88 -39 -83
-17 -80 -55 -63 -17 -52 -85 -69 -84 -23 -3 -1 -85 -20
-55 -50 -87 -21 -50 -71 -46 -52 -96 -61 -57 -95 -79 -42
-32 -48 -45 -19 -72 -40 -69 -49 -41 -46 -8 -6 -49 -27
-100 -39 -82 -34 -11 -35 -75 -46 -16 -25 -19 -37 -28 -74
-41 -64 -91 -52 -50 -41 -25 -49 -38 -60 -14 -15 -77 -94
-99 -63 -60 -93 -43 -2 -49 -24 -57 -26 -18 -40 -66 -79
15
-97 -1 -72 -15 -71 -79 -75 -81 -47 -95 -47 -37 -72 -65 -50
-87 -66 -50 -66 -85 -49 -81 -30 -17 -58 -31 -9 -44 -79 -33
-86 -93 -63 -83 -75 -45 -3 -75 -13 -73 -72 -93 -21 -89 -81
-84 -15 -61 -61 -62 -68 -68 -56 -49 -45 -59 -55 -78 -98 -30
-77 -86 -74 -17 -17 -29 -93 -65 -44 -81 -83 -34 -66 -65 -37
-7 -21 -69 -40 -72 -63 -21 -53 -76 -93 -50 -54 -9 -14 -69
-94 -61 -3 -18 -49 -97 -69 -100 -70 -18 -39 -14 -57 -59 -53
-83 -44 -52 -55 -80 -35 -97 -19 -39 -58 -70 -83 -10 -94 -21
-79 -95 -53 -12 -53 -55 -50 -99 -78 -20 -22 -65 -68 -74 -86
-100 -75 -68 -67 -25 -53 -25 -19 -7 -72 -23 -91 -96 -60 -41
-78 -68 -42 -66 -31 -38 -53 -48 -83 -25 -33 -41 -38 -98 -47
-94 -88 -3 -29 -13 -48 -25 -27 -46 -37 -36 -96 -74 -4 -53
-99 -49 -26 -97 -89 -19 -75 -65 -35 -100 -41 -85 -76 -15 -3
-30 -75 -93 -12 -44 -81 -5 -7 -57 -13 -13 -100 -91 -10 -77
-74 -30 -64 -65 -16 -38 -6 -25 -66 -39 -70 -20 -23 -34 -16
13
-81 -68 -36 -80 -71 -75 -89 -53 -78 -68 -89 -65 -15
-73 -96 -99 -53 -4 -25 -35 -95 -99 -63 -76 -94 -66
-5 -60 -14 -95 -82 -41 -9 -49 -53 -88 -87 -73 -72
-23 -54 -18 -43 -42 -6 -93 -20 -67 -13 -91 -50 -78
-66 -64 -62 -80 -96 -26 -57 -95 -44 -43 -89 -30 -58
-26 -63 -14 -100 -69 -62 -77 -70 -21 -68 -25 -1 -18
-33 -60 -83 -51 -14 -66 -44 -99 -35 -77 -85 -34 -32
-90 -43 -2 -78 -39 -57 -2 -44 -79 -55 -18 -22 -100
-93 -77 -90 -95 -56 -100 -57 -67 -47 -46 -79 -49 -60
-15 -53 -21 -91 -48 -60 -87 -82 -55 -38 -67 -78 -1
-80 -59 -74 -56 -96 -27 -90 -93 -42 -67 -76 -84 -9
-31 -11 -72 -97 -59 -26 -64 -70 -28 -42 -30 -54 -44
-73 -41 -37 -39 -84 -49 -56 -15 -8 -76 -65 -63 -71
10
-4 -33 -78 -13 -76 -24 -48 -65 -4 -7
-98 -87 -73 -51 -47 -41 -85 -85 -8 -7
-92 -87 -48 -62 -7 -87 -52 -34 -17 -57
-25 -4 -85 -97 -76 -66 -7 -98 -78 -35
-77 -24 -98 -100 -27 -7 -26 -8 -37 -69
-98 -59 -82 -60 -66 -31 -45 -6 -67 -45
-100 -4 -96 -65 -18 -40 -34 -9 -52 -44
-39 -36 -61 -17 -48 -59 -76 -46 -54 -66
-38 -45 -9 -15 -95 -5 -98 -21 -26 -47
-61 -2 -45 -86 -93 -61 -79 -12 -76 -8
12
-6 -77 -22 -6 -78 -95 -89 -20 -18 -73 -98 -62
-23 -68 -10 -5 -24 -89 -75 -78 -67 -34 -100 -40
-43 -100 -74 -64 -40 -82 -5 -44 -10 -65 -77 -44
-70 -94 -23 -35 -57 -9 -60 -26 -30 -56 -83 -100
-35 -37 -93 -24 -94 -21 -41 -78 -70 -72 -82 -23
-83 -89 -60 -94 -73 -96 -95 -11 -12 -68 -73 -2
-100 -10 -91 -64 -7 -81 -29 -25 -71 -78 -69 -86
-11 -2 -8 -45 -53 -100 -66 -70 -32 -8 -15 -94
-22 -73 -73 -80 -34 -34 -21 -61 -53 -95 -4 -62
-19 -52 -95 -58 -76 -62 -19 -41 -8 -64 -7 -4
-60 -89 -6 -41 -32 -2 -33 -31 -33 -35 -61 -2
-63 -7 -34 -48 -40 -26 -67 -71 -75 -59 -46 -92
14
-48 -89 -75 -58 -49 -88 -77 -3 -4 -51 -79 -53 -84 -31
-9 -41 -66 -64 -13 -94 -49 -37 -77 -63 -38 -81 -15 -51
-32 -56 -97 -12 -12 -79 -35 -100 -36 -32 -93 -63 -59 -95
-49 -67 -43 -22 -43 -28 -60 -6 -40 -41 -59 -92 -85 -58
-16 -96 -41 -33 -40 -20 -85 -72 -74 -23 -95 -48 -81 -41
-88 -52 -4 -92 -13 -15 -52 -41 -21 -85 -64 -58 -40 -10
-39 -97 -89 -13 -10 -16 -67 -91 -11 -25 -37 -23 -69 -82
-88 -5 -36 -81 -88 -25 -28 -32 -43 -23 -68 -54 -85 -24
-83 -83 -14 -23 -5 -26 -34 -39 -1 -17 -69 -40 -10 -44
-71 -2 -46 -4 -61 -47 -84 -15 -87 -89 -93 -12 -4 -36
-9 -98 -40 -63 -4 -21 -11 -87 -53 -49 -14 -40 -13 -4
-65 -51 -13 -23 -56 -65 -30 -81 -13 -60 -81 -52 -3 -70
-97 -86 -21 -5 -4 -65 -22 -12 -94 -38 -4 -37 -99 -14
-89 -27 -49 -35 -48 -64 -93 -26 -83 -31 -12 -28 -17 -76
15
-62 -80 -70 -74 -36 -27 -17 -63 -76 -14 -64 -78 -69 -5 -97
-23 -62 -51 -92 -42 -49 -25 -21 -89 -26 -19 -93 -90 -59 -34
-95 -67 -13 -86 -62 -51 -98 -66 -72 -99 -27 -4 -98 -50 -36
-31 -32 -74 -10 -5 -34 -1 -10 -91 -52 -24 -51 -12 -43 -26
-28 -81 -52 -84 -42 -61 -29 -79 -22 -81 -13 -56 -23 -66 -42
-58 -65 -96 -58 -4 -52 -80 -88 -66 -41 -47 -50 -69 -4 -12
-74 -8 -59 -87 -75 -52 -63 -33 -74 -27 -44 -18 -10 -6 -2
-69 -24 -31 -43 -4 -55 -75 -54 -59 -48 -98 -17 -61 -1 -84
-51 -61 -98 -71 -80 -65 -16 -71 -66 -29 -56 -57 -99 -80 -76
-43 -7 -23 -31 -28 -72 -3 -54 -32 -18 -73 -78 -20 -65 -47
-97 -73 -44 -97 -29 -71 -47 -90 -55 -67 -27 -68 -79 -77 -13
-22 -64 -36 -13 -12 -10 -30 -28 -99 -4 -80 -81 -63 -44 -87
-39 -85 -3 -24 -81 -41 -10 -72 -59 -99 -87 -75 -51 -95 -49
-90 -35 -78 -81 -64 -4 -58 -43 -33 -15 -17 -14 -98 -22 -20
-80 -82 -51 -29 -19 -24 -67 -23 -21 -54 -50 -89 -100 -45 -35
19
-79 -50 -12 -48 -32 -69 -41 -86 -9 -62 -7 -13 -42 -30 -81 -53 -26 -86 -54
-3 -32 -3 -89 -61 -5 -6 -26 -94 -29 -36 -75 -77 -73 -19 -47 -56 -93 -53
-24 -49 -76 -37 -3 -71 -1 -8 -44 -70 -60 -76 -3 -53 -54 -59 -93 -74 -69
-42 -77 -73 -14 -71 -37 -55 -5 -40 -18 -90 -8 -97 -47 -15 -41 -81 -12 -81
-31 -45 -72 -81 -29 -43 -45 -83 -10 -4 -44 -86 -61 -74 -7 -42 -81 -85 -7
-93 -8 -82 -79 -95 -38 -55 -75 -17 -13 -94 -64 -64 -21 -34 -98 -57 -2 -13
-81 -20 -64 -70 -34 -8 -31 -8 -7 -87 -14 -65 -68 -64 -19 -14 -75 -58 -23
-89 -98 -27 -9 -91 -59 -58 -5 -62 -52 -59 -19 -55 -92 -21 -98 -89 -92 -50
-27 -99 -94 -55 -10 -43 -69 -46 -23 -80 -100 -98 -65 -48 -82 -59 -90 -71 -98
-16 -90 -79 -93 -18 -41 -89 -92 -64 -52 -46 -50 -30 -39 -16 -1 -83 -29 -20
-27 -70 -86 -79 -64 -92 -25 -63 -39 -70 -41 -80 -29 -60 -24 -83 -1 -89 -97
-31 -61 -96 -48 -82 -49 -25 -35 -25 -84 -49 -56 -6 -97 -37 -58 -25 -84 -1
-89 -35 -16 -33 -47 -11 -8 -100 -87 -64 -67 -89 -28 -15 -54 -42 -30 -31 -48
-51 -3 -52 -43 -10 -17 -73 -68 -71 -48 -81 -59 -47 -34 -79 -84 -30 -49 -31
-72 -49 -85 -73 -48 -11 -28 -41 -100 -61 -15 -49 -32 -47 -37 -20 -66 -97 -25
-83 -60 -4 -68 -98 -92 -81 -67 -52 -81 -12 -19 -58 -70 -19 -81 -71 -64 -35
-17 -18 -16 -17 -56 -6 -14 -55 -32 -41 -87 -81 -61 -93 -37 -89 -11 -39 -8
-26 -70 -85 -57 -22 -72 -72 -17 -98 -39 -67 -62 -40 -22 -82 -63 -8 -90 -48
-90 -34 -51 -70 -5 -59 -1 -77 -29 -87 -9 -3 -96 -99 -62 -87 -89 -30 -44
11
-96 -43 -19 -100 -49 -66 -70 -2 -48 -19 -69
-82 -94 -9 -64 -91 -14 -54 -15 -67 -87 -14
-91 -69 -9 -76 -36 -14 -51 -55 -10 -72 -74
-62 -34 -42 -98 -68 -79 -76 -9 -77 -92 -96
-18 -45 -34 -29 -2 -65 -79 -55 -51 -91 -51
-58 -80 -70 -28 -25 -88 -61 -66 -83 -70 -85
-59 -33 -1 -97 -77 -14 -2 -75 -80 -93 -74
-52 -10 -68 -63 -63 -91 -29 -20 -3 -96 -77
-13 -42 -30 -39 -58 -49 -15 -28 -63 -57 -10
-28 -74 -87 -86 -82 -44 -96 -38 -35 -49 -8
-27 -52 -42 -84 -33 -39 -5 -96 -79 -17 -4
14
-76 -29 -47 -68 -78 -1 -9 -25 -70 -66 -58 -52 -81 -86
-42 -1 -23 -9 -93 -88 -33 -12 -86 -51 -6 -34 -31 -2
-37 -68 -28 -14 -34 -54 -7 -37 -84 -52 -26 -88 -65 -37
-25 -47 -99 -85 -67 -66 -68 -38 -48 -80 -73 -90 -41 -38
-11 -59 -75 -100 -34 -6 -96 -24 -73 -57 -11 -87 -22 -16
-84 -79 -38 -12 -94 -62 -27 -79 -74 -43 -27 -33 -99 -3
-47 -37 -45 -25 -57 -31 -74 -28 -42 -46 -89 -33 -24 -80
-73 -66 -74 -72 -82 -29 -60 -6 -65 -99 -26 -9 -39 -100
-24 -63 -8 -90 -90 -61 -42 -14 -30 -78 -69 -13 -100 -84
-51 -35 -65 -86 -27 -11 -82 -94 -89 -32 -73 -73 -30 -29
-91 -70 -100 -29 -18 -4 -80 -33 -85 -78 -59 -63 -65 -60
-87 -72 -14 -48 -82 -91 -2 -65 -12 -35 -6 -48 -6 -23
-49 -10 -79 -80 -21 -52 -60 -64 -44 -67 -30 -40 -77 -78
-76 -18 -98 -49 -56 -99 -67 -46 -87 -75 -42 -83 -57 -38
15
-6 -19 -100 -76 -77 -78 -91 -94 -19 -32 -24 -48 -9 -23 -49
-90 -7 -15 -44 -61 -54 -43 -34 -62 -88 -16 -82 -19 -29 -59
-61 -8 -57 -66 -40 -18 -93 -80 -43 -38 -5 -96 -62 -27 -43
-14 -43 -35 -9 -41 -61 -96 -34 -52 -97 -84 -4 -85 -37 -65
-23 -98 -41 -91 -59 -75 -91 -14 -14 -72 -51 -6 -65 -50 -45
-87 -35 -64 -95 -82 -25 -8 -87 -70 -63 -83 -74 -44 -51 -26
-38 -69 -69 -94 -94 -69 -50 -4 -41 -64 -99 -8 -13 -58 -22
-62 -64 -6 -1 -57 -94 -93 -73 -87 -30 -40 -72 -31 -26 -8
-51 -90 -2 -13 -89 -78 -84 -27 -89 -21 -37 -39 -58 -57 -46
-66 -99 -85 -27 -26 -6 -87 -11 -49 -12 -68 -96 -95 -40 -80
-12 -9 -19 -89 -58 -41 -52 -19 -25 -7 -26 -14 -41 -47 -11
-76 -66 -100 -68 -32 -76 -40 -33 -48 -3 -16 -17 -18 -61 -43
-74 -56 -7 -77 -30 -1 -1 -75 -44 -87 -29 -32 -32 -30 -2
-46 -27 -52 -58 -21 -39 -73 -7 -24 -71 -58 -38 -88 -2 -87
-37 -91 -92 -64 -80 -51 -43 -88 -56 -78 -96 -18 -86 -65 -61
12
-28 -18 -31 -41 -81 -9 -24 -30 -92 -87 -48 -45
-68 -29 -22 -5 -33 -67 -14 -54 -43 -27 -37 -39
-42 -37 -88 -9 -18 -92 -99 -76 -40 -25 -11 -67
-29 -94 -87 -19 -55 -69 -88 -31 -88 -56 -43 -29
-25 -58 -18 -46 -9 -27 -87 -39 -52 -59 -13 -55
-68 -12 -93 -69 -23 -10 -54 -90 -29 -74 -36 -57
-75 -58 -72 -8 -86 -28 -77 -64 -39 -85 -57 -78
-56 -57 -100 -12 -1 -23 -76 -47 -55 -70 -31 -6
-82 -68 -61 -85 -77 -48 -59 -62 -24 -43 -74 -36
-14 -40 -54 -79 -15 -71 -2 -72 -42 -47 -34 -80
-85 -26 -7 -31 -16 -70 -51 -46 -48 -94 -51 -71
-12 -85 -10 -90 -38 -55 -80 -1 -93 -75 -76 -19
16
-59 -53 -66 -67 -39 -79 -94 -80 -25 -40 -94 -59 -47 -2 -68 -24
-44 -64 -13 -1 -29 -55 -38 -26 -52 -48 -95 -9 -74 -79 -6 -8
-59 -33 -93 -100 -71 -46 -97 -32 -95 -53 -65 -98 -21 -6 -60 -38
-67 -5 -42 -41 -8 -46 -94 -93 -41 -6 -54 -97 -35 -38 -82 -21
-51 -74 -68 -46 -29 -49 -64 -59 -21 -70 -75 -87 -20 -87 -70 -40
-8 -93 -17 -3 -99 -1 -66 -22 -99 -36 -72 -9 -24 -3 -19 -43
-76 -4 -47 -21 -81 -97 -82 -19 -32 -79 -75 -15 -81 -16 -80 -31
-77 -14 -6 -58 -56 -81 -16 -25 -80 -19 -93 -51 -38 -8 -59 -24
-33 -18 -21 -93 -7 -21 -47 -93 -47 -71 -18 -21 -17 -24 -78 -44
-13 -39 -83 -5 -83 -56 -51 -43 -47 -78 -42 -56 -61 -98 -34 -36
-15 -96 -92 -24 -43 -46 -50 -6 -10 -85 -90 -63 -11 -13 -93 -1
-70 -83 -42 -9 -71 -47 -87 -92 -81 -92 -12 -41 -79 -94 -38 -62
-96 -63 -32 -67 -13 -66 -91 -46 -94 -94 -19 -10 -19 -64 -32 -1
-9 -59 -100 -48 -63 -37 -42 -67 -2 -73 -6 -56 -37 -1 -56 -72
-15 -69 -44 -53 -41 -58 -90 -36 -35 -46 -35 -85 -33 -14 -56 -80
-37 -71 -40 -48 -25 -35 -72 -94 -8 -45 -39 -88 -99 -27 -86 -89
19
-40 -25 -78 -38 -93 -12 -10 -82 -92 -78 -10 -1 -43 -56 -59 -52 -64 -91 -81
-98 -8 -48 -21 -1 -59 -56 -40 -62 -63 -61 -7 -52 -27 -77 -90 -13 -18 -33
-54 -50 -39 -94 -14 -60 -7 -11 -5 -91 -12 -40 -48 -4 -14 -2 -15 -81 -9
-37 -40 -45 -25 -54 -63 -1 -79 -95 -18 -78 -40 -67 -71 -81 -77 -66 -77 -72
-51 -36 -87 -66 -17 -52 -54 -84 -95 -51 -11 -63 -13 -99 -87 -34 -98 -96 -95
-15 -10 -91 -90 -40 -14 -46 -23 -4 -77 -37 -82 -45 -13 -24 -70 -39 -85 -97
-31 -23 -71 -33 -29 -40 -5 -4 -89 -24 -24 -25 -42 -96 -65 -6 -7 -16 -52
-23 -30 -76 -92 -23 -47 -82 -22 -62 -20 -79 -18 -52 -1 -7 -33 -40 -30 -57
-8 -33 -81 -40 -37 -8 -80 -23 -41 -4 -35 -62 -30 -9 -20 -66 -19 -88 -73
-1 -20 -79 -61 -86 -69 -40 -31 -67 -50 -53 -67 -64 -24 -54 -80 -53 -69 -50
-35 -62 -41 -12 -23 -49 -81 -79 -98 -21 -74 -23 -35 -38 -17 -53 -23 -60 -13
-88 -23 -61 -17 -17 -89 -94 -53 -61 -71 -73 -38 -71 -13 -46 -70 -57 -75 -45
-30 -21 -54 -59 -74 -14 -10 -95 -77 -65 -16 -5 -60 -12 -100 -37 -99 -64 -91
-47 -81 -70 -71 -64 -61 -95 -73 -96 -39 -55 -10 -16 -73 -42 -49 -82 -21 -96
-47 -37 -60 -98 -57 -82 -19 -92 -87 -91 -27 -98 -21 -98 -20 -40 -85 -85 -89
-30 -95 -97 -29 -89 -15 -81 -61 -19 -69 -95 -30 -69 -66 -92 -86 -66 -52 -50
-83 -78 -50 -37 -86 -90 -28 -89 -19 -81 -57 -27 -93 -42 -41 -42 -12 -72 -62
-21 -62 -96 -16 -61 -54 -19 -28 -79 -18 -26 -12 -15 -43 -59 -36 -92 -11 -9
-41 -6 -34 -92 -85 -64 -92 -97 -54 -56 -56 -48 -9 -10 -58 -33 -64 -21 -89
11
-45 -6 -84 -8 -78 -79 -8 -62 -28 -30 -92
-87 -26 -29 -88 -30 -88 -74 -95 -10 -50 -36
-71 -100 -10 -80 -45 -21 -100 -79 -74 -54 -51
-25 -52 -93 -29 -93 -81 -58 -81 -74 -60 -74
-10 -61 -7 -84 -9 -15 -5 -68 -55 -21 -81
-95 -74 -12 -52 -27 -87 -69 -8 -61 -96 -99
-63 -93 -4 -56 -61 -67 -65 -58 -23 -57 -97
-33 -20 -22 -67 -74 -38 -51 -53 -64 -48 -68
-92 -15 -71 -67 -49 -60 -13 -4 -71 -63 -50
-60 -14 -29 -28 -48 -8 -15 -17 -73 -85 -89
-87 -1 -20 -10 -39 -92 -2 -34 -42 -76 -94
15
-49 -88 -28 -33 -80 -39 -6 -98 -31 -67 -20 -11 -42 -67 -28
-12 -32 -69 -46 -15 -76 -41 -77 -36 -13 -68 -1 -3 -36 -62
-90 -64 -1 -25 -99 -72 -60 -28 -73 -11 -64 -60 -58 -90 -41
-99 -75 -58 -100 -55 -92 -32 -25 -7 -97 -17 -96 -31 -17 -5
-71 -27 -99 -72 -20 -82 -20 -92 -68 -31 -74 -35 -36 -3 -13
-71 -87 -81 -10 -86 -92 -34 -56 -74 -95 -94 -16 -52 -43 -93
-100 -44 -15 -71 -28 -78 -19 -85 -57 -65 -61 -36 -53 -13 -79
-87 -41 -56 -48 -65 -90 -86 -8 -81 -8 -38 -75 -34 -9 -56
-85 -73 -98 -89 -34 -61 -78 -71 -58 -15 -52 -44 -78 -51 -55
-67 -83 -78 -2 -52 -69 -90 -95 -39 -14 -31 -99 -57 -61 -10
-3 -94 -6 -61 -89 -39 -11 -45 -74 -31 -28 -19 -63 -30 -74
-7 -45 -4 -57 -73 -54 -93 -16 -44 -4 -42 -90 -1 -22 -26
-78 -16 -1 -31 -82 -83 -1 -62 -92 -20 -59 -5 -75 -77 -11
-83 -17 -4 -4 -65 -68 -56 -15 -71 -78 -96 -41 -23 -25 -50
-72 -10 -17 -41 -37 -63 -84 -84 -16 -87 -70 -99 -40 -43 -80
19
-65 -41 -35 -11 -39 -70 -75 -23 -79 -39 -5 -62 -8 -5 -63 -81 -2 -47 -29
-52 -50 -81 -9 -68 -24 -43 -64 -12 -19 -98 -48 -79 -42 -31 -65 -77 -2 -74
-35 -84 -85 -10 -31 -69 -83 -62 -76 -48 -65 -53 -6 -87 -31 -11 -18 -59 -48
-81 -75 -50 -79 -80 -14 -32 -1 -6 -7 -86 -33 -25 -49 -27 -72 -53 -90 -49
-71 -54 -31 -14 -28 -84 -83 -23 -24 -67 -86 -1 -100 -10 -74 -19 -93 -6 -94
-65 -16 -27 -25 -95 -99 -36 -87 -64 -64 -41 -18 -94 -15 -52 -10 -10 -25 -22
-46 -73 -21 -38 -50 -40 -32 -3 -62 -13 -68 -78 -67 -89 -80 -44 -29 -27 -10
-53 -57 -43 -59 -42 -58 -68 -72 -32 -77 -13 -78 -61 -58 -49 -70 -40 -26 -45
-24 -1 -4 -4 -21 -7 -53 -82 -63 -34 -38 -34 -13 -57 -24 -76 -33 -17 -84
-100 -61 -1 -6 -84 -90 -53 -8 -37 -64 -67 -40 -79 -5 -79 -40 -17 -33 -65
-82 -28 -30 -79 -90 -79 -2 -39 -9 -8 -85 -28 -59 -99 -44 -63 -56 -58 -82
-84 -12 -41 -91 -70 -46 -45 -34 -72 -94 -24 -53 -60 -27 -29 -81 -37 -38 -78
-40 -38 -34 -29 -39 -25 -94 -46 -46 -47 -92 -17 -12 -62 -2 -29 -20 -58 -5
-99 -72 -92 -49 -55 -80 -9 -18 -17 -99 -80 -39 -71 -65 -69 -31 -71 -85 -51
-61 -74 -16 -91 -73 -87 -33 -41 -41 -94 -86 -28 -19 -4 -51 -53 -74 -52 -31
-99 -79 -14 -20 -46 -94 -60 -45 -36 -4 -97 -95 -37 -6 -18 -4 -50 -9 -92
-55 -99 -44 -2 -43 -91 -35 -1 -84 -2 -98 -86 -17 -3 -36 -27 -75 -66 -61
-93 -1 -69 -47 -80 -52 -56 -59 -97 -93 -96 -60 -99 -76 -5 -94 -59 -61 -81
-57 -63 -25 -33 -86 -13 -70 -16 -46 -39 -57 -5 -96 -61 -29 -24 -73 -83 -70
10
-45 -73 -95 -69 -51 -76 -80 -10 -97 -24
-45 -47 -95 -14 -29 -79 -59 -37 -91 -97
-81 -95 -7 -4 -28 -2 -20 -34 -1 -46
-10 -38 -20 -44 -71 -89 -13 -12 -39 -75
-15 -44 -2 -1 -90 -44 -52 -46 -10 -97
-24 -72 -40 -99 -97 -17 -67 -56 -63 -4
-98 -51 -15 -94 -55 -53 -98 -51 -63 -21
-99 -23 -53 -61 -70 -1 -98 -24 -72 -19
-49 -58 -60 -64 -46 -19 -47 -21 -27 -93
-10 -79 -97 -29 -28 -78 -88 -34 -78 -13
10
-40 -82 -38 -38 -28 -42 -1 -67 -93 -37
-52 -47 -49 -25 -71 -6 -82 -80 -80 -52
-38 -38 -32 -79 -23 -60 -81 -95 -10 -29
-35 -76 -83 -99 -38 -12 -27 -68 -33 -22
-56 -11 -43 -66 -21 -46 -64 -5 -90 -78
-73 -52 -61 -89 -24 -78 -29 -86 -22 -55
-20 -49 -82 -5 -33 -52 -62 -37 -5 -9
-14 -19 -78 -75 -29 -90 -21 -76 -94 -72
-33 -40 -27 -76 -47 -65 -63 -50 -62 -55
-37 -43 -65 -71 -22 -1 -50 -73 -53 -61
14
-67 -61 -50 -36 -28 -25 -76 -19 -52 -15 -34 -18 -13 -5
-47 -9 -63 -89 -11 -15 -40 -42 -7 -48 -35 -3 -32 -4
-65 -18 -21 -98 -35 -66 -28 -20 -97 -75 -95 -24 -91 -4
-76 -84 -49 -19 -59 -76 -51 -99 -7 -73 -35 -9 -68 -48
-26 -25 -55 -56 -48 -30 -52 -48 -19 -18 -62 -84 -75 -58
-34 -15 -74 -71 -21 -88 -39 -35 -27 -79 -77 -60 -70 -100
-34 -99 -86 -60 -65 -31 -75 -3 -49 -29 -90 -77 -60 -3
-59 -40 -24 -60 -52 -40 -31 -78 -34 -56 -31 -12 -26 -69
-10 -98 -86 -31 -94 -43 -38 -39 -37 -66 -9 -27 -30 -36
-78 -22 -66 -67 -13 -30 -93 -80 -87 -15 -30 -66 -95 -93
-27 -5 -8 -85 -71 -31 -25 -67 -7 -29 -63 -20 -11 -92
-24 -28 -10 -3 -36 -57 -65 -43 -19 -68 -90 -97 -38 -40
-57 -59 -18 -57 -62 -82 -5 -15 -78 -92 -99 -14 -64 -4
-78 -99 -9 -29 -1 -51 -50 -87 -40 -31 -41 -100 -82 -9
10
-37 -14 -36 -58 -9 -56 -28 -58 -49 -61
-96 -3 -65 -55 -17 -15 -17 -18 -30 -70
-73 -5 -71 -66 -41 -53 -82 -31 -63 -46
-49 -82 -49 -99 -65 -59 -78 -20 -9 -3
-5 -34 -59 -72 -43 -25 -16 -51 -21 -20
-80 -37 -77 -82 -89 -56 -96 -56 -88 -32
-20 -18 -1 -37 -96 -4 -58 -4 -96 -20
-78 -75 -36 -16 -38 -42 -33 -52 -11 -80
-9 -52 -6 -40 -71 -46 -7 -82 -68 -7
-12 -18 -34 -2 -86 -14 -9 -79 -20 -55
15
-75 -100 -42 -59 -22 -91 -63 -81 -60 -22 -58 -47 -72 -60 -67
-60 -42 -93 -78 -4 -100 -36 -85 -2 -83 -17 -57 -10 -14 -72
-57 -83 -72 -82 -84 -74 -72 -54 -85 -34 -6 -72 -84 -20 -70
-27 -20 -16 -92 -32 -15 -81 -12 -27 -95 -49 -40 -12 -29 -30
-81 -37 -8 -88 -22 -62 -82 -46 -3 -32 -46 -28 -67 -92 -90
-79 -45 -24 -76 -8 -19 -1 -3 -40 -97 -16 -23 -55 -76 -47
-86 -6 -9 -51 -17 -49 -12 -63 -14 -21 -73 -26 -10 -34 -24
-31 -58 -86 -3 -68 -90 -1 -17 -69 -89 -28 -98 -33 -10 -66
-42 -52 -35 -96 -3 -53 -44 -32 -19 -14 -55 -94 -61 -54 -96
-91 -94 -52 -36 -100 -2 -26 -56 -97 -1 -7 -16 -75 -83 -79
-14 -44 -26 -61 -60 -93 -46 -44 -63 -91 -24 -96 -60 -26 -19
-66 -27 -77 -29 -18 -40 -98 -72 -6 -66 -13 -73 -15 -51 -49
-90 -98 -54 -95 -19 -56 -55 -95 -13 -20 -19 -6 -88 -10 -50
-27 -100 -16 -72 -65 -36 -97 -96 -43 -2 -71 -64 -59 -30 -25
-6 -92 -74 -36 -90 -65 -37 -9 -4 -99 -96 -65 -1 -40 -74
12
-41 -45 -14 -69 -94 -20 -22 -20 -33 -77 -46 -21
-39 -55 -45 -2 -46 -88 -81 -39 -19 -20 -1 -66
-16 -44 -21 -52 -69 -51 -45 -23 -39 -41 -96 -100
-25 -79 -13 -29 -80 -77 -92 -35 -16 -41 -24 -70
-73 -35 -98 -98 -90 -87 -9 -4 -49 -31 -58 -73
-95 -42 -83 -11 -81 -25 -1 -19 -99 -76 -53 -36
-6 -31 -88 -65 -3 -67 -32 -65 -3 -63 -45 -95
-9 -13 -94 -58 -69 -31 -22 -32 -2 -41 -70 -1
-6 -2 -23 -75 -3 -53 -53 -11 -14 -66 -6 -8
-43 -29 -65 -68 -81 -30 -59 -14 -79 -73 -54 -94
-80 -24 -100 -58 -16 -9 -2 -89 -10 -71 -39 -77
-95 -98 -92 -67 -28 -45 -62 -99 -26 -14 -85 -16
17
-39 -48 -7 -11 -86 -32 -25 -99 -34 -51 -100 -88 -19 -41 -36 -57 -72
-30 -67 -30 -14 -75 -18 -64 -4 -61 -47 -83 -63 -42 -85 -91 -50 -5
-77 -86 -92 -4 -50 -59 -26 -97 -40 -76 -84 -94 -90 -69 -91 -83 -45
-7 -91 -38 -83 -84 -85 -82 -67 -98 -23 -22 -37 -5 -39 -35 -81 -72
-50 -100 -48 -40 -75 -90 -52 -74 -75 -85 -36 -60 -61 -22 -40 -88 -49
-36 -38 -93 -42 -58 -50 -12 -14 -59 -3 -46 -1 -18 -46 -42 -57 -41
-84 -3 -42 -32 -57 -11 -46 -67 -74 -9 -78 -99 -14 -7 -50 -41 -100
-21 -77 -41 -37 -24 -11 -23 -16 -99 -35 -37 -68 -28 -9 -54 -41 -72
-54 -47 -71 -86 -98 -32 -20 -87 -41 -9 -90 -36 -98 -28 -13 -100 -38
-73 -47 -70 -62 -2 -84 -16 -11 -69 -51 -90 -50 -68 -73 -79 -31 -96
-76 -91 -90 -66 -68 -56 -1 -72 -12 -42 -23 -17 -20 -18 -90 -87 -5
-52 -99 -42 -77 -52 -97 -44 -62 -8 -32 -16 -74 -46 -5 -73 -48 -45
-28 -82 -16 -28 -55 -57 -84 -11 -45 -72 -9 -93 -71 -90 -50 -60 -3
-42 -75 -5 -60 -4 -23 -35 -40 -36 -73 -61 -88 -93 -14 -32 -82 -58
-82 -96 -19 -15 -64 -16 -17 -78 -36 -69 -31 -83 -61 -82 -60 -88 -38
-60 -63 -10 -92 -53 -59 -22 -82 -87 -82 -35 -97 -59 -83 -2 -62 -83
-31 -13 -24 -93 -18 -80 -15 -85 -22 -74 -95 -83 -5 -17 -49 -13 -70
19
-69 -71 -82 -63 -5 -71 -91 -85 -12 -12 -93 -72 -34 -78 -23 -34 -35 -53 -43
-47 -67 -3 -38 -4 -63 -4 -28 -44 -71 -8 -21 -81 -34 -56 -59 -57 -55 -45
-89 -16 -64 -61 -68 -83 -27 -26 -49 -53 -86 -6 -49 -94 -85 -22 -41 -45 -82
-19 -34 -54 -42 -8 -36 -46 -28 -34 -95 -88 -75 -17 -36 -38 -21 -6 -75 -51
-45 -74 -1 -43 -6 -78 -23 -68 -52 -61 -20 -97 -80 -6 -25 -96 -84 -81 -96
-51 -40 -26 -9 -45 -33 -19 -74 -73 -2 -65 -61 -41 -46 -47 -67 -92 -89 -1
-38 -83 -1 -56 -88 -78 -47 -17 -66 -55 -99 -44 -25 -35 -83 -8 -15 -30 -16
-45 -88 -37 -4 -52 -41 -48 -5 -6 -55 -9 -96 -41 -25 -62 -61 -9 -23 -68
-92 -63 -52 -22 -94 -67 -57 -71 -5 -67 -9 -95 -32 -68 -100 -86 -41 -69 -86
-96 -24 -2 -93 -36 -14 -68 -18 -57 -87 -26 -48 -52 -58 -40 -95 -50 -65 -48
-25 -82 -40 -27 -85 -56 -7 -76 -80 -67 -37 -97 -41 -42 -75 -17 -4 -90 -65
-96 -11 -49 -67 -17 -20 -74 -49 -31 -63 -1 -39 -15 -35 -18 -59 -9 -82 -41
-61 -58 -59 -88 -91 -33 -27 -76 -45 -61 -91 -23 -80 -53 -50 -30 -23 -75 -66
-4 -21 -51 -36 -77 -35 -30 -8 -55 -39 -21 -92 -80 -31 -75 -36 -76 -99 -18
-92 -94 -24 -84 -4 -18 -3 -29 -70 -48 -49 -91 -83 -8 -23 -23 -14 -87 -76
-48 -18 -43 -74 -47 -2 -76 -50 -21 -34 -51 -15 -5 -57 -82 -36 -81 -16 -74
-29 -100 -50 -39 -17 -97 -56 -35 -53 -13 -92 -36 -13 -33 -46 -61 -85 -79 -94
-2 -55 -68 -55 -18 -77 -16 -59 -68 -97 -73 -44 -38 -24 -33 -15 -66 -34 -14
-60 -77 -39 -64 -44 -7 -95 -47 -81 -19 -43 -82 -46 -12 -14 -98 -52 -64 -17
20
-69 -52 -13 -94 -46 -63 -74 -85 -99 -6 -25 -40 -77 -95 -53 -59 -68 -90 -42 -39
-5 -79 -11 -46 -28 -68 -64 -42 -77 -3 -36 -44 -72 -2 -94 -7 -79 -53 -17 -73
-58 -12 -97 -94 -38 -32 -3 -89 -77 -15 -7 -69 -73 -7 -76 -36 -4 -92 -51 -44
-99 -32 -71 -13 -71 -30 -30 -90 -72 -13 -68 -2 -19 -98 -77 -59 -22 -93 -5 -66
-48 -95 -63 -7 -9 -4 -79 -9 -7 -35 -43 -82 -95 -4 -62 -93 -7 -96 -73 -72
-28 -26 -26 -80 -30 -100 -84 -62 -26 -83 -30 -92 -90 -12 -77 -100 -62 -27 -58 -8
-44 -22 -28 -38 -11 -10 -26 -78 -63 -31 -46 -72 -49 -95 -17 -23 -76 -61 -94 -58
-30 -19 -88 -26 -21 -22 -89 -26 -49 -30 -11 -29 -59 -25 -28 -29 -86 -30 -82 -51
-81 -11 -69 -82 -13 -92 -55 -40 -17 -63 -50 -60 -96 -31 -46 -37 -33 -97 -71 -94
-42 -19 -4 -65 -88 -18 -91 -38 -67 -99 -41 -48 -17 -72 -59 -34 -79 -100 -10 -46
-96 -34 -61 -49 -93 -82 -69 -94 -84 -18 -40 -21 -53 -54 -40 -6 -3 -81 -11 -78
-71 -22 -10 -51 -83 -42 -41 -6 -41 -85 -64 -57 -55 -58 -14 -81 -90 -4 -30 -98
-43 -62 -100 -78 -76 -56 -83 -96 -91 -8 -99 -27 -77 -99 -95 -46 -45 -87 -21 -18
-15 -78 -16 -86 -69 -50 -100 -15 -66 -43 -45 -35 -58 -38 -13 -66 -91 -32 -46 -32
-84 -57 -61 -27 -77 -70 -66 -28 -7 -88 -79 -80 -54 -100 -81 -57 -60 -77 -44 -42
-14 -40 -48 -72 -92 -74 -83 -90 -21 -74 -14 -14 -14 -13 -42 -51 -15 -57 -28 -12
-70 -40 -29 -69 -3 -4 -46 -48 -43 -52 -46 -74 -79 -90 -91 -35 -51 -82 -85 -2
-47 -67 -99 -53 -32 -24 -46 -37 -98 -49 -44 -50 -32 -44 -66 -40 -10 -21 -9 -81
-87 -29 -7 -2 -17 -34 -60 -25 -67 -11 -3 -8 -72 -40 -48 -9 -16 -3 -35 -12
-78 -39 -16 -45 -3 -67 -91 -94 -36 -57 -30 -83 -50 -90 -20 -83 -91 -64 -91 -93
18
-8 -70 -38 -100 -34 -10 -94 -13 -62 -73 -5 -58 -25 -74 -90 -96 -98 -35
-2 -39 -15 -14 -41 -19 -63 -94 -76 -69 -14 -80 -83 -45 -50 -29 -36 -53
-12 -51 -5 -78 -74 -7 -11 -12 -32 -47 -31 -73 -68 -87 -35 -90 -53 -84
-51 -27 -72 -95 -49 -41 -11 -72 -19 -78 -78 -29 -75 -72 -88 -79 -82 -18
-99 -26 -85 -46 -72 -33 -56 -83 -62 -75 -50 -35 -94 -4 -26 -71 -99 -75
-81 -91 -58 -46 -35 -75 -6 -21 -96 -64 -39 -60 -5 -64 -78 -99 -51 -37
-99 -28 -45 -19 -44 -97 -24 -70 -55 -77 -61 -96 -61 -37 -8 -84 -30 -46
-9 -3 -55 -21 -62 -16 -59 -71 -57 -70 -19 -30 -88 -23 -58 -81 -26 -78
-63 -85 -54 -25 -59 -77 -59 -86 -15 -34 -45 -7 -17 -49 -33 -22 -50 -14
-97 -74 -75 -66 -5 -73 -82 -88 -28 -99 -76 -85 -42 -93 -94 -21 -1 -53
-67 -95 -95 -15 -55 -92 -67 -62 -88 -63 -29 -86 -68 -94 -20 -16 -5 -98
-51 -37 -97 -67 -77 -97 -80 -94 -82 -40 -24 -12 -20 -75 -92 -84 -28 -3
-58 -22 -51 -96 -47 -46 -69 -54 -56 -1 -78 -74 -23 -92 -14 -73 -1 -11
-38 -82 -52 -58 -20 -23 -61 -25 -89 -44 -95 -66 -38 -34 -1 -26 -74 -22
-16 -12 -95 -28 -60 -46 -78 -22 -27 -33 -75 -75 -60 -91 -47 -62 -57 -73
-22 -45 -74 -5 -99 -21 -55 -96 -5 -100 -71 -60 -5 -11 -63 -59 -4 -58
-70 -14 -53 -45 -18 -91 -91 -42 -37 -8 -72 -78 -29 -25 -41 -70 -66 -7
-10 -16 -38 -40 -41 -96 -93 -34 -59 -44 -96 -1 -86 -55 -32 -88 -38 -31
13
-56 -42 -83 -24 -68 -58 -44 -82 -67 -73 -25 -20 -77
-74 -47 -70 -31 -51 -26 -41 -41 -50 -85 -84 -89 -36
-99 -73 -53 -4 -66 -9 -3 -21 -37 -9 -85 -61 -52
-6 -44 -20 -50 -78 -97 -60 -45 -38 -74 -3 -15 -61
-43 -46 -12 -31 -58 -24 -70 -14 -20 -13 -91 -25 -78
-65 -50 -76 -9 -28 -23 -31 -35 -39 -54 -58 -38 -13
-17 -50 -31 -7 -48 -79 -40 -50 -69 -86 -63 -91 -75
-39 -53 -74 -75 -42 -26 -41 -67 -45 -62 -12 -60 -65
-84 -9 -90 -18 -61 -28 -32 -69 -30 -95 -72 -84 -9
-91 -82 -62 -55 -9 -98 -10 -56 -92 -75 -23 -40 -63
-42 -100 -98 -32 -54 -28 -21 -48 -9 -63 -46 -70 -17
-51 -22 -81 -13 -69 -15 -12 -16 -100 -32 -50 -100 -51
-39 -26 -86 -1 -64 -83 -45 -53 -67 -56 -39 -41 -83
12
-63 -44 -91 -97 -59 -75 -82 -5 -79 -94 -16 -73
-90 -2 -28 -17 -30 -2 -64 -72 -30 -56 -45 -94
-3 -46 -66 -17 -87 -80 -12 -75 -47 -57 -43 -76
-42 -68 -70 -19 -59 -49 -31 -13 -70 -91 -46 -74
-35 -37 -81 -59 -20 -82 -26 -92 -58 -33 -13 -19
-34 -20 -10 -5 -55 -50 -42 -81 -31 -69 -93 -93
-94 -54 -66 -35 -20 -93 -97 -47 -62 -40 -54 -21
-17 -82 -9 -11 -40 -42 -43 -41 -98 -6 -79 -4
-42 -79 -40 -78 -96 -16 -47 -1 -55 -91 -12 -92
-94 -47 -60 -90 -80 -88 -55 -37 -2 -65 -12 -41
-18 -90 -10 -39 -73 -40 -31 -68 -73 -27 -86 -39
-26 -31 -6 -29 -78 -84 -8 -27 -92 -64 -64 -58
