100
15
63 66 60 88 58 -57 50 -80 -47 -63 -12 39 -46 -100 -2
39 44 -23 63 87 -17 -25 -77 89 13 37 -4 19 -49 40
81 57 -61 -32 35 35 23 -68 -60 58 57 -40 18 62 87
-36 91 13 47 -60 77 -57 -43 -13 -47 -25 54 -18 34 99
32 -33 -50 59 27 -37 4 -35 79 25 -4 66 -75 22 38
-9 38 4 76 -78 -5 27 17 -66 -86 14 -75 12 85 39
39 -7 95 -8 69 -7 -44 -35 -64 52 -73 -79 87 -47 -89
47 42 3 23 -19 -22 7 6 8 -4 -99 -25 -10 -73 -1
30 -87 8 -23 -70 19 -38 -90 -87 72 -13 82 -13 -35 53
-5 1 -85 74 0 -25 30 58 -16 68 -16 -33 19 79 16
7 17 -80 -65 16 85 73 -97 10 63 95 93 -23 -42 -26
8 -63 60 42 38 -56 5 -60 75 -64 -98 49 37 61 -47
-47 -89 21 -21 21 77 30 35 36 -14 53 28 -45 14 87
19 51 -81 -73 81 -68 75 3 7 38 30 32 5 27 16
-44 5 -90 -18 -21 70 27 78 32 -62 75 -64 61 49 99
20
98 65 12 -98 75 -26 92 -53 -23 11 -50 21 53 -97 -9 39 -48 -45 12 -80
14 -2 90 31 14 3 9 72 -60 -45 8 -54 31 -9 78 30 72 -56 -62 -18
-82 -11 5 11 -60 16 2 43 14 -76 40 95 -72 31 78 53 16 -13 7 -44
-88 63 79 68 58 78 45 50 92 4 -14 -97 -49 31 30 4 58 -85 -75 -45
-14 34 16 55 47 -69 35 49 -2 97 -92 -43 -39 22 47 -90 -27 67 -89 36
-64 -73 71 -18 31 5 -36 27 -85 -18 19 89 -53 38 20 -74 50 -23 49 -70
-93 6 11 41 24 -67 -11 -30 -24 -59 9 48 96 19 -20 -74 44 43 98 -17
-1 33 -9 43 -61 38 -76 18 -23 -2 -95 -62 15 76 55 87 -32 -41 -60 7
-56 -4 21 81 -33 9 27 2 92 -38 -88 -45 -63 -85 -83 27 -51 -98 83 -56
-77 -17 -74 6 -10 95 12 -37 49 -64 67 -90 94 8 -74 86 -97 4 97 63
-45 -34 93 42 71 -100 -65 -81 -45 39 67 29 -71 -43 -33 -89 87 45 50 -42
-76 -34 -46 -47 79 -90 48 67 -97 67 -8 21 50 83 97 53 -8 53 78 88
55 55 -78 -48 11 -76 -10 -57 20 -56 64 -98 -24 14 65 48 -11 83 31 88
65 -65 72 18 21 -26 -69 4 -83 -20 89 -85 -40 -91 84 -89 -89 -63 37 -97
-6 9 -88 75 -93 -11 -92 55 -85 48 19 50 -59 89 44 -14 13 -3 -31 -79
-16 -87 14 25 35 -57 -70 -53 83 9 7 -34 -61 -6 85 -10 -24 -28 -76 -45
55 23 7 95 -63 75 53 -13 -26 -54 92 -70 -44 -39 72 -71 37 -62 -33 -13
-45 27 40 -43 -37 58 85 57 -32 -35 -51 -2 83 -27 -9 -3 -63 -3 -33 49
54 -93 -52 -64 -90 82 59 -90 4 4 -48 -86 -85 -94 43 18 -88 55 -93 -75
4 46 -83 17 56 -31 53 55 -52 -50 -80 -3 -34 -19 -47 -99 -82 -90 -25 -91
11
2 -31 -63 -28 -38 86 -83 21 66 -5 99
6 70 44 -18 -44 6 97 62 -59 -96 92
-2 -71 69 -1 34 -12 66 -82 75 89 -79
58 -76 88 -28 -14 -89 -39 3 54 46 36
-61 -59 -40 41 -17 -14 75 -3 -100 89 -11
46 6 -47 -29 25 -95 -51 -65 25 91 30
-94 -37 -7 78 -46 96 19 -28 51 72 -44
-81 -50 40 30 -40 74 29 46 34 34 -28
71 -52 -33 -87 -54 16 35 76 78 0 50
-51 50 80 44 -48 -50 -26 31 -4 -54 -96
35 32 -63 -32 90 -20 63 -76 22 -18 49
15
65 -10 -91 -56 -15 -12 -14 -17 -59 -1 -29 0 45 -53 -51
29 69 -40 -84 53 6 -69 67 -73 51 30 -60 -45 80 43
14 2 2 -40 -77 62 -57 35 83 -94 2 -72 -45 -69 27
-73 -42 -54 -1 99 -11 36 41 -89 -43 -64 -93 91 -47 -6
-34 75 -51 39 45 75 79 52 1 -77 96 -36 24 -4 -30
75 -94 -35 -57 -68 13 -26 77 -33 28 -69 -14 -67 -74 91
-37 -59 74 6 -48 66 -61 28 17 47 -64 37 -92 -79 -96
62 23 57 -85 71 -66 51 71 -77 -98 20 -57 -89 -1 45
35 -2 -93 -31 -26 49 6 63 56 56 79 37 82 4 -22
-32 -69 -84 85 -21 92 54 -100 -71 73 -45 39 57 79 -12
-39 -93 72 -36 -29 55 39 -81 -99 -43 -15 31 -86 -26 -78
-5 -30 0 5 4 -46 44 -51 -74 -99 -49 -48 46 -42 16
-21 82 20 -9 33 -2 -10 87 -25 18 -1 37 -46 95 -22
83 -94 -5 71 84 -67 52 72 55 5 15 21 56 76 53
73 -61 -77 -30 50 20 -16 -1 -10 16 -41 25 -57 -58 54
14
42 -98 -17 -22 63 -47 -10 92 52 58 13 -37 96 -71
86 -55 27 12 16 81 -28 81 3 -64 24 89 81 -53
-22 33 -56 73 -90 -12 21 -52 85 -9 -20 39 16 -69
6 -64 -13 12 -2 41 -39 -18 -93 -57 66 -87 -44 -54
83 -29 -9 50 64 -44 3 62 -37 51 -18 6 -6 3
-91 -87 4 10 -82 36 -48 51 45 -4 84 -56 -94 52
72 -77 34 -14 49 -34 11 -82 -36 -15 27 -78 52 -2
63 35 93 -64 -93 -43 50 -18 76 85 -75 86 72 6
-60 -19 10 35 -67 -58 100 95 72 55 -82 -31 9 -1
68 91 68 21 -61 -68 10 -14 -64 5 -50 51 -75 30
87 -26 -38 55 3 37 69 57 5 -57 -30 -100 -68 -37
39 -33 0 98 83 0 -21 -24 -29 -69 69 -17 -12 79
82 -30 -100 -84 -16 -17 -25 -85 -68 45 10 -21 -38 -22
78 -81 6 96 -91 18 40 -81 -74 -34 -4 2 -73 -49
20
3 43 -50 64 -72 -18 -86 -87 -39 91 54 -16 9 60 17 10 29 57 95 72
-70 94 -22 -68 -61 23 32 85 -61 -100 42 -14 -55 -40 96 80 -22 -91 -67 43
-51 -34 74 -42 22 70 6 -15 -53 -68 22 92 51 100 33 -30 88 5 -90 -85
50 -90 55 19 -65 99 5 12 85 9 -84 -67 -97 86 -60 -98 16 -37 -90 -18
15 35 -22 -61 -68 4 57 31 -31 -71 15 50 32 -39 -62 -36 -29 53 -62 59
73 4 -32 -88 -15 0 71 44 -18 69 75 -15 26 95 -30 48 20 26 14 -61
18 -38 39 28 -76 29 -93 86 30 -51 29 52 -66 -70 -76 -83 -52 -65 26 -93
-36 -94 -100 -31 -9 -24 -21 5 -53 39 -64 -68 69 21 -35 44 53 -50 55 28
-36 53 -93 43 -93 77 -26 -84 34 -28 67 34 81 57 -28 -35 8 -43 44 -37
69 -54 97 57 55 22 14 47 72 -38 40 -81 -4 56 -56 6 -1 -95 -8 -90
39 -59 -35 -80 21 95 13 -26 18 61 63 80 -65 -68 23 -25 62 -47 -82 -27
73 54 95 -40 92 67 -65 -100 80 85 -99 1 -78 6 45 93 -37 18 70 83
-16 87 -1 32 -4 -21 -56 -57 0 15 10 22 55 -88 -21 90 -41 -24 59 78
2 -93 -78 40 40 21 -95 -54 74 -38 -32 44 25 15 -12 35 -81 55 -70 -85
9 -28 66 -78 -73 -39 38 -42 9 -22 28 -54 -71 -27 -29 -78 -21 -24 -80 1
80 89 41 -25 -47 -76 83 -71 28 -53 51 97 -60 38 -60 100 7 2 68 35
-51 -93 40 88 40 -16 -45 -30 -51 -23 42 -96 -70 -73 27 63 -38 -87 87 -97
-100 -4 -25 37 69 -42 -52 -76 95 -27 -32 -86 -49 -58 37 -77 97 -81 -11 66
-42 -85 -22 44 37 37 -11 -72 76 83 51 -26 -75 83 -18 69 -61 -69 47 86
-39 36 -19 93 3 39 -64 25 -4 80 48 -49 -65 -86 26 -80 55 -71 -80 -9
10
69 -93 23 79 -29 50 5 -74 9 78
19 90 65 81 25 29 32 65 78 -92
33 -54 2 49 -89 7 -67 68 95 -76
-82 39 -16 -13 12 86 -39 -49 -70 27
37 68 -53 -34 -79 42 65 -99 58 6
-48 5 -52 76 96 69 95 66 54 50
48 28 30 70 79 42 11 53 -7 -11
21 70 -46 98 51 54 -24 59 4 -20
-63 -12 83 48 80 -51 22 3 -29 -23
-70 6 99 14 83 -4 72 -74 32 -59
18
-49 -84 -80 68 -40 -79 -24 -10 -100 -42 18 -27 0 -100 -16 -66 -24 50
94 -48 29 -84 29 50 35 -1 3 77 -41 35 -31 49 -49 -26 -43 -85
-15 5 -95 -82 33 46 12 2 61 -62 15 99 89 8 -2 -10 93 73
9 24 91 -63 -21 -87 -71 5 -99 -48 -36 -34 52 -22 -7 -50 -17 -61
42 -84 -50 -69 53 46 -67 81 24 35 -18 5 -51 -61 22 -90 32 -33
28 29 -77 82 -61 16 89 8 48 50 -62 -53 56 -58 94 -73 -93 -41
-83 78 15 -71 87 83 95 -23 -57 9 -49 -24 -50 -62 87 47 41 8
16 -22 89 53 -75 -19 -73 61 -37 -78 -84 -87 -64 -84 -71 -20 27 -75
-6 -38 -62 75 8 -27 96 63 54 16 17 -48 46 -78 -44 -21 8 -58
-77 6 -27 84 84 -77 -8 64 -31 -35 37 -94 -94 -74 98 22 -28 1
29 82 -87 0 -83 55 76 41 -41 -49 56 78 -6 -44 -44 -21 27 47
-34 -82 -94 0 -70 72 64 20 -73 -61 -88 61 36 71 -41 38 -39 -60
-78 -80 -23 46 82 -61 49 -93 48 -38 -56 -37 38 3 21 90 -18 -27
-5 -24 32 -71 -52 42 -72 -76 -57 -27 63 -78 92 5 -25 -26 53 -73
23 49 -25 6 25 18 -72 -89 66 -8 26 -8 -96 -43 -33 29 -91 -89
-62 58 -97 -81 31 -57 -64 65 -63 48 -96 62 87 -20 -58 7 -55 -17
-91 -71 88 -23 6 93 82 -1 93 -94 52 -77 30 -26 -64 -90 91 65
5 -56 -82 66 65 11 -19 -44 -44 99 73 91 -24 48 1 -87 -70 -36
13
-40 -70 23 -35 1 70 -6 -48 -58 -69 53 50 -3
-65 -16 53 -90 -12 -99 -62 41 -5 88 94 19 78
12 11 35 53 6 -96 81 -97 32 20 -58 48 -45
-86 74 35 -48 20 40 65 -59 3 70 -56 -52 30
-85 36 -99 -72 -23 -21 61 88 68 -59 -99 -55 -81
-66 6 -41 80 70 -74 -84 50 75 -20 86 52 89
74 63 57 93 39 12 -83 58 98 68 16 13 98
-53 52 24 42 -65 -95 5 34 60 42 -57 -66 -57
-55 74 46 -95 -26 -94 16 55 15 -73 -38 -15 69
26 -74 -67 12 -78 78 98 -40 -56 -14 -78 32 81
-86 -59 59 -63 26 -81 -77 95 23 35 -21 -16 86
-66 -64 -5 29 41 -56 32 -20 -34 2 66 2 45
72 51 80 52 87 -97 -13 38 -91 -41 5 20 97
19
52 -85 32 31 80 11 -92 67 63 7 -38 38 -79 -12 23 -62 -40 -48 -100
48 -36 -70 25 -59 84 -65 -83 23 -86 64 43 87 -63 -64 70 -63 54 -36
-55 -67 55 64 49 60 -55 -9 -37 -76 29 -32 39 -52 -32 86 -68 44 39
-24 19 -41 -45 -82 -79 31 -62 -78 49 24 -30 27 -70 -5 32 70 73 81
33 19 65 -4 -5 71 -62 -14 -70 100 85 43 -80 -45 35 70 42 -7 38
-4 -79 -54 50 14 -43 10 -100 75 54 77 91 -50 57 -38 41 73 72 -92
93 93 -23 -36 -72 43 52 84 47 -78 -83 -40 -23 63 38 -59 -33 7 70
-87 -46 27 39 84 -22 60 -4 30 -22 -55 96 -65 -64 58 -58 11 16 11
-77 -55 -20 -39 -6 29 65 -68 -41 13 52 -32 100 -37 66 35 70 -25 -25
-2 -44 87 -78 -36 -76 -33 64 -62 25 11 69 -21 8 -17 -66 20 -88 79
32 92 -72 54 -51 1 81 92 -46 79 95 -71 10 75 -32 28 49 -51 80
-86 -64 -40 75 40 -17 98 -23 34 -68 -83 -50 54 11 54 34 66 -10 -13
-86 -94 42 32 -99 35 -48 60 14 34 -80 -23 -34 64 -51 -33 -24 -88 -73
-9 72 -4 -98 25 22 56 -54 69 -62 91 -31 8 64 -77 11 -89 -70 -73
-53 -41 17 -44 -71 -81 68 -35 96 27 47 54 17 -20 -77 -9 62 -64 8
-63 2 1 -95 90 -81 -100 -99 19 91 18 36 -71 68 10 -10 65 -22 19
-75 21 86 -9 -62 48 49 49 -95 -96 54 -30 -12 -93 -12 41 42 27 -75
-48 -66 91 -50 6 22 -91 -33 -8 -80 66 -62 -18 -76 -83 86 7 80 -57
-80 4 28 80 27 -23 7 53 14 62 -62 14 69 -30 82 13 -55 -13 -36
11
-7 -20 26 -25 -28 -44 6 -75 -45 -96 35
-30 -14 -33 84 -7 -43 -13 4 21 48 21
-51 69 -28 -1 12 -64 0 35 76 -2 64
-25 -67 -4 77 78 20 -42 26 38 74 -72
-3 98 85 100 -9 -27 -97 -71 -2 81 -98
61 61 100 95 30 -73 52 13 -11 25 79
64 -43 -22 62 86 -4 -2 30 -22 -82 13
-72 -41 88 22 42 55 97 92 -45 -66 -70
91 -24 81 33 -79 94 -8 58 47 34 76
-57 -96 84 5 -23 -59 -53 -66 -13 9 -24
90 95 -56 -45 19 -78 -39 45 -57 17 -64
13
99 52 85 -79 26 31 11 97 -40 8 -15 -16 -62
76 81 10 65 62 -15 -80 10 -73 21 -74 -63 -70
51 71 -9 -11 -1 55 77 7 25 -55 58 -70 90
-73 -17 -78 57 -54 49 -2 6 68 57 20 3 29
-46 -54 37 24 -73 -89 22 81 -87 12 -33 2 21
3 75 12 63 -25 -85 8 -17 12 -86 25 8 62
-30 85 -82 -24 -31 -1 -26 -53 -10 22 9 0 -63
4 94 -78 78 99 -94 -28 -9 81 -95 -39 -53 -12
39 -86 -63 8 -54 -33 33 -45 -92 -61 26 -29 31
-2 20 100 20 66 -91 51 -22 -25 87 11 86 49
61 70 8 -17 65 -41 62 59 82 -80 -82 1 49
11 65 -18 23 -76 -56 -22 28 -18 80 40 48 -39
-14 -32 34 67 -81 -52 37 93 14 31 -28 -63 -9
19
-62 -70 44 -66 -8 -22 61 50 -19 40 -66 41 33 53 75 39 92 -39 39
-95 7 61 47 56 -66 -25 92 -37 29 13 25 -93 73 -22 69 -86 -97 42
-100 61 -45 -47 7 -84 41 -7 68 96 61 84 -86 -46 35 -55 -11 100 78
61 19 50 11 -45 4 -85 94 31 87 96 84 6 -34 11 27 3 -24 -80
-54 -88 -60 -33 -51 97 -100 8 99 -36 -100 70 46 -77 35 31 -50 40 -10
-82 -95 -42 -74 92 -94 -15 23 30 37 43 -54 74 60 -94 14 81 75 -54
-14 -10 -23 -70 -60 18 -31 -20 -24 -91 53 -61 -63 84 23 -95 -29 -88 67
87 -75 46 51 -90 11 100 -6 77 2 -44 87 -6 -38 35 -29 67 -82 -52
-93 -50 -41 27 -9 -61 67 82 -56 97 -61 -12 -95 33 73 -56 89 61 -66
-51 -44 -64 89 -64 9 -49 -36 3 71 43 -17 10 -9 -49 92 94 72 61
-53 90 -33 28 56 88 9 25 -41 66 84 42 -27 -19 -36 5 -67 -95 -12
-10 68 -35 26 -81 93 7 -69 61 34 -24 40 -35 39 88 38 26 -78 -96
86 -59 99 -26 -41 -49 -35 67 86 4 32 23 -72 94 40 -71 80 -39 -58
-10 -68 -10 84 26 -58 99 -58 34 -68 -82 2 48 42 11 -54 87 60 29
92 -7 41 -73 96 -44 93 74 56 33 -15 -4 -78 22 6 -14 28 0 -80
-46 -13 -58 0 -86 46 -54 33 -5 -22 -64 88 73 -28 -6 -13 -55 53 97
33 -12 -74 32 65 -67 -98 48 55 88 48 -60 -61 24 -75 -75 25 -73 2
-26 -93 3 82 -36 -46 -54 58 -91 47 -1 -26 15 -39 -72 -65 29 -97 -77
11 -20 77 -89 -57 44 86 -71 -15 90 100 -87 -84 25 91 -57 -44 -79 6
17
-43 93 -65 36 -8 -4 71 -51 -27 -23 79 63 81 62 -1 -47 -11
79 75 92 -20 96 -5 44 3 53 33 39 93 -71 73 10 61 13
89 -72 -47 28 92 -63 -7 24 -1 45 -83 82 -50 -79 85 -98 13
-11 43 43 25 -85 -7 65 -33 -20 -32 31 -42 -99 2 59 99 -85
-95 -91 -25 61 -18 -18 60 -27 -88 -27 16 20 -97 -76 20 -36 -18
-11 -47 54 30 -39 22 -79 -8 -32 40 -3 -47 -44 -83 -25 76 75
-15 -90 15 -99 -30 72 -64 53 84 -12 52 99 -23 -28 29 -78 -40
30 80 95 10 -53 65 -88 69 75 -97 75 56 86 -97 57 -65 -93
-45 -39 35 15 -44 29 73 39 71 -14 64 -43 -56 13 5 51 -10
79 -48 -22 -27 73 17 -87 0 -67 45 29 -78 -44 46 23 -5 -34
-55 -6 -61 39 -27 -25 -96 -49 -8 -9 12 62 82 86 -70 -49 -8
46 46 -20 -76 30 -7 -24 -55 60 -26 33 48 53 43 17 27 7
-75 -6 47 59 -3 0 -91 -37 -62 -73 93 -45 78 86 -16 25 -50
51 97 43 73 -5 -84 23 71 -81 66 -17 -78 76 72 46 -30 78
1 -29 -41 -85 -11 -24 23 -23 37 45 62 10 -98 -79 41 -36 -17
35 -35 36 -98 -91 -49 37 53 67 24 -47 26 54 -25 86 34 60
31 -11 64 2 -47 33 79 -78 -26 -4 -80 39 -77 -35 45 -5 82
19
-21 -52 99 -4 97 -65 -77 83 -93 -35 -73 48 -96 -57 67 -18 -20 -18 -15
-81 -67 -2 -99 40 79 64 94 86 -56 62 84 -70 60 -53 27 4 -100 19
-14 28 -85 -78 37 56 97 -92 -45 42 62 -35 44 5 100 34 62 90 8
2 91 -93 -63 100 -29 -24 -18 72 -81 26 -78 -79 36 -67 17 -89 -83 -26
57 -71 -13 -11 -2 14 -41 42 34 -54 -87 -17 23 -47 -18 -18 -33 -19 -92
-16 -71 40 -6 -86 -1 -71 -100 -55 3 -40 62 -11 51 10 -28 82 -18 59
-31 89 -71 82 -21 -96 29 60 8 -20 74 -54 7 96 55 9 -91 -76 -13
38 -98 61 36 36 -22 -30 -44 -45 -52 25 -53 -65 -48 41 -87 -35 56 -52
-56 56 -26 -65 -31 11 46 -66 79 -41 6 -80 94 -81 -89 -94 -35 -24 43
-68 -74 -63 -59 47 84 -91 48 92 -32 -41 -4 69 2 -78 38 -44 89 18
27 -76 52 74 54 -52 65 84 22 59 4 30 27 54 -99 6 64 -54 -74
-35 -62 19 1 95 -21 53 6 33 80 -37 -45 -12 -22 -100 52 17 -71 -31
-100 87 -9 55 71 -99 -63 -2 -4 -52 70 -13 56 -20 75 -86 -11 47 83
64 97 -92 5 -60 68 -81 -93 -47 43 67 6 91 -42 -46 21 36 -2 -59
-54 -77 -84 -54 -45 -17 47 72 1 26 36 96 -19 -10 94 47 85 -68 13
34 59 -87 -48 18 -86 44 -79 32 71 56 28 26 -12 61 -37 41 69 2
33 -34 85 -17 40 -19 32 -68 -76 -91 51 25 99 46 -36 -78 4 -90 -21
-95 -47 -19 -1 -30 79 39 48 9 39 62 -70 23 -7 68 48 7 -48 100
-32 34 -9 -62 -23 90 99 11 24 54 75 32 -32 25 -32 -24 -2 -48 12
14
77 -49 67 40 -87 0 -82 -18 46 -93 -38 -53 23 38
13 -40 13 85 93 26 52 21 35 64 -52 -78 100 -29
-1 -28 -9 -58 -34 22 -52 74 -35 29 -24 21 94 12
24 73 -86 48 74 86 -70 -63 69 95 -85 -26 8 -63
9 -83 47 -4 -8 -71 8 20 -87 53 -94 -73 -11 86
50 -80 -64 67 -35 -43 33 53 -23 -78 0 38 76 39
-9 -50 -25 -82 -27 -10 -9 80 -96 -81 18 6 52 -97
14 19 -88 9 59 -100 -91 68 66 -95 -13 65 -1 -88
-47 -49 81 40 -76 63 95 -8 83 -64 -16 58 74 -84
-65 87 86 -19 39 50 100 -71 59 8 -68 85 -57 -79
82 84 73 -60 -33 -23 23 71 -49 -14 -47 34 -15 26
32 -84 35 -38 61 72 97 -28 -37 -14 -74 -4 -51 78
-58 21 11 -17 2 -82 99 -32 -32 -58 -9 -26 46 6
-24 -10 -27 -18 64 13 -6 1 58 40 -79 -80 90 41
15
-4 -8 -98 -73 -35 42 9 33 -55 -68 13 -54 75 -29 7
-47 -62 67 -51 -63 66 17 72 84 42 -89 71 -46 65 80
-9 62 -34 -82 24 -84 17 -8 -63 -55 -89 41 55 2 30
69 31 -38 9 28 41 10 -44 26 4 -42 -73 83 62 -68
36 48 43 44 -56 -54 -85 -44 93 19 -10 62 85 63 -16
86 28 -30 -42 -89 -10 42 -63 93 -50 38 58 47 -73 -30
64 -14 79 -56 17 12 95 62 7 -93 -91 -69 -13 95 0
-36 -43 99 -12 -29 40 75 -69 10 8 -98 -45 -65 -44 4
38 67 80 10 -73 42 4 65 21 67 -64 40 13 51 -52
22 -27 -15 99 21 98 -2 59 -77 70 63 -98 47 -12 -29
-29 56 -48 18 100 59 -70 -1 74 61 -76 -55 77 -17 76
57 -23 10 55 98 -26 -33 -53 -18 29 -95 -59 -18 -27 40
-21 85 71 86 56 -56 61 -14 -26 93 -71 -32 87 -79 16
-12 -48 93 99 96 -78 -89 88 40 100 62 -57 82 -41 -5
-89 -45 -12 -85 -58 85 62 33 -53 62 -71 -42 15 45 -45
10
-74 -49 21 0 -37 -44 71 -45 33 31
67 -19 62 -71 -81 66 -98 -87 -60 -57
3 -76 56 -71 -73 36 -35 -99 -15 62
-2 55 -41 81 47 64 -23 54 -13 -1
-86 -39 -15 -36 43 77 -90 -24 -69 -21
-29 39 -26 -22 18 77 -79 99 -43 48
-61 86 -55 -70 41 67 -84 22 25 -82
68 -9 -17 60 -77 41 2 -73 6 56
-26 -57 -50 49 21 -85 -47 18 50 -42
-67 -16 99 -29 -9 77 -58 -23 92 -28
11
99 70 -56 77 17 -85 6 46 58 57 -69
31 -62 94 -24 53 -34 51 79 21 17 52
-28 -13 -92 48 -86 49 -69 -5 -48 -44 66
-66 61 -96 -11 64 16 19 55 -80 41 -68
-52 -33 -12 62 -92 -58 49 46 56 68 68
96 -53 -85 15 30 -35 67 92 62 -39 61
-89 -100 27 -48 -49 24 -39 48 86 -51 88
51 -84 -76 -39 -84 -42 -52 -16 82 -63 91
93 93 82 -43 5 -99 -28 -15 75 -29 29
76 2 46 52 99 51 -31 96 -59 -5 -17
52 78 -86 -29 36 10 49 81 -84 100 -89
16
-4 93 -23 19 -78 -100 -65 -13 -93 -59 -24 75 -52 -58 71 55
65 -68 -48 15 -17 -66 -48 92 54 -92 -65 -15 91 -47 57 -79
47 22 -72 -89 -36 -94 -82 -28 -8 12 -3 15 -77 16 68 -59
-3 -26 16 24 -62 -94 -57 -16 0 40 -67 -68 62 75 -8 -48
-5 73 76 37 -82 -9 51 13 26 -73 -54 -2 40 71 -15 -23
9 32 2 45 41 45 -51 -6 66 -88 -25 -79 22 5 -74 64
96 -48 -63 19 43 -61 -90 -28 23 -83 12 -76 -66 15 59 95
-12 -77 34 82 -89 47 -96 70 90 -31 36 -60 -23 44 95 66
-54 58 92 26 -78 23 -41 1 64 -36 -41 72 73 21 -54 -7
90 -99 18 -12 18 -35 62 62 -53 -92 -76 11 37 12 -16 -80
-44 -28 82 -53 5 53 -49 -77 98 -69 73 -3 2 -79 -8 79
51 -69 -79 76 51 57 -80 -63 -55 36 -53 -2 79 -19 -94 -30
73 95 73 -12 -10 -48 83 -42 -47 -18 3 -35 -15 50 83 -63
-54 21 -96 63 19 16 38 -27 37 -28 89 -54 78 55 -96 -23
33 48 95 59 -41 6 99 -39 -44 94 -61 -97 -66 38 5 -81
-13 -23 -12 -38 -33 95 46 39 -70 49 -51 45 24 42 -20 -64
19
42 -56 -48 -96 -75 40 72 -100 -65 52 -10 63 53 -47 74 -13 -10 97 -39
-7 -82 -58 2 -42 31 97 -7 69 -9 -35 -97 43 -49 34 50 93 79 -73
35 57 85 37 -5 23 82 0 28 82 -39 -28 36 0 -12 33 -59 -99 9
-3 -52 56 12 -34 -38 53 -56 100 3 -55 -98 -51 -18 23 38 9 75 100
78 -10 79 97 -9 67 -53 97 -97 90 -98 46 58 13 26 41 88 52 5
64 55 89 45 -24 -67 -46 -64 -69 42 -41 -91 -84 63 85 -90 70 -25 -72
0 -75 2 -31 29 -67 -37 -28 -54 -68 96 -22 -36 49 -51 -95 -65 33 -49
35 -19 47 -56 69 44 60 -2 -14 -6 -94 68 89 19 36 -18 76 71 -25
-41 81 47 -20 -78 78 -88 -41 86 -2 22 -7 55 -61 -79 18 72 -65 -73
90 46 96 -44 -36 -31 94 46 16 -72 36 -21 -89 -59 -69 -56 91 -60 -20
84 -46 36 -14 83 -83 -16 -50 -3 24 77 9 -1 46 66 7 -48 -65 46
-15 -1 92 -39 59 -55 12 66 4 72 70 76 -66 21 -18 -23 78 -14 44
10 -17 -47 -68 4 -81 89 -78 1 25 -65 -45 -72 -79 7 76 10 -76 -94
32 -89 -78 82 -60 -27 8 -40 -16 39 86 -7 -67 91 33 -84 -8 -42 -79
63 -87 -66 -74 25 -27 6 30 -84 75 -48 -61 56 74 40 -89 29 -82 67
75 -9 81 -67 -19 24 -61 35 -49 -76 -89 65 48 52 99 18 69 90 73
-32 -59 41 52 33 44 -52 90 -26 -98 64 67 -16 90 78 30 18 18 22
-95 24 95 64 -19 -91 -47 37 23 79 -71 -70 -31 96 44 -42 50 91 87
-76 -98 18 -100 9 26 90 -48 76 -34 -52 -30 -62 81 -89 -72 22 -96 -51
16
-8 -85 -5 -7 -40 48 44 -99 82 -65 -24 16 67 -19 -90 98
72 -11 52 -6 35 75 -80 57 -49 -25 89 -59 22 60 -72 81
-42 36 -80 -26 18 97 49 5 76 48 33 -7 80 93 66 34
-73 -87 -77 84 -61 93 59 -32 -81 -48 53 -5 -78 -73 57 24
19 21 14 -1 -38 -48 -96 -51 62 55 -68 -49 85 56 82 -96
0 -70 46 -12 -64 -14 -2 -92 54 38 94 66 -19 56 88 24
84 -32 25 -75 47 94 85 12 -49 86 46 -72 0 38 -78 -72
65 -63 -78 46 -79 44 72 -85 -40 -92 59 -81 -100 -70 -10 -38
77 66 -69 -12 12 38 8 19 2 -34 -76 69 -100 -31 -4 -57
-76 25 -1 100 -92 13 -2 3 24 55 -88 46 -58 -1 67 72
83 -8 -75 5 92 25 5 2 -19 -41 79 -67 23 75 57 -85
47 81 98 -52 24 6 42 55 100 92 -88 54 77 48 0 37
43 -93 -17 80 -60 -65 33 29 39 42 -68 -73 -43 37 15 64
-29 47 43 79 -53 46 61 -65 7 -25 83 -63 -97 68 -87 22
75 36 -95 31 -54 -31 -33 -74 -56 -23 -82 -11 26 98 -70 36
32 72 32 -85 89 -64 -4 -64 27 17 -56 55 96 -35 -28 51
14
-45 64 -26 -11 75 66 67 29 -53 50 26 -55 52 -57
7 54 -14 78 30 -45 96 12 -62 41 95 13 -41 -51
-24 -45 -81 -10 31 63 68 -22 -9 -32 85 84 76 79
50 25 -60 97 65 76 -78 -54 85 87 88 22 -92 71
-98 -6 100 1 54 58 62 25 -2 -4 30 -68 89 -5
76 -27 60 -30 43 -19 -61 -1 -18 -97 51 -100 -80 -22
-19 70 93 -55 -11 65 -38 -5 -26 -90 -92 -43 -73 97
65 97 26 28 -83 -49 55 41 31 -79 -63 -34 28 -5
20 -22 17 -48 -51 -28 -39 2 -76 -70 -88 50 -80 -65
66 -92 27 -1 33 -72 -85 59 5 -56 95 -82 -33 1
-20 -90 -4 -42 57 -78 35 18 -26 29 -41 73 76 -88
78 53 90 51 -27 90 100 -2 -74 68 -29 -26 -31 -39
-82 97 23 -67 -4 -64 86 62 -94 -64 -28 82 -22 76
32 -87 26 21 -94 -96 -64 67 -58 30 -73 -18 57 -42
13
9 -81 -58 -34 -76 -11 -21 -36 -70 66 54 -46 -23
72 -81 72 -87 68 32 63 70 -3 26 -91 -5 -64
62 -49 44 -77 -88 -65 56 68 -6 12 19 -28 50
93 -65 88 31 -66 -68 -76 4 12 -45 -37 44 3
-21 84 -57 32 97 -92 94 84 95 -85 37 55 29
24 -48 6 66 -100 33 -2 87 -30 -35 66 -8 95
42 87 -90 39 -76 55 -61 -93 33 70 -14 -67 -97
2 -41 17 35 -95 -14 81 -87 98 74 -81 95 -68
73 78 3 51 -12 98 99 -24 -14 -80 28 -34 -74
12 71 6 92 15 -63 48 53 -87 -65 55 68 -3
-66 85 -8 64 -63 86 -46 34 26 -23 29 67 -100
64 79 -93 50 -26 52 62 -30 -37 53 26 -89 -37
52 -16 86 -59 50 -29 -27 -47 -27 97 -97 -62 -98
14
16 -42 -54 52 70 -74 72 25 -37 24 -13 45 -100 -37
45 71 -29 18 -88 81 56 -9 80 -10 -9 67 89 83
-17 25 12 76 -31 -68 -41 91 -86 -83 -22 -79 89 77
19 -100 -37 56 96 -83 -59 -65 32 46 -75 -4 -35 -55
-54 -94 -2 59 -81 42 86 -95 -14 27 7 -93 56 -75
16 78 7 21 -9 -26 77 -25 -35 75 24 2 3 38
75 -66 42 6 -22 -27 65 -59 -40 -71 62 15 78 -85
48 38 11 -70 93 -85 -12 -90 94 58 90 -6 62 -12
-4 -11 -50 -12 56 94 -26 -88 -82 27 28 35 29 86
87 47 58 -31 -19 85 -65 87 33 -95 -10 54 67 81
-75 22 -53 -2 -36 -96 19 -50 99 -39 78 15 81 -17
55 78 83 -30 28 -72 23 -25 17 -1 21 -57 55 5
-94 -26 39 -52 77 -22 -19 97 54 29 13 -10 -9 -73
-6 -42 9 -56 -89 67 37 6 -55 -17 86 -38 -47 19
12
53 -60 -2 -21 -7 -61 -40 9 -86 -94 48 4
-86 -40 17 81 24 -90 71 84 -95 3 -59 95
100 -69 -29 76 14 -6 21 -82 78 27 42 61
-73 26 -21 -8 35 11 24 -33 0 90 -58 -48
-95 -66 88 7 -91 53 -31 36 -41 -86 -69 -88
98 35 89 -100 -35 -71 -85 -79 -70 39 33 -77
-37 -37 77 24 -19 71 39 61 29 60 84 -99
2 50 76 -10 -4 63 -95 -34 -99 69 -95 -95
63 -30 -90 -29 67 77 -34 100 -56 -10 -16 55
-60 -64 -94 29 4 19 -50 -69 78 -16 -30 -36
89 71 -3 -34 54 36 -51 -77 -60 -99 5 55
-31 -23 71 74 -3 26 69 62 -66 0 10 65
17
27 92 60 -57 46 94 -75 -6 -67 -63 -64 -71 4 57 2 -41 89
-54 -68 36 34 -61 -23 -40 -43 31 56 72 -94 32 -62 -32 -48 90
57 -41 88 -79 -21 35 5 -10 42 -5 -13 -47 -62 -73 7 -9 90
32 -18 38 17 22 -75 -33 -2 -16 63 -44 70 -76 -82 54 53 -86
98 -29 43 42 31 9 -9 -57 -33 19 73 -54 -6 -41 -78 94 -97
50 93 5 97 14 38 -20 18 18 69 9 29 79 -11 74 33 15
-34 21 -1 -51 68 -10 11 80 59 17 -8 -24 -27 -74 53 23 -69
-33 -52 -27 15 -92 10 2 32 5 -35 -85 -84 43 75 52 -14 -89
-96 -85 -79 10 -53 -39 28 14 -48 9 -13 -1 42 -3 61 26 68
62 24 63 2 -21 -75 -55 43 10 93 -96 -97 -52 -73 -34 -2 -79
-14 29 -77 -36 -16 28 -93 -70 27 51 25 -30 -92 -81 -31 -69 -37
-82 -13 74 23 77 81 -74 27 78 -87 -13 47 44 -82 50 11 48
-37 97 50 41 86 -63 -56 -74 33 -4 8 -99 -24 -31 -81 17 1
-97 83 -92 65 -3 -43 -86 23 -76 -52 -55 7 -35 33 44 -58 76
40 14 -73 -50 -92 20 -54 -59 4 70 -99 45 13 -24 5 -61 -85
-26 -52 59 -89 73 87 -63 -54 -89 -6 -100 -7 53 42 78 36 -20
72 90 86 -31 51 54 19 16 -71 6 79 49 -66 35 -69 15 90
11
-21 59 32 31 -56 1 56 86 -60 74 -23
49 37 37 -85 38 -85 24 -40 77 -16 -9
78 98 -73 -78 -36 30 -40 -1 24 -92 -72
-3 78 -53 -46 -77 45 30 54 -41 47 -96
1 85 28 -10 -37 10 45 80 50 87 15
3 -30 36 -8 -1 76 -21 -47 13 -45 61
63 -2 64 78 82 6 53 -19 62 -34 -5
-10 42 -86 8 -52 1 91 86 -41 45 -94
-17 -85 6 -4 77 -11 -13 -20 -14 22 84
-99 36 -4 71 18 -62 35 5 -99 -68 -97
-75 -18 -47 4 -32 90 51 -22 -24 53 93
16
99 -67 66 10 55 37 -35 34 -54 -26 -16 59 -21 -68 -65 -84
-85 -41 -88 -22 36 -43 -97 17 -90 33 -91 -52 78 13 -42 -40
32 33 -54 15 -25 -63 -52 -35 67 11 17 30 -44 89 -58 43
47 38 88 50 -14 18 -15 -88 -79 66 -55 91 -58 73 -51 84
-44 11 -24 -40 -29 -35 74 -87 64 47 18 -81 64 4 90 -83
60 35 -73 66 49 -68 47 93 -37 -40 -92 40 -48 12 -78 64
66 -63 84 -78 56 74 -33 -79 -5 -23 97 89 75 54 90 -14
38 95 75 59 -76 -67 -86 -50 3 18 57 40 -8 71 -49 30
28 33 -20 2 97 -71 10 69 -1 51 78 -16 -29 -77 27 24
-88 -14 0 10 27 93 -45 -24 -24 32 2 20 -93 -91 -15 -25
-93 -18 -90 23 -32 -96 -82 -88 -72 -73 39 86 -89 -76 -51 -41
-91 -84 46 50 -98 -19 -90 -10 -13 27 85 -2 57 46 15 -23
65 49 -21 -71 21 -39 -93 -96 -20 -92 -55 -38 -77 38 -58 42
36 -94 22 -95 16 -38 -10 26 51 15 -25 -12 91 54 17 -97
-73 -74 -65 31 48 -69 11 -63 -3 41 58 1 57 -85 42 -90
-47 -81 -76 43 82 39 87 84 -51 -4 92 53 85 79 33 -55
15
-85 65 50 -19 61 -2 28 -23 -11 2 11 -38 -14 -10 -73
5 23 95 -59 22 -41 -54 66 51 -30 23 -31 1 58 -82
95 79 -28 -19 52 11 13 12 42 -60 -30 -24 -25 19 7
48 -8 38 97 -11 -70 -56 69 -76 81 26 -55 30 91 50
-57 46 -62 55 52 -18 34 12 -1 -47 -84 23 -99 -91 74
-21 29 31 -14 86 -71 69 56 -45 -73 87 -74 -55 -97 27
-94 59 12 -75 -97 88 60 -34 -27 54 69 49 -67 -89 17
-60 -42 -74 -22 79 59 -37 94 17 84 22 22 25 -97 -26
93 68 4 -58 83 -2 42 -27 -79 22 -89 56 -70 -52 -92
8 90 -66 52 24 -30 -54 -55 33 -96 -42 -81 -87 75 99
-26 -26 -12 -46 -81 2 -97 43 -46 -26 -87 69 -17 -17 89
97 -83 62 -44 62 -70 2 9 69 -59 78 -37 -72 58 52
-16 -41 94 -60 -15 71 -61 -62 -10 30 19 78 -73 17 70
92 -60 76 88 60 90 5 -1 -22 -77 -33 -82 71 -64 -44
-24 -77 96 100 -61 -12 -66 53 -90 -89 -44 77 3 -87 -22
15
26 78 -11 -72 -39 46 78 54 -89 17 -18 62 50 10 -7
-8 -17 34 -26 -6 66 42 -32 -21 -75 98 -26 76 -9 12
-66 -33 -43 44 -96 -15 -27 -50 -100 94 40 -50 -65 12 -64
-46 -94 0 -73 64 90 45 85 85 -70 -68 15 -76 18 70
56 42 33 71 8 55 39 -85 -6 78 30 72 -94 -34 88
10 -26 -76 43 18 -91 41 100 -58 -92 54 -68 44 83 -80
-69 92 77 -12 61 -79 -34 67 -68 91 35 52 44 -23 -78
-83 -48 -42 -96 -97 -19 -50 -10 -97 -37 -3 -85 -43 44 53
-9 -50 64 -34 48 14 -92 63 -93 -33 33 -94 -69 -31 -73
-84 57 37 28 -63 -94 -33 18 -59 -13 -67 52 -3 -75 -1
6 -83 -50 70 69 26 -9 -29 5 -74 -44 26 -62 -26 -74
75 -25 25 -95 91 -54 -90 85 19 13 -88 45 36 66 -34
16 17 17 82 -10 83 51 58 -85 17 63 94 61 -95 16
-57 94 -93 81 100 -15 80 -3 -79 90 44 -10 67 99 -75
-29 84 26 -51 38 48 31 64 74 -60 -59 71 53 -33 -15
12
12 -9 63 91 24 -91 98 67 54 -29 -67 78
-1 -10 -59 16 77 5 71 31 -90 -34 -98 97
-69 94 25 -9 -62 46 -90 18 29 -40 -70 11
-2 -10 -42 37 -60 21 -56 74 -34 -27 -32 -55
25 -100 68 36 17 -66 29 -59 -5 -91 80 10
-96 -90 -77 62 -53 97 82 59 -99 -58 97 -61
-99 38 90 -86 45 74 -92 -40 -37 8 -100 77
90 -34 46 -70 -9 -88 -92 56 90 -12 85 -39
-77 -25 2 -53 -43 -60 -5 -54 -30 6 37 -15
-90 46 -79 -85 86 82 -51 3 26 -78 -41 -7
-10 38 -34 88 -31 -40 -36 39 99 99 34 43
69 -90 38 -22 82 25 42 -88 37 -50 3 33
11
-55 -12 21 43 -41 -40 -86 37 -69 -73 -85
59 86 -71 -55 -22 -49 -93 -45 79 80 -4
-88 16 -80 -20 37 -89 -36 -36 0 -47 -77
-78 -84 -67 16 28 43 -76 -95 56 -14 43
-77 84 -81 89 -68 67 63 13 84 26 82
-41 65 -69 -80 -6 -84 5 11 -79 -16 -84
19 -90 46 -49 -28 77 1 58 -2 7 65
44 78 99 36 61 -82 25 97 18 29 4
-5 -9 -10 -14 75 -93 29 -15 -5 -41 43
72 97 -2 20 -32 11 33 -45 -79 55 -49
93 -18 -5 12 -78 -11 -86 -58 66 -77 13
10
-74 -43 -53 67 22 65 24 -52 -46 -5
-77 -99 -8 -36 -21 42 63 -31 54 79
-57 2 -28 21 -47 95 -18 -35 13 -83
-64 63 9 -34 10 81 -53 -66 -63 78
39 -88 53 4 76 40 24 -1 54 -49
-44 72 91 48 79 10 6 22 100 -6
-6 -2 11 72 23 -27 -26 83 -36 -53
-69 60 30 34 -64 35 59 88 -73 16
-22 81 -6 9 -95 -4 16 14 80 20
49 -82 -10 -54 88 43 91 78 95 -31
10
91 69 19 97 -48 53 48 -21 87 -35
-93 16 48 -29 7 1 -46 51 20 10
3 26 36 47 -30 -63 95 -4 49 -92
-37 -76 -78 -62 95 -83 8 44 -13 -34
60 -10 -42 50 31 55 -94 13 35 53
19 35 37 37 3 -57 -90 91 23 10
-52 -83 -53 48 -33 84 -20 -1 92 -5
-21 -84 -48 43 -96 86 10 -21 -55 78
80 -44 -5 -74 14 -69 77 67 59 59
-79 53 -48 -96 -68 81 -3 9 -93 94
15
38 50 0 35 68 -11 -92 21 61 37 -49 61 42 28 62
-41 30 -19 -20 47 74 -5 91 1 -67 14 -51 77 35 67
-39 -13 81 -97 -60 -47 -51 48 -50 -55 29 -99 53 -16 54
-52 80 -43 38 -2 -61 48 -13 39 82 71 66 -84 -96 79
75 36 51 31 -86 -33 -61 -67 -20 -51 -14 68 -90 96 -81
-62 -86 -59 0 -55 -61 5 -93 17 1 -46 88 -50 -24 42
72 94 -23 13 -2 -100 1 -26 -3 -74 -95 -25 27 -65 5
56 -89 71 17 67 43 -12 22 88 81 6 -100 37 -51 31
-78 -88 32 92 38 -18 95 61 -26 37 80 -30 -40 29 -53
68 89 -79 -67 -14 -91 -58 -15 50 -73 59 -92 -23 50 24
42 69 -62 84 10 50 -16 86 -38 48 -75 9 59 2 -37
-67 44 -27 73 -14 -42 -94 39 42 -37 84 24 34 -48 8
-25 82 -10 5 4 -88 37 79 37 95 65 20 -52 -99 -77
89 99 0 -24 24 -29 -24 68 79 61 95 21 58 -34 -37
89 67 76 -71 88 12 88 -83 45 -59 44 15 35 -33 91
11
96 30 -68 -86 -70 13 97 24 -61 -1 13
-81 -55 77 -6 59 62 -38 -53 -76 -5 -83
12 -34 23 66 -70 70 56 32 -57 -7 -96
87 22 -79 -61 57 76 80 58 -2 26 90
-47 18 -51 -76 -23 -11 4 82 81 0 12
71 18 98 -97 76 44 23 77 39 27 9
-52 11 46 82 16 -24 98 20 40 93 -5
36 86 90 31 98 39 20 29 26 78 -65
-13 -66 -91 12 35 -14 -28 -13 85 -59 -1
65 80 83 47 71 39 -4 -58 -67 70 -30
-44 61 100 59 -98 -76 -93 83 100 -63 -27
10
-3 -59 -91 25 18 34 -50 48 -43 95
69 71 36 -90 75 9 -23 -28 55 -10
-55 -44 7 59 -20 21 20 -12 20 43
-51 57 -11 -75 40 3 42 -94 73 0
53 65 12 6 49 84 11 -38 0 -65
1 -55 3 -65 35 4 -40 -100 4 -3
-33 98 -4 -72 -49 -57 -95 47 -40 -25
92 -72 -29 25 -94 -59 29 4 53 -94
46 19 -25 -4 -84 -21 67 -14 31 -24
-75 53 -13 89 -27 72 34 -92 -95 -94
11
-71 -80 -5 93 89 72 -38 -24 22 -20 35
-17 -21 87 -58 56 -24 -59 -13 -80 50 70
8 52 30 46 -16 89 -7 -97 5 -83 -87
21 7 57 -46 2 90 44 -19 43 90 55
-24 54 -38 58 -22 98 52 44 94 -56 -61
-61 70 -81 19 -82 -90 36 -95 -74 84 -2
-38 -80 27 -71 74 -71 -25 61 -86 38 -84
-48 -45 -25 94 -12 70 33 -43 -49 29 32
38 64 8 51 81 41 64 -95 56 92 39
-87 48 44 2 91 64 -87 -26 -80 -8 86
6 -6 92 -69 38 -100 84 -4 -31 55 75
16
-97 67 30 -62 74 -21 47 69 98 -56 -58 81 -37 -30 -36 -1
98 52 -38 -98 -71 34 83 22 -4 -39 60 47 93 94 -37 -57
89 -62 -38 -98 100 1 -50 -9 -27 -100 -29 64 68 -77 -52 -20
70 49 -63 -92 70 -65 52 -26 38 31 -56 75 26 86 -33 33
37 20 -25 -76 -30 42 -65 -46 27 98 -85 -31 -30 -14 39 -90
86 83 -17 10 -13 12 3 -70 20 -35 69 13 -39 100 26 72
-82 -79 -4 71 -59 -38 83 -39 -8 89 62 -42 -74 -74 12 13
-47 -5 -20 -7 9 78 65 61 -92 -43 56 -80 -72 -41 15 -21
-73 -3 -87 40 -97 -49 27 -94 -57 68 59 -22 64 41 -21 -17
53 53 37 -95 -79 -18 -27 100 62 51 -34 -27 66 -89 -13 33
-81 40 -60 -85 86 7 40 92 38 40 42 -88 -86 -7 25 24
93 -15 -32 45 -79 -26 -96 -54 -82 24 -38 -6 52 49 97 -41
-5 44 85 -60 -10 2 -37 37 16 -28 2 -58 55 77 -86 82
-94 8 82 -89 -63 -30 43 51 91 3 52 91 -54 18 -38 -61
-91 -10 -88 78 -17 -97 -91 -11 58 -49 77 84 -53 1 70 92
-11 -32 -7 61 -92 82 34 50 60 -13 -28 -49 89 38 -20 -94
20
51 -56 -93 9 -95 -55 31 -93 7 -49 43 40 -75 -32 17 -86 27 -58 70 91
13 67 -16 95 -13 16 -51 35 34 -18 8 -66 58 -91 60 -14 89 -79 70 64
-18 76 -66 -45 42 95 -87 30 2 42 75 -96 -50 -97 -42 66 90 -26 -1 -43
-29 -85 -59 38 -73 -87 -89 67 86 93 11 -94 -97 25 17 2 66 -10 -71 86
-10 -98 -90 17 34 71 31 51 -2 -22 19 -72 3 57 17 90 93 93 -3 -92
-29 -6 -24 10 54 -55 -61 21 -92 -80 99 37 18 -64 89 94 51 43 -31 -69
83 23 -80 -90 15 -55 25 58 -7 45 -80 -78 75 -69 95 -37 -74 -76 9 91
-29 63 19 -28 -3 31 -97 3 -78 -56 32 -95 71 -24 35 -42 -93 24 3 -61
-2 -53 -22 -22 20 86 -86 16 28 40 18 -83 74 -77 -35 -66 -73 84 41 -94
85 29 -98 56 -2 -66 70 -40 77 55 -98 91 16 34 -52 -6 -1 -5 -46 -41
14 -28 -83 49 43 -24 -97 -78 15 -10 76 -92 99 83 -1 56 50 -14 -40 -30
-51 -19 -13 90 9 -93 -75 -59 34 3 -51 -56 99 61 38 60 75 14 -99 -86
2 -22 75 -63 86 71 14 -9 -18 -20 81 58 -3 -85 22 -30 68 -90 15 21
36 3 35 1 -18 -7 -30 -95 -36 17 -80 -21 -45 50 88 -90 45 69 88 53
-66 -37 -24 27 7 -40 65 52 -61 -6 30 61 -4 -53 -17 -62 42 -29 -95 81
-69 3 -3 -30 81 -41 34 75 -63 -17 -80 56 47 -90 -25 -11 57 4 -49 93
19 83 64 -63 -13 -83 30 -43 93 68 71 58 17 92 -26 -74 -64 52 -33 5
6 54 97 -96 -88 -9 19 -39 51 21 -67 -26 46 26 28 -60 -86 84 91 -94
-76 -30 79 -76 -81 -10 18 80 -57 -36 94 -33 -21 41 57 80 77 -70 -51 -13
16 -79 -4 28 87 -92 -13 69 -46 -70 -33 -54 -51 49 83 -35 87 39 -18 27
15
23 -72 27 21 -49 -39 50 -80 -54 -14 -65 65 -38 61 4
45 63 80 -3 47 -83 6 -10 30 -78 -60 56 52 98 25
-71 -17 -63 80 -47 -32 -50 40 -30 15 -40 82 79 22 92
-71 0 46 0 -97 -44 -58 -2 -81 14 51 18 -69 -70 3
49 -24 -85 -79 91 -59 -54 4 62 100 -95 36 -5 -24 -41
-47 -21 50 -21 81 -16 -95 -81 -39 47 63 -93 -1 37 -91
-66 -52 53 14 60 20 56 62 -3 87 -80 9 -67 -36 21
-100 93 -81 76 -25 -83 -39 46 -6 25 11 12 36 74 -71
25 -2 61 -92 47 -69 -5 -28 41 -92 44 11 -53 9 59
-56 31 95 -1 93 97 34 2 71 79 -16 32 56 -52 -12
7 -50 33 -31 -68 90 -62 34 -84 -85 77 -16 65 17 -55
8 70 10 31 -56 29 -99 -62 -100 -69 -92 -48 -12 59 -28
-60 -15 -39 -42 4 87 45 18 84 20 13 48 25 39 47
-38 -47 73 -71 -38 -41 -85 16 -4 97 50 1 -14 26 92
31 85 28 -71 28 12 18 44 -72 1 -88 -24 73 -41 -47
19
15 92 96 52 2 -2 32 21 -27 -59 85 -33 -71 4 -56 15 -66 30 8
59 -82 -16 99 15 21 -44 -32 -14 -49 -40 100 79 11 79 95 -25 89 -46
38 98 25 -42 -7 63 -86 -94 46 6 -73 -24 -34 19 -20 78 97 -83 -85
-15 -31 -42 94 -17 -78 -10 7 97 -63 -88 -22 1 91 -92 -13 -60 -65 29
97 4 -71 95 98 78 -84 -83 -10 48 -53 48 -64 -79 -61 42 -17 -57 -58
67 50 59 -99 -44 77 31 67 17 100 4 -60 -76 65 58 27 3 92 -4
-80 82 -7 -96 8 -49 76 30 85 90 -1 75 -56 -74 24 -15 -19 3 37
18 -20 39 5 -89 83 23 98 -77 -76 -55 81 10 -44 -90 -54 34 21 86
-72 40 27 83 -64 77 -24 -83 76 -73 -73 -99 17 -12 -91 -55 43 -26 38
-94 3 -57 12 84 -86 28 -34 -53 -31 42 -58 88 -93 86 3 -22 -85 85
13 -99 23 37 58 -43 -97 -99 13 68 46 40 79 -80 -55 -16 61 17 70
-38 82 -1 -87 -41 88 14 17 -39 47 52 -31 -71 -2 -87 -75 55 44 18
-71 -61 -38 43 41 -5 -88 13 38 34 16 35 -8 8 -96 41 46 43 -28
5 -77 24 -76 37 25 -30 23 46 -47 53 -1 -90 -30 0 -18 98 -71 13
2 -95 45 79 16 -63 69 88 15 -53 99 52 -54 37 -17 32 -23 -45 29
-11 27 -78 -66 24 19 -100 91 -69 55 52 1 61 19 81 60 46 88 -8
2 -60 5 57 59 29 4 10 -77 81 -20 23 82 -6 -59 -6 -84 -91 -17
-3 93 -24 -75 84 -76 37 64 62 -30 69 59 -2 22 95 -34 27 41 -62
-68 16 65 79 -34 -79 26 -52 95 -36 -79 50 73 59 74 70 -53 -6 94
15
55 62 -81 -6 -20 -65 91 -68 41 -56 19 -30 -13 -10 75
-93 -16 -82 -57 64 -51 -92 -43 39 64 20 -71 1 99 92
54 34 88 7 -87 1 -56 87 6 -33 -63 -64 14 -54 72
33 -64 16 -79 -56 39 -71 36 45 10 -97 -48 33 -20 74
9 24 -8 28 -97 81 64 -76 11 92 13 63 -77 92 -2
87 38 36 -74 93 1 -49 -15 -33 -11 -53 92 -20 26 68
13 47 -45 51 -80 38 63 -78 59 96 -30 96 74 -91 55
-33 54 15 59 -89 59 -49 15 59 -91 -100 86 22 -7 -29
-35 7 -7 40 28 -85 42 45 -75 -34 -93 32 67 -30 -89
25 14 46 -74 48 94 -51 86 -20 28 -96 28 -52 -2 94
83 -13 -88 87 27 -29 53 -95 61 -50 -29 -93 96 16 90
50 -51 -83 42 -97 -56 60 74 -18 -2 -81 -37 -67 91 25
62 -12 -37 -26 -58 43 82 65 -50 53 78 7 -29 -95 -6
-28 -70 96 -47 66 -46 41 99 65 47 53 -5 29 -1 -38
-21 -29 16 68 61 70 25 52 -23 35 -96 -81 74 -83 57
15
-45 -87 0 -26 17 87 -97 -67 98 -69 -27 74 -11 -100 7
-76 -36 3 81 37 24 59 -100 36 75 -92 -49 15 -99 1
-51 -7 60 57 77 -81 -32 8 86 56 25 32 68 -66 19
11 7 47 -82 83 3 -43 -64 -45 6 82 95 -59 -80 13
8 -75 -16 24 -74 86 68 16 -56 48 -18 -27 54 -76 -1
37 -94 -1 38 70 -63 -39 45 -15 -54 89 -41 -76 89 22
63 77 -80 90 -34 -70 -57 85 -98 -74 -40 -52 -79 8 13
-80 -14 -76 50 -36 -70 37 -4 73 37 -90 91 -46 -25 3
39 -87 29 -19 -67 -98 -36 -45 8 -36 6 36 32 30 41
13 -37 -71 49 74 -71 -2 94 -36 -7 74 -90 29 97 17
33 -38 -83 -8 74 -35 80 60 -4 21 67 -18 -60 -24 -16
82 -45 0 83 -18 87 44 -9 50 14 46 35 -66 20 -68
10 90 37 -100 -72 -29 -2 -13 13 -69 61 36 -62 -93 -11
-51 -27 -48 -24 85 50 -28 -44 20 -57 -18 -48 -34 -88 20
-15 98 31 -90 -22 -69 91 15 85 -72 -91 -34 75 -4 -62
11
-16 -14 52 -15 -28 -91 47 94 -93 -44 -99
-70 35 48 -63 72 78 -6 -85 5 -15 -31
83 -25 68 -79 -63 94 -35 16 -77 -97 30
76 36 73 46 -92 -40 -22 -12 -82 4 56
48 34 -90 -90 62 -94 -67 29 40 -65 -31
54 9 78 -95 -38 5 -36 -53 -41 70 -95
85 91 3 90 49 -28 -23 78 70 5 60
-56 49 -57 25 -48 80 -3 -18 82 92 -46
-11 -87 -30 -18 -2 -67 84 99 66 -57 57
6 -29 -32 68 -13 100 84 43 -25 80 30
-97 -17 -22 -64 53 94 59 -22 -57 -23 35
18
-2 -64 97 -2 -35 65 -90 20 -6 -5 60 9 86 -88 13 -88 41 91
0 -58 -82 -19 -89 2 -75 52 1 31 -38 -42 -48 57 32 -97 49 -55
18 -21 -42 46 31 -47 20 33 -99 -4 -61 17 83 -16 -45 39 86 -62
-86 32 -30 -3 -19 -24 39 28 -65 61 39 -87 95 28 -1 -25 -40 -50
-99 45 -42 -80 91 -85 -34 100 40 -26 95 -83 -48 -64 -68 30 -68 77
-80 -6 -39 -57 76 71 -56 22 -47 35 60 -70 16 40 -27 58 -25 32
51 91 7 -15 11 22 -78 -97 -32 -32 58 90 -98 -92 91 -56 96 13
-93 -73 -16 -96 31 69 76 55 3 -62 28 34 20 48 -43 89 11 74
-54 72 71 41 26 -73 -89 26 94 -28 71 -75 86 -39 -11 -50 -8 -76
22 -44 -61 -8 89 -30 30 -49 26 -8 -94 -80 -17 -28 -32 -42 -67 22
-85 76 -81 13 -59 -49 -71 56 72 -44 15 49 42 -96 -58 -41 76 -31
43 78 -63 78 3 13 -51 1 60 57 -15 66 40 -26 -30 3 -84 -27
32 -39 64 1 51 -96 69 -80 84 34 63 -5 1 -31 52 1 -22 -45
-76 -22 96 -86 97 70 35 -67 -91 -27 -53 -30 98 -17 -62 -65 -62 -29
90 -3 79 48 -45 73 54 43 -99 17 81 38 55 -22 98 -21 97 32
44 -55 -29 30 78 7 84 30 -93 60 37 -84 46 99 59 -56 -69 5
80 -40 -29 -30 -15 -99 68 73 65 -51 -41 35 -79 88 -77 -9 12 -83
-100 -53 -82 -87 -19 -72 -47 -15 -74 51 -43 -18 -88 -89 93 -98 75 -23
15
-33 -82 -100 -57 97 97 -82 -86 -53 -43 -55 -65 44 37 -70
-69 53 89 16 8 -46 22 -33 92 -25 -60 -75 -8 77 -67
22 -3 -92 30 -11 -37 -18 47 -6 -50 -87 36 48 -41 -31
29 9 84 80 52 70 -48 70 -66 -78 69 -80 -3 -9 66
-61 17 41 -4 15 30 -50 36 34 -53 82 -79 -37 83 11
-10 0 -35 -96 -13 -38 -73 22 16 -35 80 98 -61 -31 71
87 1 66 69 -60 -35 -57 -28 -83 99 -26 100 -29 79 100
-97 39 -52 -39 -4 -22 -42 18 -19 -39 -63 22 31 97 -91
60 -67 95 -37 87 79 -9 14 -36 -90 1 -44 46 87 92
93 100 87 93 -57 26 -88 -29 57 -88 39 -79 1 -3 73
-71 87 -78 -71 31 -71 -15 59 -54 88 72 -51 66 -92 -49
-11 -79 10 64 69 -65 80 -64 -40 48 2 -44 15 11 -41
-4 56 -80 44 -85 7 46 -20 -54 -99 -99 -34 -45 -64 -46
-83 -68 -37 -69 -19 -5 -80 45 -17 76 -54 76 81 -80 -19
-26 74 69 45 -20 22 85 -14 -83 -88 -22 -12 30 41 85
19
33 -80 -86 -96 52 27 47 -10 74 76 54 -70 -6 -52 37 44 41 52 -68
-29 26 -100 82 81 -77 49 44 -60 -19 38 -91 87 -15 -21 -70 -100 68 74
-85 18 41 -32 -50 37 86 -87 -87 -4 -9 64 14 73 -69 -72 -8 99 40
-57 -54 90 84 61 -65 78 -16 66 83 -39 -90 -99 52 -44 15 -8 43 -95
-87 -70 92 -54 97 -28 29 91 13 -61 42 -32 26 -14 95 -78 -50 42 -44
9 91 16 8 -12 3 0 35 -23 16 44 18 -26 -25 -19 -66 63 82 20
29 -42 -41 -60 -29 20 -54 -59 -91 -15 -7 74 39 -42 -49 16 -17 54 -49
-68 5 -9 -35 -62 -72 47 51 -94 -42 25 92 -81 81 -37 -10 -77 -41 -57
6 33 43 44 90 42 -1 -98 1 97 78 -2 -40 52 6 -100 1 -80 28
-41 -82 14 -8 36 45 98 -58 -5 -50 68 -79 -65 73 -32 -3 -46 60 58
-86 46 62 -25 -80 -24 52 -27 2 45 -74 70 -13 75 -81 -77 90 -95 92
-48 -80 -11 68 70 7 -64 -78 -5 94 -80 51 79 70 -28 65 96 76 26
-38 15 69 12 10 24 79 -60 15 94 -22 29 -63 67 24 -25 -70 68 24
19 -19 -39 -25 -26 -15 79 79 -87 -77 56 -81 -57 -82 -27 45 51 -22 -82
-96 -7 -99 19 -98 -77 1 98 -43 -46 -82 -22 -76 -48 -57 -10 10 61 -52
65 -7 -50 -3 -81 12 -70 22 -7 70 42 68 16 -39 100 -78 46 -86 69
-14 99 77 22 10 73 94 4 31 70 -91 -57 82 28 22 -82 22 -89 -56
62 41 -88 -36 -28 -76 -61 45 68 30 -98 -35 68 31 37 60 -58 46 50
-44 36 -88 73 -64 -58 13 74 -30 90 83 -85 30 52 78 -37 -61 -15 -90
19
49 -6 84 -2 -100 -28 -46 -96 -43 -83 -31 80 32 -47 43 20 -83 -84 75
-41 11 -55 91 -67 -65 -13 87 68 69 -53 79 20 -67 45 -99 32 -38 -86
52 -72 1 -31 49 94 -10 -14 -94 -64 -47 -52 87 8 -49 -82 23 -21 31
23 -64 84 -8 -18 48 11 12 -17 -31 -73 0 73 -86 83 -88 63 -30 1
17 -61 -82 -38 57 88 -54 -77 67 -30 -86 84 100 63 -80 60 16 3 -24
-85 -32 98 -8 92 -91 21 34 95 -60 79 -66 31 -34 11 98 -2 -17 64
65 -51 -58 -24 -34 68 76 -44 21 -43 -31 15 97 45 -68 94 -1 10 -34
75 96 -97 22 20 75 -13 22 -21 -88 10 -77 89 23 -38 35 -97 -45 93
35 97 -31 65 -39 76 12 -76 -49 -6 60 22 85 -25 24 -40 -76 -31 39
11 16 -83 -17 -14 -54 19 96 68 -5 -72 96 -4 37 -7 64 82 96 60
56 -80 54 -35 59 43 87 -8 97 43 -52 -33 -42 69 -83 3 -84 -94 97
-96 -99 91 61 15 -68 -27 -74 66 -65 13 -20 48 13 -35 -20 100 86 35
74 -35 60 62 -8 68 96 10 -83 59 89 -48 7 30 -92 27 24 70 -85
-77 -15 20 -98 0 62 80 8 -89 47 -49 -34 35 9 39 -30 -76 -68 68
0 -2 78 34 -27 0 -97 69 -7 -81 -14 29 83 -8 -37 19 -98 62 68
-51 98 12 -33 61 -53 -78 75 -18 -77 -20 77 43 95 77 60 88 -94 38
60 8 -91 -60 11 -49 19 40 86 15 -44 14 39 -33 -50 97 -59 -65 -42
-54 -42 -37 -21 -10 -37 -80 63 27 -60 85 -81 -57 -13 -57 92 56 49 -33
18 26 70 -78 0 3 -60 51 45 -88 65 19 73 44 63 -73 46 9 -66
12
-85 -17 67 89 -86 64 -64 1 32 -66 84 54
47 -54 1 -64 -63 62 28 -42 -43 25 -7 64
53 84 65 79 63 -75 -91 1 53 70 -83 49
-15 -91 100 24 -96 67 -67 3 26 -84 28 18
-56 -84 74 -42 -89 99 94 37 31 68 58 -96
-45 -100 70 6 32 77 42 38 11 4 -94 22
65 -76 77 -34 95 61 -94 -89 76 85 68 30
-98 -8 3 64 -36 38 -22 -62 -35 44 -17 29
5 32 30 16 -11 52 -81 -4 -56 34 -16 -78
-21 -59 13 68 0 -35 42 -98 72 86 6 37
25 54 -49 -64 31 -17 59 -45 48 25 0 58
-29 55 43 -19 -35 -11 41 -62 -41 35 90 83
15
-66 27 -76 65 -52 15 -94 -24 -59 4 -41 82 -37 54 89
-65 -71 -65 -20 -45 16 50 58 10 -1 84 32 -18 49 -92
30 77 -79 -37 -63 93 -47 -51 58 53 -49 -51 25 87 40
36 76 -92 -21 17 90 -61 -77 -33 34 14 96 -18 -7 -74
72 37 60 -97 69 -25 99 -28 91 -78 42 55 64 61 -56
-18 97 52 -75 -76 -3 -54 64 82 -38 17 -43 43 -70 35
83 50 45 22 18 68 -39 93 14 88 -94 78 61 28 -71
-2 -46 -46 -25 -49 64 -90 1 -10 -45 -15 0 1 78 -22
-41 -20 17 14 -48 -65 34 -90 -27 -73 31 -13 78 -85 52
-17 84 -86 -75 -22 3 84 -20 -50 -70 57 1 -25 55 -51
-35 46 -47 73 92 41 -30 -21 -45 89 69 41 -98 38 -21
10 -34 88 -9 -35 -98 23 26 -21 71 26 -29 2 -26 2
-20 45 -22 86 -63 -35 95 49 63 -91 85 51 -11 25 -34
58 -78 17 -94 38 -83 4 21 77 100 90 -30 76 -65 94
9 -81 -72 84 -59 51 49 -38 27 55 -82 6 -48 -7 23
11
20 66 70 -86 77 -72 -54 -60 99 73 -69
-52 -73 -100 -25 4 12 -2 -57 82 25 92
-80 97 -50 83 9 8 -76 -26 56 -45 74
-47 -3 -7 52 -46 22 7 13 -72 57 -90
54 19 -78 -28 92 -78 31 -90 -99 97 12
23 -21 -69 27 74 -41 -17 32 13 -5 -76
-65 29 37 -35 -89 43 49 -94 -77 79 59
11 35 -11 96 46 -85 -99 100 -58 -61 77
-81 88 -83 -84 5 95 41 77 44 79 85
45 -3 -53 -5 -19 13 -9 -26 82 -54 70
54 89 -41 58 -40 92 60 -12 54 59 -8
12
60 46 -60 -11 38 69 82 -5 27 -90 32 -24
28 -8 -69 -37 -22 39 63 -43 -13 28 3 16
17 11 36 -41 -71 -12 62 1 43 53 24 53
87 73 100 -38 -35 -54 28 64 -56 26 54 -48
-94 -32 71 -41 79 35 -28 70 -29 -56 -44 -75
-62 -95 -29 -56 18 -62 -7 -92 -92 -53 91 31
-79 30 -64 -96 79 -87 99 61 -72 45 -43 -12
23 88 2 -84 -73 63 -88 -23 -14 -17 -20 39
26 -42 67 -33 0 -21 84 16 56 -42 84 100
-57 -59 45 91 -57 -33 -64 33 29 -73 53 52
-51 9 -66 81 61 2 27 -17 -13 87 78 36
35 -52 39 -77 36 -7 52 -91 96 82 -80 73
13
-49 -98 -9 91 29 -38 81 86 -57 50 99 60 -1
75 10 85 -89 94 35 34 -29 -13 11 81 50 33
52 -33 43 -41 -79 -62 -92 71 92 82 -99 12 -30
-64 -23 100 -22 -49 -3 -95 -91 92 -90 -91 -46 26
23 75 -40 76 -14 29 -99 -43 36 -28 -59 -30 -2
29 -93 74 -93 -11 24 24 44 -99 6 -75 -79 -93
19 70 -55 -15 -16 -28 21 89 59 -60 8 87 -76
-75 67 -34 -43 -25 25 63 -78 85 -83 -91 19 -57
3 94 -19 71 41 -77 27 -2 57 75 -7 73 74
33 35 -87 66 70 5 27 90 -3 85 -25 57 -55
57 22 99 52 -56 -27 -11 -84 -96 -57 12 22 -74
-4 91 -27 21 -63 -37 -78 96 -9 -64 85 -8 41
65 -13 -69 -89 -100 36 -14 100 36 -36 -17 24 -43
18
16 -95 -27 -85 55 80 -99 81 28 -68 69 -68 34 -34 82 10 32 37
-38 -100 -42 -83 73 24 88 13 24 -61 83 55 65 -89 90 9 -13 -61
73 -24 -91 79 3 48 43 90 42 41 88 6 37 5 85 -41 -54 43
-20 45 36 -56 32 54 -84 84 -20 78 84 -3 -75 59 46 -64 -100 -37
87 15 -29 -32 40 97 38 99 53 86 -47 34 60 -100 74 -3 31 28
-48 -4 46 -36 -32 -79 -30 -76 -35 -15 98 58 22 88 69 59 -21 19
38 -17 39 65 83 30 -50 14 -36 56 -66 -61 57 -75 -37 -15 -52 37
-57 -92 76 68 76 15 -16 -62 -11 53 49 10 25 -15 -56 -48 -36 -19
-50 74 33 -14 48 2 -18 20 8 -98 -62 40 71 29 -33 37 -89 3
-41 -17 -30 59 -33 -67 41 -21 54 68 49 -83 72 21 -1 -80 93 93
-20 66 85 -43 -52 -67 -29 41 56 -12 -31 77 82 -13 48 19 -86 -46
-42 -2 58 46 -84 45 -38 -65 51 25 41 -58 -11 2 61 -100 97 11
-23 -19 6 -16 52 -84 -95 100 56 -100 -6 -39 59 -20 -93 -22 97 75
58 -42 -98 -92 83 61 98 49 -1 10 -43 91 26 -19 18 32 -72 61
-5 -46 -2 -2 -82 2 -96 -64 76 63 59 55 74 55 -5 -94 64 32
-35 26 -96 -15 -83 -61 -2 29 84 34 -83 82 33 22 -89 -81 70 -15
16 -13 43 25 23 -11 2 -99 -24 -5 85 -95 58 -83 65 -21 -51 62
-65 -58 -83 77 -100 -87 29 -51 67 -81 32 80 97 25 45 -84 42 -34
14
23 86 -4 66 91 -30 -93 39 52 42 47 -3 88 39
67 38 12 70 14 -68 28 57 8 97 86 52 -69 59
72 80 -53 4 -15 -55 59 44 99 -9 -8 10 -45 73
-36 18 8 9 -60 -83 42 -50 -3 -61 -77 26 -54 -19
-70 -14 -39 -75 74 40 10 19 -61 17 59 97 -5 66
87 -63 -73 -78 -72 26 -14 69 -56 91 53 -31 -3 67
-76 -9 -78 -55 82 -80 -11 34 -36 95 29 28 -12 -45
-47 83 -33 73 -23 -19 85 -100 22 80 -38 69 71 -10
-99 -98 50 93 71 -42 50 27 -93 -58 -71 -42 16 -99
-66 89 69 85 -64 73 5 49 88 67 13 27 -75 -91
-55 88 14 10 0 66 70 -1 51 42 -26 -21 38 -75
-18 89 89 10 -40 -91 -51 58 77 62 -2 66 -79 95
53 -77 -68 -71 -32 90 48 -20 -20 27 33 90 -87 33
26 38 -66 -47 -45 -48 73 58 48 74 40 15 -18 100
18
-45 43 -38 55 -67 -91 49 52 50 -19 26 -19 -24 1 64 87 8 -6
59 -11 38 -28 16 42 -89 35 -78 87 -21 -26 -33 14 79 -30 16 76
52 -14 -51 19 -36 54 -93 48 -75 24 -96 -19 62 1 13 1 -23 52
78 -54 -84 50 42 62 24 43 51 6 27 57 9 49 10 96 -65 -3
-10 -31 14 97 34 27 -61 78 36 -52 45 84 57 28 89 68 -20 -13
68 -27 37 76 58 -74 73 -28 20 -11 72 -74 -59 -9 -45 -24 83 34
78 1 -56 -34 71 18 42 94 -3 -50 -67 91 23 45 -11 -2 97 37
68 -96 -84 -28 0 6 82 39 -39 11 52 -48 84 -60 26 64 3 -53
32 34 35 8 87 32 42 -20 57 -71 -15 -79 1 -39 6 93 -56 -100
90 -32 96 2 -52 -18 7 31 -92 90 28 -43 -78 -8 38 -5 36 80
-83 62 -25 -23 82 79 -54 98 96 37 -25 5 50 45 -65 48 -100 -35
-92 2 -60 33 -31 58 98 72 34 88 -70 -47 98 90 -97 77 87 -51
-5 67 -16 72 -2 7 -60 13 40 62 99 44 -85 -88 55 89 -66 -34
9 29 71 -34 7 85 60 53 28 -61 68 36 13 -93 -42 56 34 43
10 90 57 72 -11 -94 76 -36 -12 -28 -16 88 -47 55 -54 -78 -10 68
2 -41 -67 79 99 10 72 -33 4 7 4 77 -94 16 43 -5 26 -34
-76 81 3 50 19 -57 -4 -30 5 15 -93 29 -71 -85 91 56 -91 -18
48 82 93 -44 35 -49 -34 -11 16 -61 53 8 8 -30 62 -49 81 -39
20
44 -95 9 -40 -18 99 78 27 -83 33 -62 -8 22 -38 -20 -71 -80 74 -8 -58
-94 42 12 13 67 71 50 -69 -63 -57 -80 -89 29 -11 79 0 -8 56 -56 -84
3 -29 -63 -40 29 -90 -73 -27 -45 1 -37 -55 87 49 72 -61 5 -36 67 -52
-33 -65 -57 -56 11 -34 -14 -24 88 -48 -77 73 -7 21 -61 -11 -4 -46 24 -43
93 14 82 37 -69 87 74 19 19 -7 -62 76 3 90 34 -53 -98 -52 -79 -53
5 -26 -56 35 80 79 -51 42 -49 -29 33 -33 31 -74 21 -25 47 -70 93 -26
97 -65 40 -49 -59 11 -76 91 -56 98 -50 80 59 19 -21 40 -54 -15 63 67
-60 -8 91 84 42 35 93 54 37 90 -57 29 -89 -76 -87 -31 80 48 64 13
-16 64 -61 42 -7 -71 34 -41 -47 64 -33 43 -46 18 -91 -11 -84 69 1 83
-7 -50 97 31 -24 -54 -37 -42 88 -61 -94 60 -28 -68 43 -99 -24 -26 -68 26
-80 -6 58 80 -95 35 -61 -88 -27 -5 -94 0 -48 -82 -90 58 36 65 -71 68
25 -11 26 65 -54 5 -63 34 44 -71 -79 80 69 10 45 95 -34 -76 -96 100
51 -27 -22 -46 43 -35 87 83 -98 -54 -55 -92 22 -48 51 -32 29 -17 76 91
64 -20 -51 2 66 76 23 -55 -32 12 -99 -80 19 63 -44 -3 71 32 -76 -90
-41 90 -16 95 70 -67 -53 -35 1 43 69 -41 -45 -95 4 -22 -73 -57 -22 -50
69 42 -90 56 -84 28 61 85 59 -80 -78 84 -64 62 63 -84 -12 -73 -90 -52
71 -82 -92 -72 -18 -75 -52 -50 -19 -58 -75 11 17 76 -34 -34 78 -51 -99 -4
99 -45 48 -34 55 -69 -66 -28 -14 76 -1 -53 85 24 -50 -91 57 54 -54 24
-42 48 -36 74 -97 52 77 -37 -65 23 -8 74 -14 -38 56 -16 -56 -64 2 48
52 -6 -14 20 -81 51 -35 -21 -47 40 -31 -86 100 -98 70 -68 6 -70 -4 -34
14
-23 19 -37 -77 0 6 -50 -69 13 -23 -77 96 25 91
44 -80 -66 90 -92 41 -48 -82 -29 85 25 -24 57 -92
-7 86 -65 -29 -79 18 -86 27 -6 81 69 32 13 -33
-97 -48 -7 -65 -84 72 40 -53 -53 74 23 -18 -64 -96
-11 -3 77 -37 -16 85 57 87 -72 -10 5 -70 -63 -15
-42 96 85 79 -70 -73 -35 -41 -50 34 -49 36 -7 29
-46 53 -12 30 90 72 15 36 -12 8 -37 -57 51 -6
-68 -35 -43 -27 71 17 -29 -100 -34 92 61 -67 -52 48
65 93 -73 99 -90 -60 -87 -47 41 30 -61 -76 -60 66
67 -73 -66 -58 80 -93 -58 9 30 -21 -97 54 -30 -77
18 -80 -60 -89 61 -69 56 71 80 76 55 41 -68 -22
26 -46 -65 -7 -42 19 18 -51 -11 -38 -72 -91 -73 -69
-27 0 100 9 61 -55 -94 13 54 74 -24 -87 98 79
-21 5 86 65 85 10 -82 -14 20 -42 -48 74 -52 87
10
-58 4 -14 -77 93 52 95 27 -72 99
53 -27 100 22 84 95 -86 -44 -88 -3
37 -33 22 70 -93 77 -8 45 16 -10
-75 29 28 72 94 -59 59 -97 29 33
-71 89 29 -5 -33 73 26 -67 -56 40
67 -47 -6 -36 84 52 12 -80 63 30
90 -31 -65 98 -55 48 37 61 94 98
37 49 71 11 25 -20 65 86 92 -20
-13 1 -74 -26 -6 -67 -75 49 -42 -96
-96 -28 59 16 23 -79 18 -79 -92 -55
14
31 38 61 -60 6 -27 -69 26 -48 -88 -32 -19 -69 58
-77 21 45 12 -51 -13 44 -36 -41 -35 -44 -37 -94 -13
-79 -20 40 -69 -37 -34 -4 -83 -85 95 -44 56 -85 21
-61 79 -43 97 100 -4 18 -71 52 39 1 -36 36 32
42 -38 -34 -35 -83 -86 82 100 38 29 76 9 -36 -92
-79 -15 -27 27 -40 60 -29 -99 27 90 -3 -96 -74 -73
61 59 -65 -97 -61 85 28 -29 13 -2 67 -14 -37 -83
-51 42 56 -2 86 -86 -43 84 -98 -46 -70 -2 60 82
58 39 -3 56 80 64 -20 100 95 -5 -96 12 89 87
95 -84 46 74 24 -5 45 -37 -86 52 82 61 -21 50
76 -49 12 -42 -57 84 -87 97 -39 44 27 49 -22 51
81 -32 -64 51 -64 99 22 63 -84 -68 32 -68 0 87
-6 -20 -2 -73 -37 39 -1 18 -31 -33 93 10 -27 -1
-47 85 3 83 -3 76 -79 -66 -100 100 39 -42 -34 -84
10
96 -82 -57 35 -55 -57 18 98 17 -14
-26 44 -79 -49 73 22 -94 14 -7 -48
-15 62 -56 77 -55 65 -69 -58 84 15
-23 -87 -28 66 29 -80 -82 -91 42 8
-30 -74 -62 9 -59 28 -85 -54 -18 -10
-13 85 -8 60 22 19 -100 -68 -34 44
-23 91 52 56 32 77 65 -4 88 -75
-53 -23 -29 71 6 -46 17 -15 -60 75
-47 -79 39 -29 54 35 -84 33 -78 -28
-1 -21 -91 -39 -22 94 -35 91 -86 60
10
-14 47 -69 -73 8 -1 -70 -20 -89 85
89 -9 17 -75 5 25 -79 -46 19 -13
-30 2 -82 -2 -29 16 -54 32 -48 -36
-69 -5 87 59 18 79 -58 -58 68 27
-55 50 -5 94 29 -9 23 -82 -48 8
-81 -51 3 -37 -92 -99 22 -42 -73 76
-41 53 51 47 94 46 -10 -2 -34 -33
-52 11 -72 41 11 -43 -68 -98 -94 -12
78 77 44 -98 85 46 95 69 -57 64
-36 -2 -100 21 34 1 58 97 -66 99
12
-96 -74 -73 -88 23 10 51 44 99 -18 -29 -56
-90 -49 52 31 81 55 -90 74 -22 -82 48 28
-10 61 75 -10 -44 -28 29 -83 12 16 -16 -97
-36 99 77 -2 -24 30 99 -38 -61 31 79 22
-66 78 -51 62 10 48 32 -72 -38 -78 -59 70
63 61 91 -89 8 10 -73 46 -91 -7 -18 96
3 82 -78 39 72 -58 50 49 63 -59 66 0
96 48 -53 60 -9 94 50 -28 -78 2 -92 30
67 56 -51 39 38 41 -43 -76 7 15 47 -87
40 -33 -85 39 -28 77 61 77 61 66 45 -93
34 -64 41 22 -93 -47 -11 37 36 83 -71 -29
8 -15 22 88 65 16 68 -48 -88 0 49 -82
11
-91 73 -97 88 25 -34 56 -38 40 83 -40
-79 2 55 76 -54 15 20 -76 69 38 95
-93 6 28 -26 30 59 34 -69 2 20 36
83 -55 -16 -31 -68 46 -13 -39 -95 54 58
-93 -5 -62 -33 98 -33 -30 11 -95 6 -55
18 -17 58 40 58 -48 -81 -86 47 60 -19
-51 0 75 37 -12 -13 61 -5 44 19 70
63 33 -24 -40 91 40 27 71 95 -24 -3
-23 -53 -52 91 81 -67 71 -62 -97 55 50
-66 17 -71 -12 -30 -95 -46 -52 -37 -49 4
32 -52 89 -97 -90 -24 15 28 -37 -29 -17
18
-79 21 -100 -96 38 -13 56 -17 37 100 -19 -96 17 32 75 -1 29 100
86 -80 38 73 -34 64 85 -85 58 53 -41 96 11 -78 -77 -93 7 41
57 -23 -39 -38 86 -12 10 -12 -25 -18 -92 -77 -21 11 -96 96 24 33
78 86 -37 -10 -52 23 39 25 -61 -95 12 -71 53 -15 57 -81 50 -71
-17 50 -78 -77 24 58 9 76 21 -3 15 98 31 3 36 35 42 51
-90 30 4 -12 -55 26 18 56 -28 83 8 -89 27 -57 -90 -17 -37 83
-54 -64 49 94 -37 75 -2 -67 67 -93 -82 -33 2 22 85 90 -88 -97
-85 -91 46 55 -79 58 88 -3 -6 -82 -83 -20 -58 44 -45 -46 75 -71
-28 73 -34 19 -71 -25 -87 44 42 4 -86 -78 -64 91 -98 95 78 90
40 -61 -20 -41 3 44 22 54 -20 -49 -30 -79 99 89 -50 -26 32 -80
80 30 -67 4 5 45 74 27 27 82 44 84 -1 62 6 84 -100 -68
74 -54 -74 -84 -40 -80 -74 -42 9 -91 23 37 -55 78 84 85 -93 -14
20 -83 56 -75 -83 82 -69 2 43 13 34 -1 -43 -62 24 -42 -99 -81
100 -96 -21 -74 89 -61 53 -37 83 74 -49 100 -55 -48 36 92 -47 78
-43 -12 -90 88 97 55 -16 -54 -15 40 -61 1 -56 -100 79 -96 1 30
-41 -4 -38 19 54 58 17 28 -33 66 2 11 21 -66 -66 -50 99 93
-76 -21 84 -21 58 -34 -1 -98 -40 80 18 99 42 -96 -8 -44 -73 -90
89 38 -37 72 -39 95 99 -71 23 -46 -48 -8 6 -42 81 82 -49 -38
13
-5 -17 -6 -25 21 88 -1 -100 -39 -4 51 -1 85
-81 4 -92 64 -99 23 61 88 68 -72 28 87 -76
-57 -45 77 -64 -58 -28 -65 -77 -82 -7 -27 -91 72
-92 -33 -39 -93 -62 -22 62 11 98 1 77 18 29
15 24 76 -98 50 -91 -52 -23 52 -53 30 48 -34
-40 78 -21 92 25 56 -19 -34 40 93 57 49 82
58 15 -65 21 60 -39 -68 -79 69 -12 34 14 -2
63 44 -18 -31 77 47 -23 -45 85 -67 -93 47 -89
-56 97 -57 87 -49 5 74 1 -67 -10 -18 55 -95
73 99 -14 39 -32 -17 -43 6 -22 -36 54 35 84
-38 -29 70 73 -21 92 39 -75 -51 -34 -79 -76 -17
-78 -20 -21 3 -71 -94 28 72 -82 4 -31 7 7
-87 51 17 -65 -30 -57 -8 -99 -5 64 98 54 89
16
-22 12 52 -13 -84 0 -31 10 73 16 -99 51 78 -40 84 -2
87 57 71 -12 38 44 -65 15 -5 -38 82 51 -29 -98 84 -5
22 -95 61 74 68 -7 44 -28 95 92 -35 -86 -25 98 -92 -21
92 93 -2 24 100 -86 -88 3 -31 -11 -12 33 55 6 32 28
-95 -90 -54 53 85 -53 -19 60 -20 -30 -35 7 -88 85 45 -3
-96 0 -28 36 65 9 25 -88 32 -89 -50 -6 -5 62 54 96
58 45 -69 -90 -72 -48 -15 -78 61 -37 -27 -66 -34 2 -29 -11
82 38 -24 -15 61 30 16 52 -54 -22 18 -46 35 -32 -46 -23
-51 67 -85 47 22 -2 82 -28 -84 63 43 61 75 -83 -69 92
99 -53 -72 -54 40 -19 -96 -90 10 62 10 -52 -20 33 50 30
73 28 10 -3 -99 82 34 86 40 -64 -72 39 24 66 -12 -36
-96 51 -54 34 98 -80 30 81 38 14 73 82 -18 57 -17 -9
42 3 58 -22 -44 37 -1 -61 79 -97 34 10 -30 51 62 -97
-40 -48 -26 47 -92 -66 -30 -16 28 -47 81 92 -87 11 90 12
55 52 20 37 9 -96 3 -23 22 -51 -61 -19 73 -35 -15 49
20 52 72 55 94 -85 -25 -26 59 3 91 94 -43 -54 -55 64
12
11 -55 -46 -6 2 58 -85 -5 -24 98 91 85
-36 -71 -8 24 -50 -64 2 -80 -2 -55 -35 -3
-73 -48 -86 98 -44 4 81 -11 -99 96 56 -27
33 12 0 76 45 -37 4 15 7 -73 86 52
-66 -26 -100 89 69 78 36 69 -23 -69 82 24
79 73 -67 72 -88 -64 -35 39 34 -16 80 87
-60 -19 59 -55 29 -100 -93 77 -45 13 45 47
60 35 91 55 8 -87 93 13 -86 -84 -44 -25
-100 70 18 -81 -84 -90 82 37 -40 -18 -38 74
70 57 -22 -64 85 -18 38 -78 -41 -38 26 -75
56 -6 45 9 -55 -99 89 -48 -66 48 16 70
89 -37 67 -24 -80 44 -20 0 -11 13 -82 -30
12
5 -31 -10 -82 -94 -19 -32 -25 75 3 72 14
-39 45 99 -60 -91 80 58 83 25 98 21 -39
-40 81 -18 -91 67 -52 27 -95 8 95 8 -76
94 59 -2 53 24 45 -18 84 60 72 57 75
27 -40 98 87 -18 -77 -60 87 29 72 86 15
38 61 22 -65 30 35 -83 -38 99 8 72 -83
41 -83 -60 -70 -5 -68 39 -37 -80 60 8 42
87 -62 40 -26 -69 55 -66 -54 67 -12 -53 -23
-5 67 10 -19 -2 78 73 66 2 -9 -60 73
25 91 -33 27 -21 -68 -61 97 -52 -99 -44 -58
-82 50 -58 20 62 -26 68 40 58 -37 -37 -75
-3 -79 -41 72 69 90 48 16 -65 65 88 80
11
79 65 -52 92 74 -46 -43 -61 -15 -17 -32
-18 -96 -45 -21 -86 -68 100 -9 -41 85 -51
42 -48 -43 60 -49 19 21 -1 48 50 -38
67 97 -13 58 38 -84 -39 -16 3 -79 46
-70 -33 -2 68 12 54 79 -10 31 10 -88
19 35 45 23 73 -36 -19 55 -76 23 33
61 -39 -12 -13 48 -53 -24 -63 -70 68 -26
80 -37 -56 -87 -78 -2 -32 91 27 70 -82
-14 -37 -4 17 -18 -15 98 -100 -15 7 31
-87 -65 -47 -11 -36 7 28 26 47 -69 -30
9 -60 33 28 46 -60 -17 88 24 -81 -28
19
-27 54 -44 55 -20 -46 -41 76 -7 1 -35 40 -81 -98 35 -27 -25 -38 -25
48 -78 -76 14 98 29 0 22 -90 -14 24 32 -49 -51 48 95 12 -69 87
-1 90 99 -14 -94 19 63 32 -45 -40 8 -20 88 -73 -76 65 -61 -16 -5
-90 7 -63 55 -94 64 81 4 16 4 -33 -76 -1 -8 -8 -30 56 -19 67
-52 -64 13 86 74 -50 -80 -92 76 85 74 43 91 -88 -97 -72 33 -95 82
-73 -38 42 -20 58 -7 -85 -6 -40 73 -23 62 57 55 87 23 -81 -37 71
-31 -91 72 21 22 -58 50 -11 70 -97 89 15 -57 -7 58 -58 -93 -44 67
47 55 29 -46 -78 60 7 90 71 -85 -38 -22 71 30 68 6 92 -75 14
-48 45 -87 -92 84 68 1 -61 6 -54 -50 -55 -8 -30 -24 43 53 27 -80
44 -45 -2 -59 -68 3 25 58 -85 33 -12 65 -39 -13 2 21 -8 0 77
-100 24 -21 86 -89 -19 40 -79 -84 -67 59 -61 -68 20 30 64 81 84 83
-7 -66 -18 75 -73 -44 -58 -98 83 -16 84 -6 22 25 -68 -10 -57 -60 -7
41 48 17 -32 -98 -66 32 63 -3 -66 -34 67 73 57 -45 -50 88 -61 -30
35 -66 -68 -1 -50 57 13 46 -85 -95 20 -70 48 -30 79 -32 -70 71 -45
-29 -1 -49 41 -22 -40 86 32 -57 -23 81 14 -87 92 -18 20 92 -10 38
-48 -64 -83 -57 -87 43 73 93 -27 93 -26 16 -92 -67 -84 30 -61 -42 36
-94 -52 25 30 70 5 -89 7 -22 -5 82 -95 -65 40 5 99 50 50 97
-24 7 -43 -2 8 -53 -77 -4 -16 78 25 64 17 69 -40 86 -13 40 -9
30 -94 -67 -3 -34 4 -21 27 11 -60 -92 79 -21 99 -51 -55 -71 -56 -60
19
9 -25 -71 -83 3 -21 8 81 -27 -36 -91 79 -8 5 99 1 -85 67 81
-51 -31 -90 -75 75 42 89 73 -58 -65 -35 -50 19 -20 -36 23 -15 -59 -23
38 -31 -37 43 91 37 -56 -40 92 -21 88 -62 7 89 35 14 81 95 -6
-65 68 -85 -40 26 9 -51 28 -58 -42 -33 12 30 -7 -97 70 -72 49 74
-37 56 63 73 -95 78 -41 -25 51 -72 -81 76 -46 -55 61 -58 45 18 -46
70 19 33 -79 45 -32 28 88 -19 55 28 83 89 82 64 -69 -26 17 -74
48 -60 -34 -28 -34 96 -3 -3 30 17 23 -90 2 -32 -70 29 56 91 -51
42 -66 -43 94 -89 -77 -19 78 89 -66 72 63 -78 -63 5 20 79 -14 82
74 1 -51 -42 17 52 -76 63 27 75 -62 -23 -2 -49 85 87 39 -5 41
33 93 68 -62 -46 29 -99 -72 -48 66 71 28 9 2 49 38 10 98 11
98 -82 26 -28 -26 82 -75 -61 31 -71 -94 54 24 -70 96 17 -35 -17 -82
-49 -39 -41 98 5 -37 3 93 50 2 -99 -52 -20 66 -22 -90 57 88 80
-79 35 -25 -10 61 100 -70 47 -86 -23 7 63 25 4 95 27 -6 -41 -77
11 87 -75 14 65 50 -6 -59 -7 6 -40 35 -89 -64 73 33 -34 54 26
44 -90 -64 81 13 83 10 -87 2 -69 -32 -9 62 79 55 -39 96 65 -14
97 -85 84 71 -97 89 -6 25 -68 100 -59 -52 70 18 54 42 -3 -10 -52
-31 -75 -26 76 23 -53 76 31 -44 -6 87 -88 50 -79 86 44 -44 6 42
-31 -54 -51 -5 62 -7 -75 39 37 61 80 -21 81 -8 -2 -6 49 20 31
29 50 -28 -21 -88 11 -77 -12 60 -88 57 37 63 15 34 33 -12 44 57
15
-85 -13 64 83 15 28 32 48 27 63 -59 -33 31 27 92
62 -13 67 -91 47 -15 97 47 29 72 63 -25 -83 -75 -54
32 71 -66 34 -74 -25 -61 67 30 -1 -29 -46 -83 62 77
-73 -78 -92 17 44 -79 52 23 -27 -57 -15 -67 -86 -100 -8
28 82 -88 11 44 -93 54 2 -48 -20 -45 59 16 22 90
-69 -92 -59 -25 30 2 -29 -16 -83 -87 84 81 82 -2 -41
-37 79 98 -11 -60 6 -40 35 52 -85 92 -55 73 -64 80
-68 4 -58 -43 -55 62 -89 59 -74 -90 49 -68 5 -12 -67
72 -58 84 100 16 -48 95 -19 91 80 -59 10 -86 -54 95
-52 97 -1 31 89 62 -72 -56 88 87 8 -11 10 -21 -10
85 87 -59 81 -90 47 -5 -100 -42 83 75 58 -64 -28 -34
2 -5 89 24 -98 94 15 -72 -73 -15 -74 93 -55 -48 33
-83 -55 95 42 8 43 -42 -46 11 60 -49 83 7 -96 -54
7 -93 79 20 55 9 -6 -65 -74 47 49 -97 41 -39 76
78 61 -92 -27 78 -81 85 -7 -12 -5 89 -24 -69 32 -47
13
23 -69 -45 87 4 -76 -46 -93 -86 -34 26 -76 34
-64 5 -61 85 38 5 99 -81 96 -87 0 -5 -82
-16 -39 -91 92 -5 -65 -42 5 -83 -50 -52 56 -40
-77 -92 -52 36 81 3 2 -86 -56 9 2 -69 -62
40 -7 -30 -71 61 76 58 54 -60 0 83 -5 93
-94 99 -77 62 19 66 -32 -88 29 83 -65 19 74
35 -86 -60 14 -82 -32 22 -51 -84 -62 58 -84 12
-89 6 43 -84 15 93 -87 -37 88 7 -46 3 -57
-16 -51 -20 59 4 -5 75 -34 38 -61 44 -20 27
59 22 89 -47 -16 78 15 -32 64 97 33 -61 -17
-81 -54 -69 -52 -12 -65 -83 95 25 -19 -37 -50 50
1 0 -88 -41 -15 69 -34 50 -39 12 -48 65 41
92 -41 -82 -71 -16 12 -62 -11 -53 7 -98 80 40
15
-2 -95 62 -100 -44 63 90 -53 56 89 91 38 42 -15 -65
31 59 -34 -76 27 -35 62 -76 -46 -92 25 -75 -65 -51 20
-72 -8 1 68 17 66 -41 -70 -54 83 -28 93 43 -20 -33
84 -72 -21 23 -44 20 2 75 47 12 88 -68 -12 -71 76
-12 27 22 55 0 -4 -39 -97 19 67 18 -76 -88 49 -54
-66 72 37 69 -51 20 54 -89 24 30 52 5 -5 75 30
72 25 60 -83 87 2 -81 73 91 -88 43 58 -90 93 0
-90 -62 -45 -39 -54 19 50 -44 59 -88 38 -74 -10 29 23
-88 61 99 -97 76 -70 54 -34 94 -90 -33 51 80 -25 -62
39 -50 -7 -84 29 -82 -91 -46 -75 3 -88 8 -36 74 49
84 -84 -37 -56 93 97 -97 -5 94 29 -65 93 -58 -14 63
86 0 57 73 82 95 49 -74 100 83 -89 -98 -67 -10 -63
-100 48 -91 -16 29 30 -19 -54 -35 -14 -11 -7 48 85 16
-9 34 91 10 -12 67 -25 -69 89 18 22 -19 14 -81 16
-71 -26 -35 -72 -20 -52 -94 -80 89 -73 -41 85 9 -72 -7
19
53 -83 -66 27 37 -72 -15 89 -65 31 -39 51 -90 -65 13 25 -41 76 -98
91 -47 -59 44 33 -57 94 -4 -65 -64 -95 -76 59 -42 -15 26 22 50 82
23 1 -50 -11 71 42 54 -55 -33 -88 2 15 65 18 25 -80 74 -75 60
-2 -64 58 -43 -60 -83 12 60 -74 100 44 -10 74 -76 98 87 -93 -87 -73
-44 89 -76 -77 24 -39 -64 -56 51 -34 46 -86 -51 41 -31 -38 3 -34 -17
78 50 -99 -41 7 88 -70 -19 43 -29 14 34 -89 12 -17 91 -82 56 -12
-3 -76 34 -80 -83 89 -25 48 -50 27 18 79 -61 32 68 93 22 -39 -40
91 60 -42 100 -6 -38 -21 -63 -13 -28 43 25 21 70 -91 -32 83 68 -76
-42 23 -47 -75 -11 -72 -92 93 58 -91 -10 -7 -57 -65 97 62 27 31 -14
95 80 -19 50 -55 -75 -30 36 -97 47 29 -98 93 -93 -75 96 35 -50 78
-30 -37 89 81 73 -28 44 72 -86 -30 -21 -40 -14 42 68 -52 80 17 22
61 -39 58 84 33 -26 -14 -51 -22 -81 -79 69 67 88 95 18 -96 -59 1
-48 -68 27 78 -85 25 -15 -86 -71 -95 82 -11 47 -89 -62 -10 40 90 74
35 3 93 -69 39 85 13 -18 -85 47 72 -95 47 76 28 83 66 8 19
97 -16 2 -67 84 -74 35 71 -79 7 -99 33 -87 -100 23 76 71 -76 24
-98 40 65 -80 91 -88 27 -16 77 97 -26 46 -15 -50 -6 13 -87 75 81
17 33 -30 -79 33 88 -73 -14 6 64 56 72 -78 -67 -6 76 31 -15 35
-73 -98 -79 9 -1 -63 40 -7 -43 -39 -48 82 -97 -53 84 -76 -40 -19 -60
37 14 -35 15 24 -45 -19 48 28 69 15 21 82 51 -38 -33 -84 0 71
16
32 -42 -31 -39 88 60 -48 86 95 -84 4 61 9 -46 47 9
86 86 58 62 -60 -24 55 -81 -20 -35 -98 92 64 -44 47 29
-38 -10 -35 67 25 25 -22 -81 100 -75 -4 -49 9 -56 -11 -55
47 0 65 49 1 -20 50 -79 -62 41 -31 -32 -41 -87 -70 73
-77 -23 86 -9 14 65 -61 94 -30 -36 15 -90 -88 71 -51 56
-78 18 98 37 -69 49 93 -26 -89 31 91 97 -66 -7 -74 -81
59 -71 -55 -20 82 -10 87 -63 4 -49 69 -11 67 37 84 -73
-85 -10 -48 -12 21 65 26 63 11 -52 -9 37 -59 -66 28 -33
46 40 -76 -21 66 -48 4 -82 85 43 -15 20 -49 -10 100 18
66 39 -60 8 85 77 -25 -17 -98 -14 100 -25 52 -54 5 -81
20 73 71 -16 28 100 -95 -63 -64 -1 1 30 -69 -35 87 -52
-22 -57 -44 43 76 -68 2 -7 38 -57 69 -11 50 1 -70 48
-33 16 -91 77 15 49 -79 -32 11 85 -62 78 -87 -37 83 14
-75 49 94 32 -57 54 55 -34 -74 -39 -26 -30 3 -19 -5 -96
11 -92 68 -65 61 54 23 31 -2 19 41 83 100 -16 -57 1
-74 -61 -29 -52 95 -39 -69 30 37 -1 -29 -79 63 -47 -46 -62
20
48 -55 -79 -8 64 -23 82 15 60 -17 32 -46 78 -5 -4 9 28 59 33 -83
95 -17 79 50 74 30 52 21 38 33 -61 51 10 60 30 57 58 94 17 58
69 81 -98 91 80 -71 -37 -51 25 17 -40 1 98 -14 -18 21 14 2 -31 -87
57 -92 7 -18 91 -49 13 -2 -66 24 -41 -98 82 -35 -95 -97 66 89 5 13
22 -37 -50 -58 0 -87 -41 -38 -76 -2 32 67 100 31 -52 4 -75 -13 51 -16
95 84 27 -55 -43 -84 24 -77 -72 -29 -36 48 61 5 -78 -46 31 -28 -81 -63
45 97 53 100 47 58 90 -55 78 99 -62 -75 -15 -26 -72 -13 -71 65 9 -14
-68 23 -74 24 98 31 -68 -20 70 -5 7 -88 -56 70 24 28 32 -76 97 -20
-40 24 87 32 20 -40 -71 -80 -30 -26 -50 72 -61 -47 2 5 86 -9 36 -95
-20 -63 -23 49 -72 11 4 26 76 -86 1 -94 -6 -14 36 -78 47 84 -2 -3
99 -68 95 27 11 -48 -36 76 68 73 -87 -2 -81 -91 56 -33 29 68 0 -32
-71 -76 -81 -76 -8 -4 20 84 -11 -93 -19 -78 -77 21 38 53 -74 42 -69 -94
77 -81 -19 -73 21 -74 -78 -81 78 -87 92 -24 -4 56 67 -12 -56 94 -55 57
-51 79 -4 -84 -26 6 82 -55 90 64 18 -59 -82 79 9 -71 -100 48 -88 82
25 -94 -60 83 61 22 41 46 92 -76 7 2 98 58 73 -62 -17 -68 -2 36
10 -54 42 66 90 1 -6 -83 54 -69 -67 -79 27 13 -58 71 2 35 83 -45
89 36 -83 84 30 59 50 -64 47 -78 38 51 -85 89 85 83 -48 28 -77 55
-63 65 7 -6 51 30 3 39 77 -39 -25 65 -90 -62 19 52 43 -77 41 79
50 36 -91 -37 -57 40 -72 -14 -78 18 -7 9 -29 -26 -15 78 42 61 -86 11
-40 -32 -18 89 -67 -3 -14 30 -8 98 -84 57 -57 63 82 8 -92 30 -20 91
16
73 97 -59 -41 -36 -24 -48 -64 -59 89 -80 7 -99 -80 54 -60
-24 77 -85 93 -11 66 17 -65 22 -55 25 5 -89 14 -87 -67
37 92 -19 -41 -49 -79 79 53 43 -35 -31 -48 -93 88 -40 -86
-54 -26 -93 -41 -13 -54 -77 -69 -93 -11 2 -45 78 -14 -74 -61
-21 78 70 20 35 -19 -53 19 -86 7 -49 -100 89 75 50 -81
86 56 -29 -9 36 -9 34 38 89 -93 0 -33 3 -56 49 93
-1 -12 -22 -88 92 53 -8 -86 8 43 -49 13 5 -73 90 41
-29 19 57 21 -48 44 -65 -90 -39 42 -66 97 -13 30 44 -39
53 -62 94 -10 -22 -66 83 -96 45 -38 -23 80 -65 59 52 73
-16 75 -81 91 -43 -76 -63 46 85 64 -52 -99 46 27 -32 84
-43 49 -82 24 70 -57 28 86 -93 67 6 -63 -56 -67 30 -81
-92 -48 44 -47 -86 -97 -25 62 -25 -32 69 60 87 38 24 90
-99 6 84 -80 46 -93 79 82 -1 22 -66 22 -65 -91 -79 -73
-14 -49 -59 73 -66 -84 51 -54 18 60 55 0 -8 -34 -69 77
63 68 -76 -67 100 77 41 0 -20 61 18 -21 34 -7 19 67
-50 99 87 -99 -78 50 48 -13 87 43 -13 -46 23 36 26 15
12
85 -44 97 44 -80 -78 -30 -5 45 78 -19 49
-55 41 -12 -98 50 78 28 -76 65 -23 -32 -94
24 48 -3 77 79 -34 -51 -23 -60 -49 42 5
12 -85 -51 -98 -52 1 -22 56 62 75 79 -74
-96 73 69 -9 -4 -37 -2 -42 -64 96 -1 -88
40 -10 84 -70 17 -13 -68 24 90 -68 -62 -28
80 -59 10 12 -86 89 71 -23 -2 -85 90 -99
68 -48 94 -66 84 23 -14 30 17 53 19 27
-89 70 27 -99 -3 34 1 16 17 54 33 -43
-70 -55 87 44 -69 89 93 42 -35 -82 59 -50
-95 -56 25 17 28 -37 16 -58 -85 62 -1 90
23 59 55 24 76 -20 34 -71 -32 -6 -10 -48
19
-14 1 -99 -62 -79 -23 -59 -9 -11 -29 19 90 34 19 -80 24 -14 -27 -70
18 90 -43 -63 -11 62 93 -27 -76 -28 -27 -7 -19 -92 -74 13 -91 -57 18
-11 63 76 -57 62 -60 34 94 10 -19 86 77 -37 -40 -22 -96 -22 19 -56
-36 -96 56 0 45 54 54 -32 10 18 -61 68 -42 71 -51 -5 2 75 12
-85 82 -43 -6 -39 -98 -44 4 78 38 100 -95 -80 -60 53 85 93 -29 -15
-60 20 67 -64 -72 -81 -5 -100 12 14 66 3 -70 81 -34 -94 -16 30 35
65 -6 51 19 -61 52 4 42 -73 -73 -13 54 1 -61 59 89 -84 5 -56
54 -27 73 97 -13 19 -87 -85 48 -53 44 -70 59 94 80 24 99 -90 90
-1 37 -18 -100 50 -36 65 35 80 -57 76 -75 0 36 21 40 51 -10 -100
-24 60 -93 -82 5 40 -80 21 37 -71 -65 69 25 53 37 -62 -50 16 -51
82 -11 82 -94 82 56 -48 -95 -47 -78 20 13 -18 -74 -40 -5 -15 -41 92
79 -91 -5 77 68 -97 -63 29 -32 37 95 79 15 -36 88 16 91 8 -7
65 36 14 19 -97 -84 82 58 52 -85 58 -57 23 93 30 -76 -38 27 -21
42 86 10 70 -62 -25 -48 -96 59 11 78 -75 -68 -38 42 -89 30 72 -20
33 31 36 -75 -82 26 -52 62 66 83 -84 81 -52 -65 22 80 -60 -27 46
25 66 82 59 -51 -29 74 44 16 -36 -50 15 20 -91 43 23 -9 -35 30
38 68 -38 -96 98 75 -43 17 6 -46 59 55 28 84 68 64 -74 -72 -4
8 -62 73 -25 77 -9 67 18 7 52 -63 -74 43 -20 39 -13 34 85 -48
-52 61 14 -15 32 99 37 -21 25 34 -88 -31 -30 -42 52 72 44 -46 52
14
85 61 54 26 33 -88 19 -55 81 36 28 34 -13 -99
79 -65 -14 22 -19 21 31 9 -68 -25 -58 0 36 45
38 9 -36 2 39 -7 66 35 58 -18 -46 -33 -13 -95
45 53 12 49 -89 -40 69 43 -90 -68 36 75 74 -59
-3 -91 -94 51 -29 29 65 88 -93 43 32 88 -29 87
97 69 -43 65 -78 26 -86 35 -39 -1 -9 90 -6 -42
-94 -38 -33 -62 10 -33 68 41 42 32 42 70 -95 -28
1 42 -96 -38 -85 -41 17 -25 -68 87 27 13 -48 90
-83 -78 8 74 8 66 -5 -63 28 -39 -33 -28 93 -96
-95 -85 21 -73 -2 75 21 -89 -44 57 -84 37 89 84
77 -11 -37 5 -76 61 -98 57 66 -20 61 -39 29 -93
37 35 67 -36 40 10 -53 -43 33 6 26 75 8 -96
-9 11 -13 77 8 89 -99 78 63 -41 -91 11 -81 -85
-75 -48 -3 71 -59 50 44 12 94 -62 56 -11 93 -47
14
-41 -86 64 -17 34 -69 -82 -21 41 -74 -74 -94 -13 37
-86 3 -19 -69 21 59 5 64 70 45 94 -65 -52 53
-47 2 -97 81 49 20 -83 -29 15 -62 47 -42 -37 -79
36 50 99 27 -86 29 -80 11 -20 -96 42 -84 99 8
-38 -26 -80 50 73 83 26 -45 16 12 23 -2 2 -67
-81 -59 66 56 -98 99 -46 60 -78 -3 78 -80 -55 -70
-24 36 -42 44 -46 66 -31 73 50 1 98 -93 7 57
36 77 -70 -13 11 -85 -22 32 -75 64 -93 -86 -69 -24
78 73 35 98 -47 46 -93 58 94 78 3 -83 -64 86
-90 30 71 19 22 -92 6 24 -61 1 3 -28 6 -43
-63 7 95 4 -79 -37 -36 79 90 -55 -59 -30 52 -70
-54 84 86 37 23 78 -65 -77 95 26 96 22 -30 80
-67 71 44 -14 28 -14 -68 85 39 -28 -96 41 -4 11
-47 14 -62 1 -60 -76 43 -93 72 23 -97 36 7 -59
10
-74 -88 -46 -80 -30 -14 -91 11 -67 81
-3 1 85 93 67 -20 -39 -48 -57 -9
-18 65 33 -2 47 -29 57 -6 -2 -94
22 -11 30 91 15 -68 72 -89 -18 -41
-97 -72 -63 5 74 21 -9 -49 -54 -7
70 -15 76 -27 52 96 22 87 -33 -53
-82 96 67 -45 58 -64 -87 -24 -71 99
84 52 37 94 -56 58 -76 -21 55 77
79 -72 -79 -35 -16 -44 61 -25 -57 -25
58 -64 -31 -3 79 66 -100 81 81 65
19
-31 -59 37 -16 14 -84 -17 -79 33 54 -16 -91 77 48 23 17 20 -20 -9
-88 62 33 -81 81 5 -47 -4 14 -23 -1 -74 -26 -93 -96 10 72 29 -80
-91 46 -16 -100 46 24 -44 63 -89 -18 11 -60 36 6 -14 -94 -35 6 -26
-10 -78 95 68 -78 29 -57 -48 5 33 59 -33 -45 -79 49 4 4 -20 -8
-59 -31 8 -1 -39 99 81 34 43 13 -43 44 44 28 2 14 82 6 -25
9 -42 -94 -87 84 36 -34 72 10 93 -7 0 -65 -60 -5 -31 53 -44 49
81 93 59 34 91 84 2 -33 54 -23 -35 -9 28 -16 25 96 -91 -60 36
80 -94 51 -49 93 -18 -54 69 67 27 -30 -11 -13 66 -92 -10 65 72 94
-48 -35 5 1 -83 30 -21 -7 -88 -34 -92 -68 -74 -75 -98 59 45 -2 -49
60 44 17 76 24 69 89 94 27 63 69 1 46 12 56 -33 27 -70 82
7 12 17 -54 91 -81 3 77 59 10 -7 -52 88 -39 -9 -58 -51 70 37
-42 -64 -56 -10 -87 76 -99 -17 -52 35 1 52 -80 39 -28 -65 91 100 -64
23 -7 50 -68 88 87 -31 12 -65 43 69 27 62 90 -54 -36 -21 83 51
13 -73 24 -17 -84 -90 85 33 -95 71 93 63 -1 -2 91 -96 34 -89 -74
-63 -78 57 -100 -48 -70 -91 9 -68 -74 14 2 -8 -42 87 49 -9 46 -72
21 -43 -25 -47 10 34 77 16 10 -64 -18 41 -18 40 -58 -20 83 -97 88
-93 87 -22 -33 -50 18 -63 -63 41 -88 37 33 5 74 -92 17 68 82 -35
93 -49 31 -13 -58 24 97 -79 33 -15 93 3 -11 8 46 37 -74 -97 38
-51 83 -11 26 -60 37 -82 -5 40 60 -93 72 -34 43 93 12 65 13 59
12
45 -52 99 -7 -62 -52 59 30 -21 -83 76 86
-37 -64 40 -66 71 12 -5 60 58 -72 3 -62
-82 -81 92 -42 49 -62 -1 27 95 96 -57 -2
89 -87 45 38 -32 59 18 83 -14 84 72 -54
-71 83 -45 68 -97 -98 -75 83 48 3 91 75
99 30 -37 -32 64 87 -12 1 78 46 42 -32
-62 -32 -53 42 26 -98 -91 -33 -85 95 -56 -25
14 -17 -5 -14 21 -11 27 -76 9 -59 80 2
-76 -67 -61 -58 -11 -24 81 -36 -11 50 -16 -98
-45 -19 94 9 32 2 -25 -64 -70 -93 -73 99
36 50 91 -39 43 -85 -7 86 -53 13 -13 -53
65 47 52 -69 62 38 12 17 -57 -53 71 90
14
-97 44 80 64 -82 -48 -84 36 86 97 36 -55 -36 -91
-38 7 5 -32 18 -89 50 -57 -69 -64 10 -69 -3 -85
-61 -51 72 56 -7 -65 91 -40 61 -83 31 -42 -50 4
-94 -10 -48 50 83 1 26 -5 -79 44 26 -8 -94 92
100 83 -3 46 62 -90 72 -47 18 40 -40 -65 -74 80
53 -49 1 -70 0 -3 49 -42 -96 57 56 -11 54 97
-38 33 -81 -22 80 -90 54 -64 77 -52 15 -88 -10 74
-73 69 -15 -40 67 53 -79 11 69 -13 -54 -21 -6 -96
-31 2 40 98 -61 -40 62 16 -38 18 -93 95 -89 77
23 -23 -61 97 74 -2 76 -97 87 17 -15 -27 71 -82
80 31 -84 -37 -41 -88 66 -85 5 -34 73 -67 -76 -38
-61 14 6 -27 -20 -24 31 98 -87 33 -51 12 -56 26
11 -82 98 -71 18 54 3 51 -3 -78 -29 -62 73 13
21 -36 32 -43 21 -14 78 90 -82 65 -12 -59 43 -24
10
12 -26 -50 -61 -62 19 37 86 -74 -36
-65 53 -13 6 94 59 -49 -24 74 58
-36 74 55 -73 14 -48 98 -76 -58 82
-47 91 89 -100 81 -1 91 45 -93 50
35 63 -28 34 -91 -77 -87 46 -3 -45
-98 -13 -77 98 -96 95 -89 -51 -26 -90
1 46 -97 -18 -84 -23 -13 38 50 73
-73 52 -60 -38 48 -77 1 -42 40 38
87 13 58 19 -18 -65 45 46 66 -42
75 -13 100 18 17 -62 42 -43 10 -76
11
16 -4 -61 -62 -39 15 2 -48 99 -66 -11
-64 -2 -64 -31 -55 34 -79 -13 -80 -85 80
-36 -100 -45 96 -23 47 84 6 -52 2 71
90 89 -69 -1 -80 21 83 41 73 53 -50
-39 -48 -47 33 47 68 99 91 74 19 -38
51 -82 -47 35 49 -7 6 56 -42 98 -26
0 -4 -76 -19 12 -86 -75 0 37 47 -85
-5 52 -45 14 14 95 -79 -100 81 -14 -54
78 -52 -5 -97 -75 -92 -63 95 5 -5 -100
-95 -67 42 56 10 -41 -27 -16 -39 1 -90
-49 -22 -78 69 79 82 42 -96 89 -60 38
14
41 -82 0 70 -21 -26 55 -93 -29 92 -15 61 86 -2
-26 6 -91 30 -100 20 -76 -20 -16 -66 47 50 48 26
-81 -13 -53 70 60 81 72 -26 -61 41 44 -77 64 -88
20 72 -28 30 34 0 79 68 -31 -53 35 54 -72 -10
-80 -20 -31 -58 -25 -1 83 9 44 91 40 -74 3 -13
-63 -3 70 53 5 73 -40 36 32 75 3 -59 77 24
-1 59 -31 -54 83 -17 -100 -63 -23 27 12 -81 -70 -66
31 56 -19 -14 -12 72 21 -54 12 83 -48 96 -23 -6
87 36 0 -85 35 3 39 37 -2 -74 -54 -93 45 -16
99 -81 16 -5 -75 -63 69 79 48 -5 -11 100 80 -51
54 89 19 -37 -11 61 -34 51 45 50 -34 -94 39 5
-55 66 -38 -77 7 90 6 -19 -6 35 -34 36 41 90
-69 27 10 66 -44 5 -47 16 26 -6 94 -12 -76 87
35 52 16 -77 36 0 53 13 90 -95 75 42 57 -21
10
-50 81 -81 85 14 -74 89 87 -8 -59
-23 98 -16 52 64 63 72 100 54 -80
14 -72 3 24 72 14 -96 -43 94 -49
35 -19 -27 90 -78 -39 -6 99 55 35
55 -81 -68 33 0 -21 -20 -73 -1 -80
-67 -67 -68 -73 -25 -88 -57 -39 -26 51
76 -38 -61 -52 -24 -45 -40 -12 -55 -58
-22 -16 -94 27 61 -98 4 31 -54 96
-11 60 -75 79 -90 59 -57 12 -24 -60
-84 90 45 -56 78 16 -13 95 68 -10
16
89 65 79 -61 50 81 -85 -30 72 -79 -6 53 -97 79 -61 38
-97 73 97 -52 -83 36 21 -62 -95 -51 32 45 39 -79 36 51
-99 -65 41 -80 -57 -62 11 -2 40 92 -90 -85 89 -36 47 75
-63 -76 32 81 97 -26 3 69 -29 -99 -50 41 -36 -24 6 25
-55 39 1 68 -38 -43 -91 65 -8 88 20 -63 -62 -76 8 -40
63 0 -45 -20 57 -33 6 37 -38 50 -25 47 57 -99 63 -87
40 21 76 36 -14 -93 98 -18 -7 -26 72 42 78 -17 36 -66
28 12 -23 -100 48 -51 -49 33 -85 -99 95 -59 41 79 -42 18
55 93 -13 25 2 13 -91 -28 -77 54 -73 26 -15 -22 77 -82
-12 85 -71 -25 -100 0 78 -99 -21 74 29 -35 93 73 99 88
-17 90 -52 -95 86 87 80 95 51 10 1 -47 -82 -57 19 97
65 -32 22 29 4 81 37 -40 -27 -40 -97 -93 57 -20 -19 -25
34 -38 19 47 -98 -45 58 34 10 -34 10 88 56 96 -16 77
81 -15 74 53 32 32 -25 -25 -22 69 77 14 -54 -74 36 -96
-94 -72 -10 55 -5 31 35 -59 47 92 94 88 -99 35 -74 28
-4 85 -68 -6 -35 -4 28 91 -45 92 -87 65 6 -76 45 17
13
-14 -6 -24 94 -47 -6 75 -92 2 24 -2 -85 -36
79 -95 -46 -48 42 48 -77 5 78 -52 -12 -42 23
-19 42 28 35 -68 87 -47 9 -57 -15 36 41 25
-99 87 64 -59 -48 -98 -41 -15 -36 -81 -95 28 80
19 -8 -30 -68 -38 31 87 36 -20 -19 13 85 62
-24 -47 85 42 9 93 79 -15 -60 -51 65 -20 -78
40 14 -43 97 77 55 -31 20 -53 57 -39 17 71
38 -46 24 -21 -25 -52 -37 73 -81 -90 3 -63 87
-63 56 1 -15 37 63 -40 -14 -53 -10 31 -9 -94
-20 -1 -71 -47 -42 -18 50 -86 -15 -76 -93 -89 33
-29 -9 93 59 -83 29 35 -2 -49 7 83 3 -80
-44 57 -75 37 16 -82 -46 -14 93 -69 -56 48 -3
-79 26 -94 93 77 29 98 81 90 84 48 87 6
14
-13 41 15 87 53 -78 43 73 35 -82 -4 -14 -27 54
47 -49 -78 -41 0 -53 72 -94 70 47 25 -24 76 -54
27 -63 5 0 19 -91 47 50 -46 -66 98 4 50 -44
46 50 10 -52 -51 9 -45 88 -48 13 -12 50 -61 12
-55 -14 -35 81 -90 -22 68 -42 42 -71 57 -100 -85 -6
-18 -47 49 -96 -68 66 93 -95 24 -27 -71 48 -89 -100
-20 -37 66 -15 -32 9 -42 90 -50 -89 -99 -73 -22 48
-93 11 98 40 99 -15 -80 -72 32 1 4 32 -96 66
-10 99 64 -74 -94 -90 -6 -35 35 76 -23 -45 -20 -89
39 40 -71 -55 71 19 19 -71 -53 54 -5 80 -98 41
52 70 67 13 41 51 62 -34 -26 -50 -81 -95 80 47
-5 -41 -82 -72 75 -38 50 -89 -63 44 58 -11 -18 -38
96 -6 68 -20 45 20 -45 99 -68 -83 -36 -76 84 -84
-4 56 -35 -27 -16 -40 7 11 -75 -67 -77 -2 75 27
19
-65 -53 16 -75 -99 51 95 40 97 69 -52 -30 99 76 37 -6 70 -20 -49
42 -98 -32 73 -27 80 -98 93 30 -88 -91 54 -92 17 -53 -31 -20 -31 -66
91 43 -25 11 -57 -93 82 13 0 59 -97 -17 -20 -38 56 59 89 -68 63
-41 -78 -48 0 -77 29 -40 -25 26 40 -21 57 -6 -70 89 39 -43 -58 -90
-79 -2 -31 -31 79 -54 -15 -85 -66 -81 51 -30 -97 -67 38 56 -89 25 -26
16 -70 34 95 -82 71 -5 93 7 68 -20 -18 77 96 -54 -12 67 -74 -64
69 -35 16 -23 0 -99 75 73 70 -30 46 -48 32 -98 58 84 32 58 72
-48 81 -15 -27 53 88 90 72 70 19 -6 -79 70 -37 -97 -61 73 12 -5
50 -30 96 -82 3 61 39 -72 -19 59 49 49 -68 -3 -35 -30 -29 -37 -28
42 52 -42 -71 90 -32 81 -11 -12 63 -74 16 85 1 -18 -17 72 96 33
-6 57 -21 93 87 72 -81 -7 -72 -94 75 69 -38 -81 9 -41 98 32 6
-55 47 11 59 -4 -68 -97 71 -32 39 98 -58 48 -3 -45 56 -98 80 9
-72 -13 -98 -28 -35 -41 -42 -74 -94 88 55 -5 94 74 -87 -4 67 -19 66
20 -32 -3 65 -79 66 64 89 18 83 42 -52 -23 74 24 80 -49 -69 -58
45 46 62 -35 -1 95 79 33 -72 21 -92 82 -59 -33 -87 46 79 28 -45
-54 53 18 49 -14 -75 -44 -28 -91 -52 -95 92 -84 -28 -98 -16 -59 74 55
0 -80 19 -52 -24 34 69 -24 -10 -88 46 -4 -21 -15 4 -29 -84 -50 -11
-9 -29 48 -17 98 5 -14 -94 -34 -6 89 -57 38 -40 -16 -53 54 -32 -96
85 95 -30 44 -17 -6 82 -47 -42 32 33 -47 8 73 -44 -18 81 83 -95
14
1 -15 -52 -50 -29 -82 -53 -98 13 -97 80 -90 -96 61
-47 -16 89 -6 75 -94 -44 10 95 -100 -45 -97 80 16
-86 -46 32 92 1 -65 30 2 11 -36 46 -7 25 -14
-3 -36 94 46 -56 49 98 -28 -13 6 74 -80 -34 24
45 -36 92 93 -67 -18 -91 -53 -96 -56 -72 -26 22 10
74 -49 -7 62 -29 -50 -54 -27 -20 -84 21 10 -62 -28
-15 -37 -81 -66 -17 -31 49 -61 -43 -51 -91 -25 60 -49
-73 61 55 -94 42 -4 -17 -27 29 -53 -80 -58 82 42
80 34 -78 -52 -77 -18 -93 -7 30 -95 -20 18 81 -43
70 -2 72 10 8 -79 -50 -7 33 -46 -55 31 -95 -99
94 -44 -73 -53 -40 67 24 -65 63 41 83 -45 -2 -60
-68 11 72 -14 -90 72 -49 -34 85 -62 -27 -4 -92 84
91 -61 40 7 50 -68 -14 -68 -30 30 -7 61 29 2
-60 50 94 80 -14 -26 -96 -48 -90 52 -41 -85 -34 97
13
-57 9 -25 63 -39 34 -80 -80 69 71 31 -36 81
49 12 -76 86 -6 -68 -16 1 87 -100 27 -23 -22
-29 68 -97 -75 -88 -10 44 -70 89 93 8 37 -77
43 66 -84 -54 -63 97 35 -33 84 17 -48 24 8
-37 -26 -93 91 -100 38 -95 25 -57 -58 100 53 -28
98 9 71 98 -78 2 9 -34 -69 -12 21 11 57
-75 -32 -91 91 -42 -11 8 93 -58 71 48 16 -1
68 -28 3 -84 -79 -15 -78 -96 85 -84 -42 -68 -46
-19 51 -88 19 -88 91 33 -5 47 83 -54 53 87
67 79 -53 29 23 -51 56 -23 -44 -59 -49 91 96
-45 75 -25 89 -20 34 -100 -43 -85 -32 69 31 49
-85 -27 76 19 -95 -21 48 -62 46 -25 75 72 43
-10 89 -5 -39 83 -38 53 71 25 -84 -99 5 -24
11
-1 -65 -54 18 -75 -89 80 -34 1 52 11
61 13 18 64 -51 84 50 32 -14 20 -83
41 66 39 -37 96 61 91 -30 47 -39 -7
40 30 -34 -98 5 -57 -30 -32 87 97 -16
88 73 -12 67 7 -73 -3 21 8 -24 -31
-93 7 -46 74 -87 52 17 72 -76 -49 20
-98 77 -68 -25 -96 -35 40 25 -64 -39 5
44 18 -20 10 60 7 52 100 -26 86 -26
-40 -19 78 47 9 -34 -83 66 -17 -24 26
-19 -90 -79 74 15 -13 -11 -24 -85 39 28
17 1 40 -94 -16 71 -78 -90 76 44 -32
