100
10
-49 -67 -23 55 -58 -17 38 32 -100 11
-55 37 -72 30 -5 -29 84 26 -6 20
56 17 -88 -19 -58 61 -43 65 -34 -12
2 61 76 -48 8 -94 43 15 60 5
-48 -42 -56 37 7 10 7 -21 -39 -29
61 -17 -23 -39 99 99 37 70 -72 -78
8 -43 88 -27 13 -7 71 -74 49 -98
-73 56 9 11 47 -10 0 91 19 -68
19 -92 78 -3 95 57 -100 -22 -73 63
-97 74 18 -67 0 -57 -57 -33 82 45
15
51 -57 60 -14 52 -3 -38 -93 -79 33 -7 1 22 96 -58
73 61 27 -63 3 91 -69 76 43 36 33 -60 37 12 7
-65 32 10 7 76 -43 -5 -3 17 31 58 -39 71 89 45
-97 54 -58 -88 -63 59 -2 -50 79 26 -70 -33 -67 -95 19
25 -69 22 4 21 -8 -13 71 2 10 -88 -39 -100 39 -14
-50 -5 81 -2 -6 58 88 -23 -93 100 -54 87 22 -93 -78
-3 24 58 -56 61 -20 -57 66 -21 -98 54 -93 10 -86 -9
9 30 69 56 41 -74 -59 -35 -53 81 -89 -98 -48 25 -51
4 5 35 80 -34 16 63 -3 -59 -94 38 -21 76 -46 -95
91 13 18 -41 -93 87 83 -25 3 50 49 29 -47 98 44
72 -65 83 56 73 -65 -19 0 87 -63 100 32 -64 -21 -91
-53 -21 -45 67 -77 -86 -42 51 -97 -13 41 -65 59 -66 -18
-80 74 -27 -46 -34 77 20 -95 -90 -54 -85 -61 -12 22 -34
71 12 74 22 10 -52 -89 20 -21 97 29 11 -2 97 80
1 -39 55 60 37 63 96 44 8 -22 77 66 -13 21 -98
19
31 -87 53 32 -15 46 -29 21 -63 -7 -40 -60 -96 -76 3 0 -21 71 -40
-36 -54 77 81 -53 69 -96 -97 -82 -77 -83 -80 94 -11 40 -67 -30 -56 28
-92 44 45 57 88 86 100 -54 74 81 -66 51 58 -24 59 39 70 63 -59
-39 86 -79 -12 -15 -9 -76 -38 85 -68 -5 -23 -62 -61 -50 -85 -49 -38 -48
25 -4 -4 6 -70 76 16 29 24 35 8 -91 -41 -3 -52 23 68 -24 37
95 -41 92 74 -6 -12 -4 -29 53 85 -2 94 6 -49 -35 -33 -53 8 45
98 -7 -77 69 36 -6 -34 9 74 41 23 23 84 -64 -89 -79 -91 -94 56
82 -54 -83 12 19 30 75 -27 -4 72 -64 31 55 95 -27 2 -9 35 5
91 -31 43 -57 11 100 -78 -48 -95 -27 -2 -67 81 -87 -61 88 -84 92 -83
-5 69 58 -91 28 -91 94 57 -66 -11 -95 -18 -19 30 -77 87 -17 48 7
22 -56 20 -69 -22 -23 -61 -41 -63 -62 62 95 68 -9 93 -91 -66 -38 64
78 42 -87 -65 -90 38 14 62 2 72 -39 51 13 -37 -56 -72 80 -88 21
-75 20 39 -53 -31 100 9 -60 -80 -53 30 43 46 29 70 53 25 -24 -8
85 81 -53 -38 96 -28 36 89 90 77 -65 0 -80 73 24 16 -76 -37 -73
-72 -62 -8 -51 22 49 28 -59 7 -62 -23 -27 57 93 -70 -12 33 98 49
21 4 -97 88 -54 35 -85 32 3 -58 -8 65 79 4 -44 -1 70 -43 3
-83 89 -64 100 -49 -35 -12 -78 54 -58 -66 -5 97 -81 -94 -33 -41 65 62
2 12 83 82 68 7 -49 34 -73 -13 8 18 83 -92 -14 -82 -24 10 17
-41 -53 33 75 -38 75 20 -28 -90 79 -20 41 -83 65 7 28 -50 30 -25
10
50 15 -72 -89 -5 -78 27 25 -58 8
-80 -4 -78 54 15 -20 87 68 -2 27
-8 7 44 22 63 12 -14 -52 12 -75
-93 -60 33 -64 -3 93 86 45 -11 -6
73 11 -66 12 -83 -53 -49 96 83 29
-29 42 -54 -58 36 -31 -61 38 -67 -3
-92 82 -18 13 -53 74 88 -24 73 60
15 -25 -74 86 0 95 60 -65 62 83
-18 -10 -71 42 34 -4 23 16 82 -25
77 -64 -58 -48 -60 -53 91 -27 36 -89
17
-13 -59 60 -10 -33 3 0 40 96 64 -64 -70 -54 -95 -47 1 33
39 -68 85 -71 93 0 28 77 6 82 11 -71 -38 -40 -54 62 -75
-32 -3 -63 61 -55 60 -87 45 93 76 -90 57 15 9 82 -49 -68
-5 78 -84 -17 -26 47 45 25 7 -78 -49 49 30 30 1 -72 62
-10 -51 96 87 100 -51 21 83 -81 -91 66 12 24 -83 -1 -28 -80
-93 91 -97 74 31 -30 -21 63 58 -52 71 -89 89 12 -8 50 3
-96 95 75 -41 -29 55 -19 -5 74 73 40 -28 -57 -100 -70 -86 74
16 2 -7 95 35 -58 92 75 15 -10 -7 -61 -14 32 -9 1 51
60 -84 -77 51 -97 -86 50 -22 -26 82 -16 -28 76 83 -90 12 30
25 -15 28 45 67 13 79 53 80 -91 -22 -83 32 65 -7 21 -81
-62 -97 -87 -83 -4 47 -13 -52 -64 -77 22 15 -53 -81 -90 -44 18
94 37 -72 79 -15 56 -66 29 78 66 -15 -30 63 36 84 -6 -44
71 90 8 -50 -75 -12 -36 5 -59 -90 30 -78 -61 20 13 -12 -68
-65 82 -75 81 54 -95 48 91 -16 -78 -22 20 -87 -14 -32 -23 -35
78 85 -42 79 -48 -42 -11 -55 84 -31 -28 -81 -4 65 75 28 -68
-81 -1 -32 34 50 97 11 75 -83 26 24 33 99 1 1 -6 24
-38 -78 -99 -53 -82 0 -51 44 -59 -50 3 -25 9 80 -26 100 -33
14
-98 61 42 25 37 -43 58 95 34 -79 0 -37 -20 82
-92 -40 10 -24 23 -95 33 -10 -31 22 -36 -40 -71 61
-86 69 -29 72 -94 61 -59 6 14 21 -45 90 56 49
-51 87 -78 -73 41 -55 16 20 -37 -69 -36 96 1 46
-44 -20 -68 3 -41 81 5 -63 52 9 41 89 79 42
-32 -46 -99 72 29 -94 44 0 -10 74 -55 43 -32 -87
55 -49 -7 -35 2 -68 -59 -47 -52 -70 -43 4 -85 -91
93 13 -6 85 -75 -7 52 -63 -98 -2 10 82 -41 78
-67 19 6 -2 -39 -89 78 -5 31 -54 -30 73 -26 -7
95 7 -91 100 14 97 -66 -41 -61 -12 -16 -18 20 -100
-50 -3 79 38 -65 52 -19 -37 -81 6 30 -14 -52 72
80 -25 -9 -23 -50 -100 43 -71 10 59 56 -3 46 -70
-24 56 -86 18 -12 -25 10 -93 -88 -14 76 -5 71 19
70 72 90 87 29 -23 4 27 79 82 -47 -88 -48 5
13
-40 -7 -99 76 -38 -25 -12 28 -47 -99 -99 -99 29
-95 64 -30 -26 1 -13 96 39 46 49 64 -13 64
1 -94 15 1 31 38 -15 -79 -73 -73 -28 89 -36
88 19 -68 -3 32 -12 -8 -20 -59 86 -90 57 -60
38 11 -89 42 7 13 94 -50 78 65 -63 -50 -79
10 41 66 -27 -87 86 70 -45 -80 -27 -40 46 -60
-48 -10 -66 -42 81 -58 -34 -97 -29 -31 -51 -37 61
-79 -65 3 76 -33 18 72 -32 -8 -40 58 -21 -57
-21 9 85 -29 92 -4 23 -34 89 28 34 -28 14
47 -90 92 -37 55 65 -20 97 66 -76 -74 66 7
-72 -51 -80 44 37 -31 -19 -58 -96 22 -37 -12 69
40 24 53 24 -49 43 76 -55 -33 34 51 76 -33
-62 -69 23 -85 -80 23 -67 37 80 51 -20 82 -40
18
37 87 -92 83 -24 -27 47 -89 -30 15 88 71 12 63 98 -74 -44 55
-59 -68 -68 6 81 67 75 -7 67 29 -69 -33 10 -75 3 89 32 -63
-52 -52 -7 53 -63 89 -5 -75 -86 -13 53 35 23 33 -76 3 39 42
35 -12 -35 -83 72 98 -26 -97 23 80 27 43 82 -77 97 81 -1 48
-12 -80 85 -40 -11 -69 80 -69 37 -51 84 -13 -50 -89 20 74 52 60
-12 -12 -8 32 -71 -78 -15 10 -28 -5 -3 9 -45 -87 -60 42 -19 -89
-39 -93 93 -72 61 -91 24 -58 98 -22 -10 69 87 62 -95 78 85 -65
-75 -81 32 47 -95 -57 -15 -24 -13 -51 52 87 -69 28 39 16 43 -44
100 32 -43 -49 -92 57 75 1 -54 -56 -66 92 -18 -84 26 49 -25 5
36 57 -100 18 10 45 71 16 79 27 -27 19 69 -79 59 88 64 -45
21 -18 47 44 -60 75 2 -12 -17 63 24 -47 -75 96 89 -72 -60 -58
18 -94 -94 37 61 2 -31 87 88 -97 23 -70 -84 32 15 39 -49 -11
6 80 62 -60 -15 -53 93 38 -5 -64 98 18 76 59 54 -21 40 -71
-42 -86 63 -89 18 49 98 -43 -94 -31 -76 -92 -53 -30 90 -83 30 37
62 -24 18 47 -69 24 -85 56 18 74 -27 -100 79 -48 -69 -58 -23 -83
9 -78 -64 -14 -23 68 -31 81 -47 36 10 33 -20 40 -67 -51 -57 -33
-33 -65 53 -30 -33 -49 41 79 3 71 69 -83 -34 45 80 3 9 -6
-75 27 49 -12 76 -87 64 29 66 69 87 81 77 -94 -48 -4 38 -88
14
-52 -79 -79 47 47 -63 44 26 -93 31 -27 -62 -61 64
65 -93 45 -81 18 -34 -73 52 41 10 -47 19 -20 62
-16 87 -69 1 27 -78 -12 38 -2 -32 -95 -85 -82 39
-7 95 61 -78 -59 38 53 -75 -41 32 91 -20 -83 -58
-54 -47 -90 -98 7 -45 -4 -75 -98 -81 -12 90 51 60
27 41 33 -83 74 9 -44 97 -54 73 -46 46 -98 -31
-25 71 14 51 6 11 15 -86 -86 92 67 12 -100 14
74 -89 -15 46 48 17 -76 92 80 49 25 -27 -96 -86
-84 -58 40 82 67 56 42 92 22 11 -100 25 23 -84
-66 92 86 98 16 57 15 -8 -12 -67 -84 29 15 17
-29 12 34 31 87 -28 -88 3 87 -55 -9 89 -64 89
72 94 -50 98 80 -38 10 -61 -92 -96 74 -98 -88 -29
33 -57 76 3 30 -64 -86 62 -69 68 36 -69 -38 51
-79 -44 -53 -42 -62 69 96 -30 13 -27 63 1 -8 6
15
35 -73 33 95 7 39 -100 -24 -34 -89 -15 58 -69 2 -44
20 24 61 -79 -80 47 -76 26 27 -1 46 41 -12 7 -52
-100 -6 86 -18 -63 26 100 99 -60 33 -20 -93 -98 -41 -76
4 30 -60 -54 -3 79 61 92 -27 -99 -53 -8 54 47 84
-34 -10 12 78 -49 -21 -85 6 41 -36 85 -5 19 -1 -39
-65 23 71 -89 38 42 -6 -18 -79 90 -12 30 -68 -71 26
29 -81 -5 -30 61 46 18 -100 17 81 -68 -22 22 -11 -32
84 74 -19 44 10 45 -80 -23 -8 -52 15 -74 64 -22 33
85 75 -15 -2 -44 26 -53 92 38 23 82 -26 22 -29 66
-42 60 -83 -53 -86 -16 -76 9 -66 -24 53 -56 90 -72 40
-24 46 -98 -11 -72 42 -55 46 30 -31 5 84 -79 18 -60
13 -51 59 98 77 -85 86 24 1 -93 -43 18 -30 26 -45
-2 9 -83 -43 29 47 81 -42 -54 -93 48 89 -54 77 -7
78 -96 100 -80 12 31 -44 31 81 29 -77 79 67 26 -65
3 53 -31 92 74 63 63 -84 92 16 -67 66 1 100 5
17
-38 -88 -55 37 -64 33 94 -46 72 17 38 -66 7 48 -8 -90 -46
17 0 33 -68 -11 17 25 45 30 91 46 23 -40 43 20 -100 -69
-11 -36 -42 -95 34 96 -70 34 -94 47 55 -55 11 -25 79 -59 28
-4 18 -72 45 78 -87 90 -2 40 3 -88 -27 72 51 -67 -96 54
74 -8 -9 -70 97 59 -76 -63 52 -87 -81 -95 74 -16 46 58 44
54 87 -100 -90 -48 -82 61 54 -45 14 -49 81 99 -3 33 54 10
94 -75 35 -91 -66 -6 -48 93 91 91 85 -67 1 -47 -96 -70 86
3 -15 98 -24 44 -4 43 70 -45 73 33 13 -67 2 -1 -41 49
-91 -70 62 -44 81 -34 65 88 37 93 -73 -71 -51 -74 58 59 79
44 32 -45 28 -64 21 -90 49 -72 64 73 -92 13 61 44 92 69
64 -68 62 62 80 2 90 53 -96 100 -47 63 35 -62 42 20 44
-83 -85 -48 46 -59 -52 72 44 -47 16 -44 7 -24 -20 67 -36 8
70 32 63 9 -48 53 7 8 54 -39 -47 -75 38 -77 -52 -65 -56
50 -41 67 -32 89 97 -90 -17 10 -44 -13 -63 55 -27 -50 -28 -31
9 -87 -2 1 -76 6 -63 73 -12 -56 67 70 74 -54 -64 -96 -72
59 66 60 -7 59 72 -14 -18 5 -35 57 55 2 -10 17 -16 -12
0 49 -44 -91 77 76 26 73 -47 3 19 -64 -3 23 43 90 62
13
-27 22 -55 -32 72 3 -35 -74 59 67 74 6 -10
70 -5 19 -47 65 -31 -50 -97 40 -50 95 -17 -65
71 -94 -98 52 -6 25 -41 79 -48 -3 46 -1 -81
-85 15 4 -81 -71 46 56 98 -89 -97 -19 59 -66
67 -82 82 -45 85 61 -47 18 96 -51 -83 55 82
91 3 -72 -46 -41 13 61 -12 -2 48 31 30 -25
100 8 -60 -23 44 72 -97 -10 74 17 -16 -86 -88
-48 63 -80 -25 100 -41 83 -73 74 -84 36 87 -83
-64 79 -55 67 40 -97 -63 99 74 -65 52 -93 18
91 -65 -44 11 -51 27 25 21 55 17 -15 -78 24
-40 22 76 23 -81 24 86 26 88 82 -22 -45 37
-39 30 27 89 88 -71 -32 42 60 -24 -3 -76 35
30 -19 -39 15 30 -66 -49 -38 100 -15 -42 93 -83
17
45 -2 36 9 4 -13 55 -13 38 -51 4 20 45 60 -44 -98 45
63 15 69 73 -14 10 -21 33 46 -40 -37 -83 82 24 54 -67 72
58 -56 89 75 52 -72 -69 -14 -54 68 31 -45 -64 -89 14 -56 80
-72 77 3 -87 79 -24 -25 -27 -59 -97 39 99 -90 -6 -65 83 7
-17 0 -89 84 -18 49 -96 -40 -73 42 34 -41 36 54 94 87 -74
-55 66 39 15 48 -57 9 3 -45 55 -96 -93 32 5 -2 -57 43
-15 -86 -100 87 66 96 -82 -62 89 60 -62 -92 34 69 51 -13 -78
74 99 97 86 17 72 -75 58 -13 6 -19 -65 66 -94 -29 -89 39
-60 83 3 -51 -63 -62 74 23 -42 -73 1 -38 69 -35 75 -14 28
-36 -74 94 -82 -13 -18 63 -76 56 -93 -43 -76 -63 28 -5 -8 68
47 11 56 -50 -44 -63 -52 47 -71 -10 59 -6 -34 -20 92 -60 -41
88 58 -95 -87 34 -46 -31 -28 36 -10 42 -87 24 76 -89 -52 46
-13 -17 -96 -62 27 -33 -79 51 26 85 57 -80 42 75 58 2 -72
55 31 43 -4 -34 82 45 -4 39 -55 -82 -76 -59 99 -17 38 -26
41 64 90 38 -70 -96 -93 67 88 -22 -78 70 -17 -68 -32 18 -97
-1 -1 24 -24 62 82 15 53 19 -74 42 -4 20 -39 28 -44 -78
-64 -86 92 35 -85 21 -81 52 56 6 3 -41 10 23 34 9 -96
18
36 16 -50 20 -34 -69 -30 49 -66 -47 30 -76 52 -73 -95 -57 -87 -35
-18 57 57 -35 83 -94 91 50 45 28 -90 -58 33 82 90 64 -52 79
-34 -83 -50 46 -76 -10 -10 20 30 -89 4 -74 -26 -44 32 29 -95 39
-3 58 51 50 -57 -73 -78 78 -27 79 -56 61 61 46 99 77 9 27
36 36 -52 -69 70 -4 -55 15 39 78 89 -35 47 -33 48 55 -55 59
-78 -47 -72 15 99 -34 -98 59 -94 56 4 -32 -83 -55 90 98 -91 -97
-42 86 64 -48 -93 13 51 66 72 87 -94 -97 21 -89 41 -74 -72 -69
37 -84 -23 -64 9 49 -77 -86 29 22 73 14 37 38 -17 95 -36 -1
4 91 60 -54 -81 -53 -30 -56 -37 93 -51 24 79 -64 -61 -92 -30 37
-60 27 58 -39 -22 1 54 -89 83 38 48 -90 21 96 5 42 18 62
-97 17 16 58 -95 72 -5 -49 65 78 -47 82 -89 34 75 89 -68 -58
97 -69 87 26 -30 -55 31 13 -12 90 77 -68 62 -65 5 65 13 89
-50 71 20 93 15 63 86 60 -13 37 66 -45 27 21 35 68 93 57
36 -63 4 30 54 -46 -64 -27 92 6 -91 87 68 -43 -92 -29 13 33
43 45 29 23 -14 -57 -80 72 -94 19 26 13 -15 -9 72 -100 -49 6
57 81 11 68 -97 99 -92 -84 56 66 10 -24 -33 25 20 -79 24 3
100 95 -77 30 74 -13 70 45 -73 81 -18 74 40 -4 13 47 91 -26
-18 -34 22 83 60 62 53 38 -81 66 -24 -3 75 9 -48 33 -65 -98
19
57 -55 -96 -29 -59 22 49 96 62 8 -29 15 51 20 -20 -100 1 19 -48
-65 -4 22 -72 94 93 68 -48 96 52 -13 24 55 42 34 -97 -53 -75 46
-41 42 88 -62 -71 75 73 -59 -86 58 15 -9 79 15 71 16 -44 40 -78
-94 94 76 -31 -52 -72 22 -37 26 96 -56 -48 24 -60 -68 -46 62 -54 47
80 39 -18 65 -27 15 -83 37 73 0 -19 -57 -73 42 96 -1 58 37 -63
-35 -2 20 -44 -37 94 -89 89 24 -45 -87 91 50 7 90 -5 84 -61 -59
-37 14 -89 17 65 -27 -64 -50 80 94 97 81 14 46 57 -43 100 71 -64
-26 14 -31 49 -93 47 44 -27 44 -73 -14 -39 81 83 -92 -40 76 -13 82
63 -48 -78 -5 15 60 32 -7 -14 96 54 20 91 45 -14 27 -53 38 -92
-95 -35 -100 -12 89 -53 -16 3 -40 93 27 63 10 8 72 -44 -12 -40 -91
-21 -29 -70 7 -98 14 89 -92 -85 45 -23 -85 98 100 86 -32 -78 65 42
-60 -52 -9 53 -91 -41 -15 47 -2 15 73 42 -51 71 -2 -55 -62 -31 -25
68 3 6 -38 36 34 75 -30 -76 -42 51 -63 87 -20 42 -88 66 59 -59
39 -75 77 -21 14 -70 -60 57 -97 -86 -2 -86 15 -67 56 -13 -10 6 37
-11 -25 71 -50 67 52 -60 50 -34 -53 25 65 -35 47 25 -23 -48 72 -48
62 -78 -99 -74 49 -4 -13 75 -94 -85 -42 -61 -75 -64 -90 -35 -68 55 -27
-72 -47 71 62 -29 -73 -24 96 -17 -39 -25 23 31 57 88 -12 -86 32 76
82 75 100 -24 -40 -37 -12 -20 -21 -74 100 -79 -53 -41 -69 95 84 -68 -97
-84 4 -8 25 -43 -68 99 28 -3 -67 18 10 60 51 -91 63 69 66 67
20
-20 61 39 -67 -49 -25 -41 -39 66 -24 90 -98 36 -42 57 86 96 -84 -62 -97
59 -22 -53 -79 73 6 -17 2 47 41 6 97 -2 97 35 10 -88 -87 28 -85
-15 -66 -36 61 -100 -71 62 -3 -4 -76 97 -32 48 -51 -18 -29 30 38 99 -53
47 -80 6 28 -64 83 75 28 85 62 92 76 -88 -14 25 -100 -31 54 -36 -40
93 -99 -59 -76 93 70 -44 -13 -75 -99 -86 99 87 62 39 49 13 -45 -60 -90
27 87 78 54 -97 41 65 -10 -5 24 -79 1 -38 -67 -23 89 68 7 -70 -35
36 -27 57 32 52 24 -73 23 -2 17 91 -92 -67 -7 94 -30 -21 21 35 -10
-10 59 -25 55 77 23 -59 4 -71 -10 -33 -36 21 57 -5 -36 30 -26 27 -41
-7 90 39 11 -18 -67 57 25 -83 -18 -31 18 -22 38 -11 -84 93 -70 70 83
-64 17 -75 16 51 -6 -37 3 -41 -51 -24 -50 -71 -61 90 -45 -16 -48 91 -19
0 -7 -93 78 60 -10 -56 85 -83 -24 96 34 -57 57 26 -32 -59 77 43 -12
-55 -30 66 30 20 -72 96 27 -79 -65 -64 58 -16 -78 -12 18 33 49 19 79
91 9 -44 54 -66 64 -75 29 98 30 67 62 -71 99 99 18 63 45 -29 16
11 23 33 -93 -73 -27 -28 -46 -30 99 73 9 -84 -94 -42 24 -96 -34 9 61
-29 -5 5 -78 -27 92 -46 38 57 -56 6 -38 -10 91 83 45 -88 4 -89 15
-7 -51 -15 -34 -36 35 30 95 78 42 -94 -68 -94 -56 -43 -82 99 71 -27 -75
-100 62 -73 88 -56 -31 -88 -54 20 -7 12 17 61 5 50 64 -9 -82 1 -98
44 -28 100 -4 -15 9 48 -2 35 24 -76 -94 8 11 -22 -15 96 -33 -98 59
45 -5 -17 -16 0 -70 20 66 37 -73 -25 -79 -3 -98 2 51 -18 -7 68 37
93 -89 -21 29 -44 26 -65 40 100 -80 -54 -57 26 97 71 25 30 -19 54 -42
20
-85 84 -33 12 -86 -92 32 40 49 74 37 -47 -54 -84 15 59 -97 86 25 -89
-36 -48 98 -31 20 0 66 -65 99 -67 25 -67 55 -97 -62 46 -75 31 -60 -54
22 69 -80 -81 86 75 100 -57 80 -2 -35 -20 -43 31 -55 91 37 39 -74 -7
34 -58 48 -66 -8 63 28 -35 -75 81 -94 72 82 82 -80 -37 -28 -31 -74 -61
-60 95 88 25 -97 42 -88 37 84 49 -84 -23 -75 -89 -46 75 46 -43 77 30
87 47 77 12 35 -29 -58 43 86 -12 28 -28 1 61 60 -83 -17 -20 43 -85
58 38 -58 30 94 -92 19 -69 -85 -100 -51 1 1 -42 46 -73 27 -52 -64 -98
92 -44 -58 -57 -42 9 -8 -13 -79 34 9 -38 -77 -81 -25 44 -78 -89 68 93
-52 37 -94 -65 -65 4 -72 -90 13 32 18 75 -29 40 56 53 -24 81 40 46
45 31 40 64 -71 38 34 -64 -41 30 80 -44 -27 -47 22 5 64 -47 -37 -99
13 4 -62 94 -68 -95 -71 87 -69 20 -7 -27 60 -16 65 57 -2 -35 95 66
-82 79 99 -53 -57 52 -12 -46 67 22 -41 94 48 97 -6 74 -98 -89 -1 -17
-70 22 29 39 41 33 -77 36 81 18 -89 27 -57 69 -81 96 1 4 87 98
27 71 30 62 58 -54 56 4 53 44 16 -56 91 -28 -76 -73 -91 77 12 -32
0 52 75 32 -60 -83 -62 -72 -30 -87 0 -70 27 85 -8 -33 -36 77 100 16
44 76 53 -76 9 -42 61 16 48 -93 -77 -43 -24 -17 19 100 92 30 -8 58
82 -49 -96 -71 -54 -12 0 35 -45 51 -60 95 -69 -46 25 -18 61 -93 56 -74
84 14 22 64 -16 -42 21 0 15 -20 -89 59 -48 -79 5 -32 4 89 85 23
-49 19 72 62 -14 92 2 14 14 -79 -92 -15 81 47 -46 91 -56 -68 -8 98
-51 66 -63 -54 0 95 32 -82 74 1 -13 -57 -4 -91 53 -100 -11 -73 -87 96
16
-64 -16 0 -38 96 -90 -51 61 -55 -90 54 76 -78 -62 -62 -9
-76 60 -55 -26 23 -22 -44 -76 -14 60 -62 98 34 44 -42 90
-79 94 -38 10 88 -25 -5 -50 17 19 97 82 -21 47 -91 96
9 -56 -19 77 18 -23 68 -7 99 -21 -92 91 -42 0 -2 -83
27 -61 93 16 -61 -54 -94 -34 -8 -89 11 -79 37 88 -61 48
-31 -60 81 99 -80 62 -61 73 42 -81 -59 -77 71 51 85 15
34 -69 7 -37 11 -67 -13 -1 -13 12 1 1 17 -5 -61 -86
4 -58 10 -11 47 -27 -48 17 -28 19 1 -82 11 20 -47 -61
-98 -42 11 15 -87 32 50 -7 -60 -11 48 -70 -49 39 -56 -35
39 -97 77 -40 2 99 79 5 53 -13 99 87 17 45 -32 -41
-4 17 73 -5 -8 -43 -43 16 92 -77 -97 87 89 -48 -24 -30
-100 12 85 2 -44 -42 -36 11 -97 17 24 -25 -4 99 53 65
-6 -10 -26 61 -91 51 29 36 21 83 32 24 36 65 -36 -35
-47 -19 -69 23 86 -73 -14 40 40 59 61 69 93 -87 74 12
80 -76 -13 -70 -98 -45 -9 29 -89 20 72 35 75 60 74 95
78 -9 12 45 -23 63 88 -55 -59 -12 99 55 -96 -60 41 -11
20
-60 79 -77 89 85 -28 18 64 -81 -73 96 61 -7 -18 -29 -99 1 -89 94 -91
-91 66 -67 88 -67 -22 -35 83 -26 -47 -42 -14 52 78 -80 -46 -84 -18 -34 5
-52 -12 -55 57 89 1 37 -62 63 72 -52 -80 -44 -48 -74 -16 11 82 -35 26
91 96 -17 -5 77 -81 -70 84 -83 28 53 -55 9 99 -40 -77 -87 52 24 14
59 76 75 31 -74 13 70 47 93 -56 86 -5 -94 -33 59 67 -63 51 25 -54
-41 12 35 -73 -16 26 -21 -29 -55 -65 -75 56 55 35 -37 -61 -5 -22 57 -29
-36 -57 -76 -24 -97 -5 97 -73 -6 -49 84 -43 -81 -42 62 -52 18 -89 37 65
-33 13 -93 -45 82 9 -31 -16 -16 -86 67 -25 14 41 76 -91 -55 -83 -63 26
11 -40 89 -41 15 -70 50 12 -7 63 -7 -35 1 -55 -18 18 98 -57 46 44
-36 -45 31 23 54 -78 -86 44 -93 -39 -35 23 36 -25 51 54 51 -28 13 -90
-100 81 -94 98 61 -67 96 -36 -97 5 99 -65 70 16 50 -12 91 -83 -37 -100
-9 76 23 21 -56 71 32 -9 -83 -8 82 59 -84 -67 -82 60 67 63 78 0
54 -41 -71 30 -33 37 -70 -92 4 31 -57 21 64 -22 -43 11 -64 63 -28 -97
-90 79 -18 -31 -80 -28 -8 63 69 50 -59 -55 47 40 -35 99 -22 -24 2 63
12 -8 5 -24 -72 -95 40 -18 -23 57 -75 34 51 -1 17 -99 51 27 -26 -18
-77 -77 -37 62 -70 -22 14 -18 -13 7 -23 -70 -66 89 -76 69 84 -40 96 -63
-75 -36 -15 68 -62 89 24 -37 3 -92 -36 60 -94 -81 -43 24 63 98 15 18
-87 -40 38 -68 51 0 -97 -53 55 -84 -78 -59 88 -92 73 -57 -49 87 -44 -90
-98 -75 54 -67 -82 -33 -91 -95 -86 -11 76 4 -58 -11 -20 89 16 -83 -6 16
-100 86 38 47 33 97 -35 -3 -66 93 27 99 -36 32 -94 -60 -57 47 -13 75
14
-55 -88 -95 74 -62 23 -30 -58 -3 82 50 -68 74 22
-43 -78 20 -76 5 48 -49 -22 36 60 89 -45 -39 24
46 -16 53 -58 -14 -6 74 -17 -33 -39 -76 27 22 16
-22 -27 -98 61 18 -98 -36 -71 19 -100 -48 -66 47 -14
-90 -4 -51 -95 -2 27 -39 -85 -39 38 50 -68 -74 96
31 -62 -13 -71 35 -83 -35 -63 10 -100 39 91 47 96
-24 -79 -99 -15 -83 88 -23 92 61 -87 -44 79 31 41
-69 -24 -64 28 20 -43 -36 9 -34 -3 85 76 64 -53
-35 -12 -46 -46 -5 -50 35 -89 71 -99 17 -78 35 -59
-23 28 76 53 -71 0 -97 -73 9 -64 69 37 52 -24
99 53 31 -25 -20 -23 -80 68 22 13 31 55 -39 -55
45 -49 31 -49 85 -20 -2 -88 -69 -27 0 2 89 100
-49 18 -47 -37 59 38 63 -71 98 -72 79 96 -32 -4
-25 -66 -37 43 -13 43 47 4 -91 67 35 75 18 28
14
48 -63 -20 -5 -91 -72 73 54 30 -27 88 12 19 -76
-85 -68 -62 -7 23 48 -19 -23 -47 60 -38 4 26 81
92 88 -65 19 -73 67 -71 -7 -79 -16 -72 -87 -6 -17
-58 52 95 -31 -55 66 -62 -65 -56 -57 12 -10 56 44
-97 -64 44 -84 38 -22 -19 -47 44 70 33 37 -35 -55
1 -12 72 -39 18 -68 81 72 11 12 -37 -73 27 -8
-59 45 20 -19 29 32 -98 31 -7 59 -21 -36 -74 -62
-38 -32 -76 8 -14 -4 -83 -3 -96 85 17 -17 6 95
-51 9 92 -72 2 -2 24 -18 0 -57 3 35 52 -100
-91 33 2 53 -57 31 -16 86 -55 4 -83 58 -62 -79
-6 12 31 71 -94 -58 -9 73 -92 66 0 55 49 30
50 -13 -18 90 8 90 42 -61 98 58 91 62 80 76
81 -10 -87 -19 -34 -6 -35 74 94 6 -6 43 -28 34
-47 -40 -86 3 -66 -59 17 14 41 84 -80 33 69 -46
15
-63 -71 6 -40 38 73 -81 -35 -20 -25 -73 -83 -100 -1 -13
94 -15 79 3 3 -91 -75 -61 2 42 4 -59 11 -31 -82
-31 18 52 36 21 -59 -70 57 17 -97 28 3 56 69 4
18 -74 58 -9 -44 20 -30 -26 18 -29 -97 -59 -32 20 -45
72 -57 -37 -46 -72 -100 -66 8 17 -4 -63 -44 -13 38 75
-28 -63 16 -36 31 -48 48 40 71 66 -88 9 73 87 -26
-54 44 -89 49 16 63 86 -63 46 -62 -41 53 -62 -64 -53
-46 15 -90 -58 68 -72 -52 59 -1 -99 -43 39 -93 69 62
36 -13 -25 28 -82 95 89 85 -66 63 -50 -24 95 80 -48
-58 -40 -22 32 -95 23 16 -52 -44 -26 7 -55 54 35 -49
-41 76 -37 -3 46 55 14 -61 -33 5 -11 -4 -42 17 -96
-66 -4 15 -6 -78 -20 56 50 8 -90 56 96 -22 96 -29
34 15 -42 -28 45 81 -15 10 -33 28 94 -18 -36 -13 -15
73 -72 -39 -93 97 -55 -4 1 50 95 -23 14 -56 -81 58
-58 -29 100 -45 77 -46 61 29 -21 -49 -7 79 -11 -25 -33
18
25 -75 63 -94 -13 -70 -54 -46 63 -80 62 -64 -55 -48 99 4 -8 14
-18 20 12 77 92 -86 -60 -2 -74 22 -46 -76 -63 6 -18 56 -20 -41
68 -86 -62 39 -58 17 94 24 -84 -13 64 95 -48 -19 91 -20 -87 -100
12 -11 -98 -30 -12 68 -34 50 4 -29 -80 -46 90 80 16 -89 -8 -55
-68 -71 -72 62 -23 -90 64 46 -65 100 -45 59 91 32 90 20 -30 -55
38 -65 96 96 47 -96 -9 17 -68 -83 56 9 -87 76 66 -47 -65 -99
-47 -65 53 -87 75 -61 45 -51 -84 -43 -50 -19 74 18 98 50 36 -60
6 15 -91 -39 7 -23 -65 -33 31 -34 66 11 53 13 58 -55 -21 39
-46 -98 -70 -45 -44 54 13 96 -40 -16 19 -72 -58 -79 -9 27 71 4
2 -22 28 59 -50 70 -32 40 22 -18 96 -42 -4 -47 -61 -74 80 -76
55 -45 -86 79 98 -50 51 -81 56 53 75 -96 -93 38 2 -36 -60 55
-48 -58 -84 -26 -24 -97 48 -6 -26 -71 89 48 -99 76 73 8 59 84
33 -69 52 48 95 67 98 -27 48 -90 9 -67 -38 -46 -16 -58 71 -61
94 63 87 -26 19 11 55 -62 -66 63 -28 97 67 71 -23 39 51 77
-88 15 -29 9 90 95 -86 -87 -21 4 -82 59 71 81 12 46 -84 17
14 68 23 45 30 -59 16 34 10 48 19 52 33 -75 99 85 -67 75
38 13 -10 28 32 -56 -18 -33 21 0 74 3 43 22 -76 -22 -7 29
-69 -56 36 -22 -4 38 -24 40 -46 78 4 88 66 13 -82 -74 50 -9
17
-70 -15 1 72 -37 27 8 29 -36 3 -41 22 -91 65 -85 -23 -28
62 -97 75 -18 -38 -63 43 28 66 -100 -32 -55 -40 -53 24 97 -81
-10 54 -61 -100 75 -33 33 8 87 45 17 89 77 -48 -35 -16 -100
22 -68 -46 47 -29 97 -90 82 -51 -76 -67 57 -61 23 92 7 -64
17 17 -33 55 60 31 -92 59 26 -20 37 -1 -49 59 71 -97 -20
13 94 -19 2 -94 -25 -55 -9 -96 -50 59 -75 -39 -27 83 -74 -71
-12 -94 -24 18 -73 -79 61 81 5 -19 -24 31 92 -76 -44 82 25
9 -89 -70 -19 65 57 -47 75 28 -17 10 -62 3 74 -34 -17 -94
-85 32 -2 31 -41 1 4 -40 64 -73 -84 98 -66 27 -69 -58 33
-24 -100 -2 0 3 -13 96 -6 22 -90 42 51 10 79 -3 36 14
-63 16 -75 -72 -19 -43 -73 -99 -7 22 65 74 -23 -30 -12 -21 -60
85 29 -82 37 -76 66 -66 87 8 43 28 -14 -49 -48 34 26 77
-54 -79 -86 -96 49 46 60 -5 -85 -98 62 65 89 -70 49 -82 -59
44 25 17 41 50 8 -75 68 -32 91 67 84 76 -25 -68 -23 -71
73 -18 -15 -82 -21 60 -81 52 -16 -31 -49 68 43 -38 -19 69 -88
-5 -18 70 -21 -100 -41 68 -99 -64 -79 57 -5 91 70 -26 9 100
15 -65 18 -31 -62 -93 38 -63 75 -60 -85 55 25 23 31 88 59
12
-90 -97 91 -86 61 -68 12 -39 45 88 7 83
-85 96 -35 -74 -81 -40 -12 56 -8 45 -30 44
42 -10 61 69 -2 -11 -91 -97 -21 61 7 66
-19 78 -95 73 -32 67 35 -6 62 30 -73 -19
-4 -80 30 -68 -18 -64 -38 -69 -59 45 89 -75
-50 26 -85 -100 -77 -21 -40 -39 53 48 99 50
-22 -39 63 -74 -60 -88 -46 70 -43 96 53 12
-78 -5 -28 -87 -56 -21 -11 22 58 -77 -16 3
-38 -26 -55 51 -34 3 -20 76 -18 55 23 -26
-18 52 -81 -81 -85 67 -64 -34 13 -77 -75 37
11 -77 51 61 -88 -86 55 55 24 -39 -3 58
7 12 -2 39 70 -61 33 -25 -9 70 68 91
13
52 16 -23 20 -76 4 5 5 -31 -27 -51 13 48
30 -54 -49 -18 -96 89 -62 -9 36 77 23 -79 -25
55 9 -81 85 65 -76 71 -48 -94 58 25 42 -97
-75 75 53 72 72 -62 -54 32 -59 26 -20 9 -53
-46 -61 -8 -7 56 -4 -46 -57 85 12 -65 90 7
-77 -21 36 56 90 3 1 -58 22 17 -4 -38 40
-42 35 30 0 -42 51 -99 -74 81 86 -65 27 -64
47 -59 -60 16 -100 95 -84 -100 -73 89 -66 -66 31
-22 -7 71 -96 -88 35 -78 15 28 -98 -44 -62 -36
25 -96 -74 19 11 -33 15 -12 15 34 -60 -9 89
-34 -1 -48 -1 11 25 100 -47 -9 14 -33 68 -37
-2 85 -40 48 11 80 -88 -35 61 -41 -73 -92 64
9 -25 -95 -19 -45 57 33 -20 -41 -46 63 77 -71
12
-27 7 -22 11 17 -8 -52 -71 2 -67 -99 10
-75 50 -78 70 -57 -55 -78 -13 68 34 18 -2
-54 -15 62 71 48 63 85 90 49 -36 -59 7
81 14 -26 90 62 18 10 42 42 66 80 -95
-20 -68 -3 67 -100 0 -36 64 -61 -60 -87 62
17 27 86 67 -1 18 -17 -85 -71 -75 23 83
2 -4 -66 -73 -30 -43 81 11 52 -77 -19 91
83 -83 60 66 -14 -23 10 58 -29 82 -13 16
-79 -80 -45 -88 78 -86 -36 -48 98 89 98 -63
-69 -45 -56 7 49 85 55 -51 -65 -73 16 -31
-33 -88 -20 -90 13 83 67 -11 86 62 -69 89
-20 -31 47 22 90 -69 5 45 -25 -99 -96 42
15
32 -100 4 78 -65 72 46 -94 99 7 1 -45 -93 -3 4
44 29 -1 45 -3 -24 59 20 -89 -90 51 60 18 -12 91
91 -96 4 13 55 41 -5 30 74 45 50 -32 59 13 -90
2 -27 -16 40 25 -22 -50 -59 78 -3 90 82 -54 -61 2
93 -44 2 11 91 71 -39 2 88 98 -12 74 -39 -91 -31
-27 63 94 -8 -25 -6 -57 -95 -86 87 -14 51 -97 -76 19
4 14 79 -78 67 -83 -9 11 22 59 -18 -43 16 -49 -9
8 -49 75 64 -58 91 -92 94 67 -18 -70 28 70 38 -52
84 89 -13 42 91 -8 6 75 9 -50 -52 67 14 72 93
18 53 -80 -70 12 -25 87 -24 55 98 -75 87 -26 80 0
-98 -78 -16 -15 -85 -100 -94 26 -76 75 -99 -40 15 -14 77
-59 -20 -24 -51 80 -28 73 -94 -24 25 47 93 -19 -61 54
46 -47 -36 -36 0 74 -90 -21 -82 60 97 34 61 7 -79
-89 -26 45 -24 -42 -18 52 -5 -17 100 32 -92 -12 -32 80
38 -88 -6 -13 -36 -56 -4 -76 -95 23 -50 -45 -70 50 23
20
-82 89 87 -90 92 -36 -47 93 -9 92 31 -26 -53 -81 7 -29 -30 -50 -38 66
-4 -24 -2 -81 -17 -7 -99 -33 70 46 55 -2 51 -35 -21 -18 -64 3 -14 -87
61 -68 -80 25 42 -18 -35 -97 36 -9 -39 -25 46 75 57 -15 -47 -14 23 32
-86 -43 95 88 100 2 -97 8 -92 -15 76 -9 49 -25 95 -92 -60 -3 64 -88
-37 -20 -21 62 -23 42 -46 -46 58 7 -74 -14 4 -39 69 26 -91 27 -83 55
21 -10 86 -59 55 -47 -96 32 38 58 -13 -37 27 -92 -51 87 48 64 71 -7
35 69 -57 55 62 -69 74 77 -20 -77 -38 35 28 3 54 58 -17 43 -13 -2
-25 -33 100 36 31 -85 -62 27 64 -43 -93 -25 76 -87 -18 -79 -7 -25 -63 -27
31 84 -62 -46 6 -12 24 -69 -31 -98 5 69 81 -29 69 -80 37 31 81 -32
5 -59 47 94 -85 -12 25 -30 -74 -98 44 8 -81 2 -10 24 54 -29 -48 -80
34 -81 85 -20 19 90 -79 -78 69 70 -99 32 -63 64 38 -87 -6 34 -91 -52
83 -13 -86 84 -26 91 -41 5 36 -86 -85 -42 76 99 95 19 13 -56 75 41
-92 -36 40 52 -81 63 -97 29 1 53 94 90 31 98 0 49 15 -47 58 -71
97 41 29 5 -19 34 40 -45 76 56 23 99 16 88 89 37 -64 36 -87 -5
-46 100 30 -35 66 -86 -93 -70 -35 -27 86 60 84 9 59 57 -52 -24 34 -92
-66 91 36 57 -72 77 65 -2 1 1 16 54 23 -74 48 35 84 34 76 -81
23 2 -76 24 -53 -99 78 62 72 -59 57 58 -8 -1 -13 -86 -50 -77 -82 39
-34 44 -49 36 46 -91 57 -14 -71 -79 -64 -20 11 99 -72 -88 31 74 62 -32
6 -7 94 88 -40 -68 69 75 57 61 48 -98 54 -11 47 -40 42 23 22 -94
-75 -56 63 -73 27 -52 -15 -68 91 0 16 -44 15 36 -27 28 -29 92 -91 -24
13
-1 -90 -56 -37 14 95 -72 63 -34 18 -8 -62 -2
-24 38 89 -8 -51 56 -43 -100 -6 30 -65 7 74
95 -36 45 60 7 -76 73 -61 4 -88 10 -89 28
87 60 25 -12 68 24 36 -66 63 -47 -64 -70 24
2 -15 22 58 16 12 -68 24 97 -16 -98 49 32
-11 -15 -92 37 -63 33 77 48 -51 72 98 -89 -82
35 23 15 -72 53 -55 1 30 -51 -83 -43 61 49
-17 -66 45 -46 -1 -14 64 43 -55 -20 -5 45 16
-69 87 5 31 -76 40 62 -28 7 85 85 -65 96
45 -32 -50 -66 -19 34 92 -26 -60 87 76 52 -54
95 -26 -4 -7 -87 33 -23 -86 -21 54 -89 29 -84
-83 91 2 21 -29 -37 -77 93 32 63 38 76 -38
45 -60 87 -64 -97 -13 -90 -57 65 -14 80 -31 28
19
21 51 12 12 -25 48 -54 12 36 97 -70 -69 -72 96 98 -99 -53 -94 75
38 -1 -52 -47 -7 83 57 -7 -22 -95 22 -80 21 73 84 86 -29 -8 -18
-22 90 46 39 -63 54 -1 68 73 -85 -28 97 3 0 48 74 50 -49 20
25 42 62 22 -53 -29 -66 -97 -92 -44 50 15 -69 -9 -12 64 48 70 -95
96 -59 -41 -70 -32 63 45 -37 -5 -1 26 9 99 86 36 21 -7 88 75
-32 4 -10 50 69 -71 -67 34 -34 -35 2 -49 -75 -69 -34 77 72 -71 21
63 -87 68 -18 -95 -86 -28 23 91 75 -3 41 29 -41 -72 -64 -20 58 -13
-76 -86 30 9 48 62 -80 39 20 96 -23 -13 -43 -13 -33 42 -89 96 -51
-54 54 -99 -86 32 -69 -55 -95 31 31 -32 -38 95 57 71 80 79 -53 -10
-69 -100 32 34 77 78 -58 -1 63 8 67 -88 -21 -10 41 97 68 -96 -83
75 -9 70 -72 23 56 -100 86 61 2 -60 -45 60 -93 40 65 88 90 62
-94 75 91 40 29 50 27 87 -16 13 -84 43 82 90 45 -100 10 30 98
-93 51 -90 97 37 61 -61 95 57 -35 -27 -84 10 16 -9 -87 57 11 -76
-93 -9 -28 20 -65 24 47 14 32 4 73 -34 43 -70 -63 -86 -31 98 15
70 32 27 -74 34 -45 7 -79 -72 -84 40 -16 18 -56 -5 16 -35 -58 -3
-41 -15 1 -61 51 24 26 -56 74 49 -52 -78 76 84 65 -85 25 60 -96
-70 -3 84 -11 -84 62 -21 63 -84 67 -49 -87 95 40 -48 -12 -23 -40 28
48 -40 -20 58 -89 29 92 -63 -32 68 -31 88 22 -70 6 91 8 -57 84
-94 62 -34 -26 43 -34 -9 23 -31 -81 97 33 31 57 -82 75 -49 -81 -34
16
-4 96 36 76 51 44 -22 98 55 69 75 34 44 62 37 -58
-23 70 -78 -68 -5 47 18 -34 -36 23 66 -53 19 -39 -16 -46
17 85 57 13 30 47 -9 -58 61 89 -71 -7 43 -53 -18 82
52 10 47 -36 -34 21 -70 80 58 15 -39 27 -50 -62 -89 -91
-55 64 -44 -20 -13 29 70 29 -4 8 -90 -96 -47 -66 2 -75
-97 -80 -83 -93 22 -93 94 -64 -66 71 2 42 -80 -53 27 40
-79 -4 -52 96 -65 74 82 -81 -46 -56 -47 -56 -69 35 58 -64
-91 -59 -30 -91 -35 16 -23 84 0 -95 43 47 -99 81 53 93
-53 77 -95 24 -60 6 -70 -6 25 -25 15 -31 18 60 -44 76
33 56 73 50 -15 -72 86 -67 -2 29 8 89 -77 -59 44 -13
-17 64 -56 -70 -98 -25 -3 8 -9 -19 47 99 -10 -80 -72 65
77 -44 -58 -91 84 49 21 19 10 -28 -60 52 64 32 -15 -74
-55 -79 -49 8 -15 -34 -41 94 -92 10 -38 22 3 -1 88 21
87 29 -15 98 -51 35 -98 -79 -82 -78 -43 -85 -5 -47 -27 97
-29 19 20 -6 40 -66 67 -8 75 80 0 -38 89 -34 92 19
-50 -90 -12 -97 -90 -33 7 77 -94 46 34 -95 -1 0 -50 -46
12
32 84 54 94 71 -56 -11 -48 93 65 -40 -42
-16 96 -86 -8 44 -62 -19 -18 56 -61 23 87
95 -83 85 -70 -27 80 -21 11 80 5 1 18
6 -53 -13 45 -20 78 12 -89 7 -32 -5 80
-23 -26 -52 70 34 -53 99 -72 -70 84 37 -53
-92 -99 -35 40 82 -32 56 -6 100 -32 -85 42
-5 85 -45 93 -25 83 -90 -55 -15 59 58 -70
82 -47 -73 -24 65 -66 -60 -41 92 63 -48 -24
27 -75 24 -11 57 54 -40 -65 -71 35 -98 -2
-100 -52 93 -22 -16 -93 -46 36 -60 41 72 14
-51 -57 -11 73 24 -85 53 -25 -73 -30 -7 -56
-73 -45 89 73 82 -76 57 8 56 57 75 -71
19
43 -48 -89 -16 -67 52 -8 -85 87 98 13 -69 2 -23 68 -27 80 67 -11
94 -2 -94 93 75 -64 -83 94 -57 -70 -23 2 -36 47 92 -5 -81 -78 95
75 47 51 72 -1 -45 72 -88 64 92 29 -29 80 53 -97 20 59 34 87
-72 53 -4 -27 99 -19 -81 -3 -73 51 -95 3 -61 -1 -39 64 65 -39 55
-55 84 -48 59 -46 -82 76 8 -92 -27 56 78 -51 21 -70 98 -34 -1 33
90 -12 35 33 60 30 -38 64 1 9 53 78 -27 -86 -79 59 -70 5 -42
-37 31 60 -6 -38 -28 -12 17 82 -11 55 -70 -47 83 59 15 -40 -80 -60
-41 6 26 52 72 95 95 -37 26 62 -13 45 3 -20 -17 21 48 81 -49
22 89 64 49 85 -43 -55 79 88 47 -49 -47 22 -60 -45 -3 -26 -23 34
-70 90 -61 -48 -59 -79 -18 100 -93 -92 77 32 -84 -39 53 -70 -5 95 -6
-27 19 -41 82 70 78 -62 32 79 24 -58 -21 -20 97 -11 76 -35 -29 -20
-14 93 50 26 4 29 95 48 -68 -43 50 -8 27 66 -100 24 54 -14 -7
-6 7 20 -47 -86 -30 -54 -28 87 -87 -33 24 69 -52 -84 -17 -38 -60 44
-85 -53 -37 -7 52 39 -68 0 0 54 -72 83 -76 1 77 32 -8 -13 97
76 20 63 58 25 87 51 -13 -5 -62 11 93 -62 29 66 26 69 -35 24
70 24 -89 -18 -80 -3 -83 45 -72 -26 -45 64 -59 29 -5 48 -31 67 84
74 -64 99 -84 -23 -44 32 54 93 78 60 42 -59 53 -55 -20 28 -99 -4
10 -96 22 19 24 -9 20 62 -15 99 -18 43 66 42 46 50 -19 38 -50
29 -50 75 25 41 -39 -15 -84 8 50 -12 -7 -18 -53 -47 78 18 61 -46
18
-60 -21 -19 15 -16 -72 -42 -98 -90 -71 18 58 -86 34 26 30 15 54
57 -42 -79 97 -27 42 50 -73 -76 -30 -37 93 3 25 -52 27 -20 -2
43 19 64 -68 61 -84 63 -96 4 18 16 -18 -34 51 71 -97 -38 69
96 -60 -97 56 -2 71 99 12 -20 -88 30 28 -42 -95 -17 48 60 -10
-8 -30 -58 -63 93 -46 20 -60 32 36 100 -89 79 56 85 9 55 1
-30 42 -81 85 44 -40 -91 -13 64 -97 -91 94 9 43 13 35 76 2
8 -92 15 -19 97 92 -31 -63 17 -80 17 86 95 -28 40 39 33 32
73 -88 -75 -41 -97 16 61 0 24 -4 96 -82 -4 -72 18 -20 -47 43
32 -56 25 13 43 1 -10 22 63 55 88 -95 9 -97 33 -24 -43 43
65 -69 29 91 89 -70 42 -100 78 18 -77 93 8 1 -43 -62 72 -8
-32 55 47 -8 5 -13 -69 -86 25 -13 12 87 45 -73 -89 -8 -37 49
-100 -72 15 22 -32 62 -40 75 -61 -42 -33 41 -30 -11 -63 13 83 64
22 61 -95 81 -26 -12 13 -54 80 -1 75 -80 -34 6 -40 -85 26 13
-45 49 97 42 35 20 83 -64 67 -77 14 -87 23 -14 42 -75 49 -72
93 -45 -56 90 9 -9 1 -79 -69 -45 -39 9 48 86 74 -20 -67 -62
84 71 -92 19 58 -58 46 -10 66 59 78 -99 62 72 -87 -50 -32 86
41 19 50 -30 16 -68 -42 -29 26 -91 -13 49 -90 1 32 -89 17 57
-36 -91 67 -63 97 -51 67 80 99 73 37 8 -47 70 -39 -74 -17 64
16
-37 -79 -11 28 -86 60 -80 44 12 -47 -30 47 -40 0 76 9
-14 7 28 -94 -5 -2 1 98 68 -6 -27 -38 72 -38 -11 -26
84 -67 77 -29 -51 46 13 -53 32 -5 -88 67 -87 79 39 80
-40 -67 26 -72 16 -92 -82 50 -97 16 77 24 -20 -67 31 10
86 98 -90 -70 -97 42 99 -91 -67 -86 54 26 -51 65 -100 72
-19 59 21 -39 -11 94 61 26 77 -27 64 -55 23 1 62 -36
-42 -18 -49 -59 14 11 9 91 44 59 93 34 -44 82 -61 47
22 -58 49 2 44 -79 -65 -64 -57 30 67 95 -47 -32 24 56
25 -37 64 60 13 49 -33 -57 -63 -31 98 -76 -35 42 -30 57
-10 52 39 -42 -84 -79 -71 23 -46 5 2 -81 -94 -94 81 27
-94 -38 19 64 -44 -6 40 -25 -55 -37 -4 -68 -42 72 -67 48
30 32 91 -90 -28 -99 -83 -45 -58 65 95 10 97 -17 27 42
85 53 -12 84 32 -52 98 -72 94 94 52 -73 -55 79 -26 67
-79 10 61 12 12 -67 81 -71 4 -19 10 -70 8 -98 -1 -17
-100 29 14 -44 -47 -84 -57 51 24 -98 59 -62 73 -96 80 -54
12 -80 57 57 -41 8 48 62 -1 -26 -65 36 37 23 66 22
14
14 -30 23 -80 -91 -70 -98 -95 45 66 -51 -72 8 -64
4 -92 39 -40 -35 62 -89 -1 72 -69 -72 79 -69 -5
31 52 99 31 -32 22 -25 -47 21 73 85 -49 0 8
81 57 -16 -71 80 37 41 -64 30 49 58 -6 -56 56
36 57 -82 53 44 -37 -83 -38 -12 -29 -99 88 -39 57
2 -45 -51 -33 -41 91 -100 -50 -24 -14 83 -44 23 -53
18 74 -8 73 -44 78 -84 -58 -86 -29 -27 90 -28 40
-32 -16 -87 -17 55 92 -76 3 80 20 2 20 21 -24
-10 -31 63 -12 58 79 -70 3 60 25 -90 -72 22 84
-75 -41 30 -26 -10 -42 -95 62 -13 -63 -98 71 8 -31
-85 -23 -63 -81 40 -66 21 -85 -96 20 52 -9 -32 -50
-97 -52 -13 90 38 -76 8 -56 62 -82 5 10 -60 52
29 32 95 -86 -5 -48 -35 68 25 -51 -96 50 -11 76
19 11 89 -74 -96 -55 83 -59 -2 8 -62 -31 54 -96
12
35 18 80 -19 78 -77 -94 -97 5 20 1 -83
22 96 -22 -36 -100 -95 -16 -4 -58 40 -21 41
45 -99 -50 -37 -67 93 -36 -47 40 59 82 5
95 73 2 -2 36 -23 -75 -57 -74 -47 -86 -5
-78 23 -58 -58 -95 96 44 41 -69 79 46 -34
65 -37 -68 15 -8 78 -94 -51 28 83 43 -46
-11 31 -10 -14 15 -46 37 -14 -98 -2 26 20
-90 -33 -98 -70 -11 44 -100 43 63 19 -84 88
-42 79 -92 -12 -33 18 -15 -28 -10 -48 -34 -5
-20 79 6 75 -93 41 -89 -86 28 25 87 -90
-18 91 -82 -3 -1 14 -61 70 41 -21 26 -97
74 26 -49 41 -77 85 -39 75 20 64 -29 4
11
95 -85 -39 -63 80 29 61 32 44 57 41
27 9 -76 -23 -89 -46 1 -61 76 99 -86
96 60 -30 -60 76 78 -87 98 15 11 81
31 -63 94 5 -89 -99 62 36 -31 -67 -97
-36 -5 92 87 -38 -58 83 3 74 37 -86
20 0 -85 -58 1 -34 91 72 20 28 30
58 -92 -83 82 -13 45 -22 -16 92 18 11
97 68 -48 78 38 74 38 -40 89 -17 8
-42 -35 43 25 -39 -69 7 17 -85 32 40
-95 98 59 10 -52 32 -45 5 0 -58 74
-83 35 64 12 -66 69 69 0 -75 -23 -20
17
-30 94 -40 -64 -71 -8 46 45 -77 -71 -62 81 -18 48 43 59 -98
-97 -18 75 62 41 98 -18 85 -17 -22 62 -59 16 -43 -82 97 56
75 -25 22 -63 4 45 -17 43 97 72 27 -83 71 4 -87 78 75
-28 -78 16 -32 -69 -44 -43 47 -44 92 95 67 45 -71 -9 -65 26
-4 69 1 63 22 22 43 -94 -84 56 96 -53 80 -48 -32 -7 -25
9 -71 -39 20 -47 -97 -35 11 -57 46 -11 -94 -75 68 66 -71 72
29 -24 -69 -73 62 -37 -78 -18 97 -10 75 15 -41 87 -28 -66 -93
-56 -29 -68 79 39 -88 58 -97 58 47 -41 -84 77 -78 -14 6 -41
-43 -68 -85 40 19 -41 -85 -59 68 81 76 70 73 89 -38 -25 -88
-77 66 64 3 -76 -35 76 80 66 57 1 -19 -59 -97 25 -75 -4
-61 37 79 73 -60 -12 7 -79 83 97 50 3 -68 74 -98 -69 33
21 -65 -61 0 -100 -62 43 23 83 73 38 -35 22 35 58 50 3
39 -7 3 -93 2 -90 -23 62 10 -62 11 -94 27 43 27 65 89
38 85 100 -15 18 -12 -61 37 38 -29 -11 42 -50 -57 82 -16 -17
84 97 15 -89 -59 63 -59 -63 21 14 15 60 11 9 2 -89 78
-61 11 14 -34 -95 14 89 -33 3 40 -70 88 -82 -42 -13 -49 -65
-41 -95 41 -88 4 48 87 80 -41 -19 -38 15 -96 -78 45 44 8
19
73 -25 -49 -20 -46 26 47 18 -13 58 -50 -41 -5 89 -40 -68 -54 -96 -71
-32 61 83 94 95 37 -4 40 -88 14 -70 -85 -13 93 55 -91 -52 50 -72
-12 34 -65 -77 65 100 -21 0 3 -68 53 14 57 -83 11 -54 -65 92 -25
75 8 26 62 82 22 21 -91 31 84 83 -20 29 -42 -31 70 -35 -61 -95
22 -47 99 57 -40 -100 0 -49 -95 -53 -20 29 24 62 1 81 -88 40 58
-64 57 3 13 -46 57 -26 7 32 -21 65 96 18 -58 -96 77 68 -78 -47
78 24 64 -42 34 -80 -64 58 -91 67 -57 -63 37 48 32 20 29 41 69
-41 -15 85 0 -66 81 -48 -99 -13 -30 7 42 18 13 18 -39 85 -89 89
-84 3 -58 -90 -24 30 28 -64 -34 -35 -62 -2 16 4 15 100 -25 -19 -17
-65 95 2 50 -48 85 77 10 -31 41 -4 41 42 50 -86 76 21 -100 76
60 47 -11 26 -86 76 -10 -24 -51 -97 19 -13 -71 -17 52 80 74 43 22
-87 53 -51 -11 12 73 53 35 -58 -43 -66 -75 18 -3 -73 72 -22 62 -49
54 -87 66 -55 32 50 68 66 13 -11 -29 48 -27 -55 -73 81 -74 80 -52
-28 87 87 46 81 -31 60 66 -37 80 20 13 40 12 -35 10 12 50 35
90 -53 76 -83 -29 63 -2 44 -43 -28 44 -47 -100 69 -53 -53 -80 -46 -84
-90 -63 77 62 18 -94 52 -92 34 -30 -27 -27 -65 68 -60 93 -86 49 -99
-32 18 71 82 8 64 -9 -68 6 57 -9 11 95 40 -54 4 -65 77 36
94 -65 -44 11 -85 98 -20 100 -84 -47 35 49 -64 98 -41 86 33 -89 59
-47 -17 -49 -57 -86 93 -3 44 -83 6 -28 65 63 43 -78 -92 -71 28 -39
10
2 -61 92 -70 -35 -23 -35 9 -85 15
73 66 95 -95 -90 -10 38 -16 -29 17
-2 25 -62 -5 -91 28 51 -43 -91 68
-21 -53 -36 52 -58 99 -76 20 7 -12
34 51 48 -12 -100 -27 44 -60 58 95
-42 21 63 -36 -50 -71 89 57 -60 37
-35 31 -78 -70 -68 77 -72 -12 11 87
43 -76 71 -27 -18 -37 35 -74 42 21
93 96 14 11 -19 73 -51 66 7 51
80 100 -4 -9 63 38 -30 97 39 67
13
-77 -71 96 75 -1 90 -53 58 -48 -72 87 1 -9
72 -100 13 98 -30 38 23 75 -58 22 -98 -27 96
-12 -63 10 44 -97 -77 -19 47 74 60 -4 -32 -14
62 58 44 -64 99 -89 45 -58 21 60 -15 -80 -18
-64 56 -83 -63 -52 -32 38 89 -45 -60 90 99 -27
-62 10 -79 58 -17 -93 -16 -78 30 9 51 -20 1
24 -64 78 -100 43 31 -51 -37 27 -46 -29 76 -83
29 32 96 -100 -100 -69 46 -29 -50 -84 -3 -84 -100
76 -8 31 -92 7 85 -1 2 -71 -88 -40 88 -66
-63 -28 -35 34 86 41 -95 90 -35 -12 47 82 -10
64 -2 71 55 -7 -46 36 65 82 -92 -75 21 93
12 -57 48 67 -48 78 0 2 99 62 83 73 8
27 3 -74 97 62 44 -73 89 52 -38 88 84 -89
13
-83 95 -62 -10 -76 -69 -39 74 -24 65 -61 -31 66
-68 -52 84 -74 -86 -69 9 67 50 -64 -84 49 -50
-37 -41 67 -6 45 -53 2 65 -17 40 -39 -30 -89
-68 -30 -70 13 34 -90 93 -62 -99 -72 -71 -38 -61
-76 -52 -42 37 -35 32 61 -15 41 -10 -93 -26 2
-90 -35 55 -12 52 -73 -50 -96 73 -66 80 -79 -77
-42 47 46 94 8 -90 16 39 -9 -68 -87 -31 15
69 -92 20 -73 49 64 22 80 -11 -1 68 -12 64
81 92 -94 -78 -16 -66 61 7 97 42 -14 59 -62
72 -11 -62 91 -18 -100 -19 88 100 -100 94 38 -29
-90 -52 43 -37 -43 16 50 33 -88 17 -40 -67 94
52 -49 30 65 14 -57 80 -28 77 -79 83 -63 -48
15 0 -92 90 60 -50 39 -5 40 -29 41 69 -83
15
-87 -57 76 75 -25 49 -88 81 -14 27 -39 40 14 0 69
-67 -90 46 48 -97 29 -17 -72 -94 -36 -99 -44 -44 -77 3
53 84 13 -83 -37 77 -61 -60 -14 71 -61 -93 -58 -65 23
-20 65 20 4 -33 -90 42 95 52 76 98 -60 62 -45 92
92 -36 -39 34 -49 -83 33 97 -4 55 71 -39 -56 1 94
60 -32 -59 -56 -47 76 -75 45 -63 25 33 -77 -7 -75 -31
-78 -100 -21 23 -73 83 52 -23 -96 -30 -22 -76 68 78 87
-46 77 -75 63 -77 -35 83 96 -33 95 -36 -60 3 -23 29
-91 -44 -44 40 13 81 -72 43 0 63 -3 -68 51 38 94
-59 -91 -14 -9 33 -59 -62 -5 21 -74 23 40 37 91 68
-48 45 29 76 27 44 2 -88 75 99 -3 -95 -63 -28 3
-8 87 13 -53 -98 71 -6 15 36 21 56 23 -43 -30 -3
25 -55 22 15 -38 2 -44 -26 51 62 95 50 6 -12 -58
100 68 -74 99 21 -56 66 -96 100 80 -11 -89 -59 35 23
58 -67 70 67 40 20 9 15 -46 -86 -57 -74 -86 -15 72
14
25 99 -19 -48 -75 5 -67 -53 -96 -84 3 3 28 -64
-56 6 -92 -15 -45 -53 22 94 67 57 63 -94 -70 -83
61 42 48 49 -6 62 -61 -47 -16 68 -99 72 38 -1
28 59 -26 -28 78 52 24 93 76 -94 0 62 -50 74
89 65 -49 -85 -78 -47 -97 -4 49 11 17 -3 64 36
-44 -61 -100 57 -77 -45 -10 -63 94 -46 -73 -83 -28 79
-96 47 -42 37 -5 44 -86 52 36 43 -100 -86 -56 -82
58 49 -37 -66 46 68 84 -3 91 -46 7 -32 -70 3
92 73 3 63 30 78 15 -38 -72 68 -1 38 36 48
88 -46 -85 -59 -8 6 64 -70 97 43 62 -69 -23 62
-3 67 -54 4 52 -69 60 10 2 -92 81 35 -40 85
-9 53 -31 9 -66 -10 85 93 7 -76 -84 -58 -28 -75
-1 65 1 52 58 -83 -90 -45 -95 67 -39 13 -79 81
25 25 12 63 40 -76 -72 1 -47 -89 58 18 -88 18
13
39 -94 -59 -43 37 41 -46 -12 -62 25 74 -40 19
-35 4 -39 94 96 -86 60 -36 11 -74 53 37 44
43 -25 11 -40 -75 -85 47 37 -71 94 -41 -18 46
-5 50 10 -74 -76 -95 -52 35 24 0 -74 -27 -36
-38 29 89 4 -83 69 2 -100 92 98 -42 82 -31
-46 4 86 27 7 78 44 32 31 -63 26 58 14
57 67 7 62 -84 -79 -98 82 -71 -63 1 -76 -90
2 -93 41 3 -9 -22 -87 -6 98 81 -30 -21 -100
-63 -27 -42 -39 19 93 58 96 -92 35 5 -24 53
49 -6 -67 -29 47 -95 -76 -53 62 17 -48 92 56
-82 62 73 70 91 -5 -17 -27 70 33 20 15 -39
-31 53 19 73 -16 -65 -77 97 14 -81 -89 36 -25
-58 -38 52 26 -73 37 -75 -34 -22 86 -81 49 -77
10
-36 -97 -9 -90 58 -59 24 39 16 87
-57 53 -44 40 -58 39 -17 66 22 38
-75 61 42 -73 72 -19 -36 80 5 74
-69 -44 53 11 80 57 -50 90 35 14
-7 75 -45 2 -87 57 -71 3 -56 -59
-41 -75 -16 -84 -99 34 -52 36 8 95
-35 21 75 -36 -15 -67 -60 53 -1 -20
35 3 28 -81 31 15 -31 83 -22 -47
69 70 24 -4 -58 2 25 59 -97 -1
-98 -31 53 -95 -30 76 61 -77 -80 5
15
84 -65 -24 -27 99 33 -89 81 -6 -84 -5 84 82 60 15
62 5 -83 76 -98 46 57 -57 -96 -40 3 -61 -32 -49 -48
-28 5 100 55 67 -52 -5 93 -92 -53 51 -36 99 45 -23
22 5 -64 40 -54 96 78 61 16 -81 -40 47 -97 -22 17
-100 56 -99 -32 83 -78 44 19 -93 83 15 41 -97 66 21
35 -28 31 -93 -76 -80 -1 97 56 -35 -42 -57 70 -36 -78
61 22 57 19 -98 -19 51 74 30 82 -31 -47 76 -64 -34
-9 44 -26 -61 86 23 -43 50 -4 7 31 75 61 -79 -53
-79 -18 85 47 84 -49 89 -39 -10 89 -53 71 90 54 -100
-24 -20 -2 32 -17 -12 -64 75 -14 81 6 52 48 -43 25
20 -83 -51 -57 -61 -90 -77 49 -30 95 -94 -62 -52 -31 34
3 65 40 -6 37 53 -82 77 -3 -5 -56 -87 95 -85 49
56 98 43 71 -74 5 68 62 63 -74 -51 -4 83 -46 -8
70 84 -84 64 -52 19 -73 32 31 -35 95 86 52 40 -43
82 -32 9 -98 -50 -87 44 5 42 -12 -56 -30 74 -31 4
17
21 38 80 13 90 88 -53 12 -65 -11 -68 -14 -94 93 -53 23 -97
62 87 -64 -28 -71 46 56 -94 65 70 -94 -18 -60 -75 19 -9 62
86 -5 -64 -88 77 9 -52 25 8 29 17 -32 23 -27 -95 -65 -72
81 -48 75 24 73 -77 22 96 -96 -42 -88 6 -60 -8 82 47 -94
-19 20 29 84 -96 24 -54 -10 -99 75 33 80 -65 15 -38 -79 88
97 20 -75 -45 0 -99 -85 37 35 29 27 -91 37 73 35 -92 2
0 84 28 97 56 26 31 -26 22 -9 -8 -94 7 -25 -34 -97 -46
2 -23 -52 69 -71 -49 -48 -2 -35 -17 35 -28 -41 66 -29 -61 47
-70 52 59 84 48 -23 -9 -99 94 -93 42 -27 -42 72 63 -77 -67
99 34 58 90 91 -81 45 40 -14 70 -48 31 67 -56 49 68 69
-24 -31 -92 -86 -50 -75 -36 -86 -71 28 5 -45 -30 46 5 49 43
11 79 3 -51 -79 -93 81 -87 -82 82 -62 33 -89 43 29 51 92
30 -4 -57 14 99 28 61 12 75 83 76 66 62 31 -54 -77 91
-28 -93 -3 -57 -32 -88 -10 -54 -65 70 97 44 53 -36 -57 21 -68
-55 80 23 23 42 -81 64 50 -48 99 -24 -52 4 -56 -33 -4 9
-66 -41 43 90 -55 -49 12 34 29 -22 -73 58 -5 36 25 54 -42
54 -75 -55 82 19 73 -34 95 -95 8 -9 -29 93 55 74 -41 99
14
15 8 -54 -41 -32 23 -25 52 96 -81 71 -27 -99 -76
17 93 -48 -15 14 -66 60 24 -55 -49 30 -100 -63 15
-45 -63 53 87 50 10 -65 92 94 -85 -51 3 94 9
-82 24 66 78 -69 91 -3 -37 62 94 -66 -41 59 26
-99 24 52 68 -89 -26 -97 -71 25 -82 68 -5 55 11
-9 -55 56 -6 -93 -61 91 2 4 -4 -40 70 80 -85
-96 -9 -6 -64 57 -42 12 47 52 83 43 71 -23 -55
-98 60 88 91 94 13 94 -25 -2 3 77 96 27 35
-23 68 10 11 82 63 28 27 -42 50 67 31 -46 38
94 1 -12 -90 84 -8 -60 -79 -56 7 -50 -74 -55 -58
-39 -27 83 -89 -42 86 35 81 65 76 28 94 38 -60
-59 -93 88 33 -30 -33 -54 -70 -58 -56 70 87 -31 9
-38 66 10 72 64 -30 -14 44 -40 -55 34 -93 -42 -87
95 -11 -70 31 23 35 -72 77 -21 -24 8 29 -46 36
13
33 -16 84 80 -58 80 13 -59 29 -61 -32 61 -53
4 54 51 -39 16 31 0 52 1 -47 4 -56 -28
-16 -42 -54 27 88 18 -99 76 32 86 84 65 35
91 -77 -5 91 -49 4 -93 92 82 82 74 12 79
25 -3 -92 76 -39 74 47 23 84 -61 29 -53 -86
-10 79 -100 -64 72 55 -38 26 -50 29 35 81 -87
37 27 2 11 87 96 13 -1 -80 86 -33 -12 52
83 -28 23 81 82 86 -76 -56 24 -53 74 -55 26
-99 9 74 -52 39 39 -88 13 24 -72 47 58 8
96 -10 41 -18 54 -3 13 -42 -32 -23 -44 -92 -55
-55 -64 -79 78 40 -47 13 -14 3 -20 -13 -87 -57
-85 -63 1 -60 -50 47 53 -11 -3 78 -89 -94 -34
42 43 -86 27 -100 94 38 53 -58 79 45 -38 23
15
6 34 48 10 24 -20 -80 -18 73 -95 -80 24 49 -85 16
71 -1 -14 39 -29 13 69 -58 -52 65 57 37 -37 -20 15
33 -91 68 0 37 -9 50 3 -67 -34 80 89 -72 0 26
2 -44 47 11 60 -26 -37 44 -66 -93 -98 84 92 -52 90
-70 -66 8 -97 76 -15 -32 -61 -98 -43 -24 98 -85 -66 -98
-89 -31 -8 -1 26 -94 -16 -46 92 -94 -4 82 -13 -28 52
47 65 -30 62 89 -59 -16 -78 -59 9 90 37 51 -20 70
9 25 28 67 -76 -51 -24 30 77 37 -29 7 -91 48 -71
75 40 73 -35 21 -30 22 -55 99 -15 16 -55 -57 -9 -75
99 -45 -73 69 -73 -50 84 49 -58 32 2 -3 -72 69 59
28 39 -42 -56 -43 -70 69 95 34 -19 -23 -80 64 84 -24
-90 -93 36 -41 64 -64 -22 68 99 -84 -73 27 -84 -87 76
82 91 -50 11 -20 -79 -37 68 18 76 38 -66 39 -34 4
9 -64 10 -67 28 7 63 37 63 23 14 22 100 -98 43
-91 -14 -21 -1 62 81 -59 -24 -86 -63 -3 -76 -14 17 76
17
-57 44 -65 -43 -18 -19 89 -13 43 82 36 94 -31 96 40 86 -82
93 55 53 -5 -9 23 -63 20 -33 -39 87 -10 8 83 74 98 100
68 -63 -86 -57 -7 -52 14 3 -89 6 92 -33 -55 -42 -69 -7 64
-19 -18 75 56 -44 -76 15 33 -39 -91 -82 41 -88 22 1 -64 4
-46 86 -89 -15 -37 47 -60 -4 -92 -28 -50 -6 -50 14 -70 100 -2
-13 89 42 -54 -39 92 -39 47 82 58 8 70 -10 -54 -18 41 53
-39 89 61 96 -65 -42 25 -92 -27 -16 51 22 1 -93 9 60 76
-93 61 -38 25 -83 6 44 87 5 86 -79 -15 44 -23 48 -62 78
-11 -66 67 -91 92 -73 35 22 41 83 -15 89 21 76 -22 -80 -86
68 69 -69 19 86 42 91 -39 30 28 -47 -94 -56 56 60 -50 70
97 83 -35 -53 -22 5 -29 -15 23 69 68 37 26 -30 58 -97 -30
26 -57 32 -97 -81 -50 -75 100 4 -71 72 76 -3 10 98 -27 -19
-29 -11 40 -42 -25 83 -51 2 -60 -58 -46 -6 67 -85 -51 10 -83
89 7 -58 37 85 -56 93 39 -87 -68 7 15 81 21 -49 79 -90
68 -47 2 -62 39 0 -57 -79 69 -41 100 -29 -20 54 71 -1 44
83 68 -38 -96 -23 97 96 -79 -52 42 -77 89 -6 -7 98 -68 -93
-64 32 -42 -2 -88 -82 -5 92 -43 -8 51 -10 -70 -80 62 96 -95
12
-15 -98 -44 -85 7 -74 -94 -63 53 68 78 70
-32 52 2 75 -28 -11 56 -48 84 -37 -42 -54
-34 -90 -93 -64 98 41 38 -89 -68 42 -17 -3
-73 -87 94 -97 -46 13 -72 -17 96 -87 -46 93
-12 -6 -79 1 -7 -8 -90 -15 90 42 -1 37
49 84 -49 -54 -77 16 4 47 12 -51 83 71
-89 -90 -22 56 -26 -36 -40 42 13 -81 65 6
18 26 -63 -99 8 13 -5 -92 16 43 81 94
44 86 -75 -42 70 71 73 38 41 -37 20 -26
-78 82 72 -64 -96 -72 32 -88 -93 -68 84 66
-46 -71 -83 -11 -38 -45 -81 -24 -83 -65 33 -47
-3 -11 -86 54 -6 -95 -74 -52 21 -83 -96 73
16
-36 -96 -23 30 16 -88 79 -61 -14 89 -38 -67 -55 3 -45 71
53 -90 -84 66 41 -86 -52 -67 63 -47 98 82 42 87 -33 8
-42 95 -99 -24 28 3 39 -21 62 -41 -48 -23 87 -15 29 -73
74 -38 -87 97 11 86 95 26 -38 31 -46 -53 46 -48 -68 -27
93 84 35 9 13 -9 64 54 90 -48 30 -25 -41 -68 73 90
81 -27 -32 -9 89 -44 4 -30 87 -97 -73 74 -14 -14 -55 82
-93 -67 -80 -15 -33 -58 83 64 -94 60 86 83 -82 -38 70 77
-41 -77 -57 38 42 -41 -37 19 72 -86 -46 5 11 -54 -94 -43
-15 21 71 -96 -94 79 13 -80 21 49 52 -39 36 -94 59 10
68 -1 53 48 93 -81 10 94 -41 66 -41 1 56 36 9 -66
64 -92 38 -27 -58 -87 49 -100 -1 -4 11 -61 97 93 30 5
7 74 -30 2 -2 -24 -64 51 -99 -2 -31 -2 -86 -32 28 86
-88 30 -48 -87 11 50 16 -99 38 36 -45 -55 44 10 87 30
-20 -35 -93 47 -80 -42 34 -27 26 35 96 -37 62 14 84 8
-58 8 -85 69 -97 -34 38 59 3 -98 59 -30 -32 32 -96 83
14 96 -21 12 -42 -73 8 83 -4 -37 53 78 -9 -37 -22 40
14
-51 2 -47 -25 50 15 58 -12 -23 -72 -71 3 -39 -45
29 15 70 -23 -72 96 -15 14 -58 -13 -45 -19 12 -18
-67 38 40 88 84 30 77 20 -44 -5 5 62 52 -70
-18 -7 -45 -50 85 62 -47 93 -59 -80 5 14 63 -68
20 -57 -48 -92 -15 -15 27 -70 -81 -71 49 -8 -23 78
11 -12 18 34 77 -75 58 -98 -47 -47 44 71 -88 100
46 76 24 -88 8 54 80 -35 85 81 -14 19 -58 -82
52 98 -76 -70 4 62 -7 28 -64 82 -58 -100 -44 96
19 32 -54 -33 28 87 68 59 25 -38 -100 -100 86 -1
-80 48 -90 -60 60 -76 50 44 43 -100 91 -60 65 39
27 85 62 7 31 25 88 -7 67 -73 -42 -37 -11 -79
52 -99 -10 -78 -70 -7 -80 5 66 65 -54 -45 64 95
29 11 93 -43 -31 -14 35 -61 19 -63 -31 63 -15 -30
73 -2 2 75 75 -11 -18 -32 92 10 92 100 41 86
10
-99 76 42 92 -95 -99 -56 81 85 -34
-69 86 -92 89 51 -90 66 -76 -57 25
-43 -54 -93 -31 92 8 1 -2 -84 -62
20 -71 -5 -54 -13 38 63 -95 -18 -57
-58 44 -41 -13 -64 -76 51 70 -70 20
29 76 -14 94 79 -42 53 45 -16 -56
97 -72 -17 98 -98 9 77 23 47 -31
-46 -68 -33 51 4 -67 93 49 -48 -11
94 44 -45 -8 -63 65 17 42 18 39
31 96 -95 -67 13 -21 -18 -67 -72 -29
16
-1 59 -8 -74 99 56 -7 -45 -49 48 49 18 2 94 -43 -34
-74 -3 -33 9 -87 31 34 -64 13 -56 -36 96 31 28 -30 52
91 -95 98 14 -10 84 10 20 -96 -91 46 -28 -13 -71 -3 -25
80 -75 -32 81 -35 24 -17 81 81 58 -73 69 -67 -97 19 -66
14 -40 -46 37 1 -54 -52 -63 -61 -21 -97 3 -66 -56 83 -55
92 -44 58 -51 75 -33 14 -58 -74 -53 1 73 -94 64 63 53
-75 67 -13 66 -91 39 -85 94 -53 9 -25 -52 -95 30 -18 -70
82 45 94 98 -9 -28 -85 8 42 -53 -8 35 -98 14 35 -37
90 -2 7 3 -67 31 22 -44 -97 75 1 -29 -33 26 -81 -87
-37 83 -79 -85 90 76 48 71 31 -98 60 -100 87 -79 78 -72
-97 30 45 49 -89 52 -50 9 64 -47 -12 33 -90 63 -61 33
-83 -5 96 4 69 -70 -31 -19 88 43 -82 -86 22 74 -56 46
36 -95 37 43 34 7 -19 63 97 58 8 8 99 -71 68 24
88 -95 -51 56 72 19 67 -36 -22 75 -88 76 61 38 86 -3
90 25 78 -65 -32 78 -52 -39 72 8 -56 -95 -50 84 12 22
94 10 -71 -31 -2 -42 10 21 66 -74 -9 53 -24 -70 -29 71
12
31 11 -65 -19 34 -24 -4 62 78 92 -1 -2
-25 -83 -33 34 -92 39 -100 87 -4 -23 -85 -98
4 18 -100 -95 -32 38 -100 -28 29 63 -12 -53
71 94 -93 -39 41 -34 -83 79 -47 -30 53 -83
-49 66 -97 80 -64 -94 -99 -94 -65 1 45 27
9 -90 83 0 -88 -24 20 42 -56 85 81 18
-43 28 9 -57 -89 -10 -20 22 13 44 -34 33
-95 -96 -80 26 -52 -88 -34 37 72 -27 -63 70
-55 -32 -59 -15 93 -64 -83 11 -15 -73 -94 -4
-80 78 -47 46 40 42 -49 -82 44 -15 77 -41
-77 -55 -2 19 76 -46 -83 -68 27 -2 -42 -5
-78 22 91 47 -16 74 -79 -29 -60 57 -83 -61
14
78 -21 26 -94 75 -27 56 -91 48 75 69 -29 54 65
93 27 -28 18 -60 -21 -52 -38 -23 -43 -88 2 -24 88
95 68 31 -91 68 90 52 -24 -44 -45 15 -98 -22 31
-53 -51 -31 48 97 40 76 -41 34 -86 -32 -9 -95 -94
35 11 23 11 -82 75 -62 -29 59 66 -8 0 80 -37
60 49 -87 -71 96 44 62 -89 37 -90 -93 40 -6 75
13 48 -76 74 -60 -3 -72 32 44 -22 51 -52 8 -1
54 2 -7 -4 41 57 -77 2 -2 -57 -5 52 8 33
-45 48 83 -7 98 64 6 37 61 59 -25 66 -59 -31
-47 34 -82 -39 -2 -27 16 -37 48 -17 71 95 46 78
-44 -45 56 5 69 13 -75 90 -8 34 -64 57 50 -85
-19 -76 40 -41 -92 -14 100 36 51 -95 24 -46 7 27
-27 66 -71 -17 -66 14 27 18 70 -54 25 53 -93 -71
-77 -35 12 -81 49 86 73 -79 76 42 53 79 -94 77
12
-41 -100 -67 10 -36 48 30 14 -63 -44 -63 33
26 -37 -78 -10 11 -63 97 42 -77 -64 -65 -50
-14 77 14 86 3 -55 -34 -71 9 -10 -43 -71
-2 38 -20 12 76 23 -99 -86 -13 14 -33 -26
91 -64 57 90 -3 48 95 -41 -50 -46 -76 19
-66 -98 3 35 -71 -95 -63 81 -3 58 -6 1
-91 48 -21 -82 -11 -3 46 8 -81 -13 5 68
-48 -66 -60 37 -89 -45 78 -64 56 76 0 87
-57 -57 17 -46 7 95 -100 49 -19 72 -62 84
-52 -74 94 -29 31 -30 55 4 42 -50 -20 98
-87 71 -49 -96 52 -8 -83 -22 -57 17 16 31
90 -93 -41 76 97 90 2 53 -42 -79 -17 -90
15
57 99 -95 51 52 -28 -71 73 -20 -92 89 -32 -19 -50 -86
2 60 69 55 -70 -78 94 76 94 4 12 7 -97 57 -65
-61 -47 -90 -31 18 -34 96 -73 -6 77 -36 44 38 -38 -97
28 -36 64 6 -72 -88 -49 -11 -37 43 11 7 32 -2 -94
-93 96 -74 38 62 -85 -76 -74 12 -26 3 -14 -14 54 96
69 -23 -60 41 60 -9 -62 83 80 60 29 -32 -42 65 24
86 -15 -93 70 76 43 42 59 -64 -41 23 -94 11 -89 -97
48 -93 23 -56 -42 41 -16 99 -52 -62 -46 -23 -69 31 15
-34 -12 56 76 -8 42 -74 21 0 40 100 58 50 -62 34
-100 45 59 16 -71 18 57 -50 82 -48 -38 -53 -60 -79 -20
-86 -87 65 -100 86 52 76 89 -91 77 -62 -100 -17 -53 -44
-95 85 9 -15 22 -70 51 63 -93 -4 -77 33 -95 95 36
59 39 -62 48 -20 71 44 73 15 -80 -86 12 -36 -51 -28
30 83 -15 -18 -73 -12 78 60 32 40 28 -3 57 -5 87
81 81 -77 -42 -92 -90 -90 -3 -4 -93 21 91 1 99 -61
14
-9 87 23 -80 -39 -49 -8 58 -40 81 -7 20 36 20
3 -29 -36 -69 -97 -78 -55 67 63 -63 61 -35 -7 20
-72 56 -93 -16 -97 38 -2 -29 79 62 -50 -44 -5 71
-38 57 -80 -40 79 7 -50 -72 78 99 52 6 68 -69
91 -25 0 -5 74 45 -6 -96 -3 74 -90 97 76 73
74 90 -45 32 -32 -92 -88 -1 -25 -26 14 -3 -17 95
17 -21 12 90 45 69 -4 25 33 -77 78 -100 -44 -91
3 76 -43 -20 22 -26 56 -32 -53 61 -80 7 -62 17
-8 -60 30 -67 54 -34 -49 -39 78 -88 -39 29 79 -29
18 -19 -46 -3 81 27 26 -44 -49 -21 -46 -80 -77 -11
96 -83 -99 -25 41 91 25 -73 11 65 35 -99 -17 8
-5 -52 -94 -25 62 -28 -84 55 88 9 -5 -25 -76 -64
54 9 -16 -15 -38 51 -40 25 25 -17 53 82 81 14
60 32 10 -49 8 -53 -70 25 -98 -99 88 44 -55 -19
12
61 32 20 -21 -77 31 -14 58 79 37 -38 26
57 -22 -27 71 -98 95 67 33 -48 8 -85 76
-90 -11 73 57 -56 48 27 69 -85 -29 89 13
-18 46 37 -97 38 28 -75 48 44 -98 64 69
98 27 -51 -33 93 7 38 -73 -34 42 -89 61
-93 16 -86 58 41 -76 -40 22 36 15 73 79
10 -95 -77 63 -79 57 71 41 -17 98 93 -10
-58 -44 -9 32 90 -32 -22 -29 -12 76 65 43
81 -2 25 -9 -96 40 -100 -80 -7 28 42 96
-90 -78 1 -56 32 91 69 -68 2 53 -41 57
-85 -72 -64 -93 -81 41 -99 -57 -26 -71 -42 -73
-17 -100 5 84 -11 -48 60 -45 14 17 -72 -26
10
26 2 75 65 16 -37 -1 43 -59 27
36 13 -83 43 92 62 -82 38 19 -84
-55 2 19 84 85 -70 -5 -7 21 -74
96 -89 21 7 27 81 46 33 -2 -16
15 -70 19 -16 -30 -89 33 93 25 -18
-44 -92 -50 -63 20 70 56 93 -57 -42
-15 -95 95 39 -77 -24 14 42 22 -83
51 -77 86 -53 -27 19 -61 -18 -3 28
41 37 -28 93 -96 4 -45 81 -43 -8
-3 -55 -89 -71 -21 21 6 -100 -7 -70
10
93 -68 -73 52 67 13 64 -17 -88 62
-28 -29 68 25 95 -50 -69 -28 -90 51
-49 37 75 62 -30 3 -4 -5 -69 32
62 62 54 32 -98 -98 -25 -84 43 -13
-82 -80 21 41 30 -25 71 -81 39 26
-50 -83 35 -8 -38 20 52 -89 88 -57
61 48 41 87 -64 58 -86 -31 -53 18
-55 16 -34 -58 2 -36 -14 50 16 -43
-28 -37 -42 60 12 -81 -19 75 33 56
-32 -46 -92 -86 -94 17 30 -6 100 5
12
-28 48 47 80 -77 86 -81 61 35 -44 -83 71
10 -45 6 -92 28 -24 88 51 -60 -31 -94 -95
-60 30 -75 -6 -55 -86 -98 -79 99 -59 -65 -3
48 63 -94 -3 -60 80 65 -86 14 -97 62 82
41 -86 -83 -2 -95 -75 -49 -38 -45 63 68 -13
65 -96 -36 87 -85 -78 37 48 57 11 92 -96
-27 81 -74 -18 -86 7 7 100 -93 28 30 -71
85 -83 -84 -43 92 54 -96 -66 -17 -92 -89 79
34 93 73 15 -14 -99 -44 86 61 -96 -40 -47
-64 -67 -38 -11 -89 -70 -3 -12 98 92 -77 -43
-41 76 -52 79 51 71 91 -64 -6 -11 64 -81
99 54 94 -33 68 -45 62 -3 -4 31 -81 48
18
-66 -62 -81 -90 -15 59 -99 86 -19 -1 85 -31 -50 -91 -88 -47 -73 -18
80 3 -29 -41 90 -24 24 -4 85 90 16 -83 -50 -32 42 -1 34 -35
12 74 -33 -75 -42 50 -77 -43 50 76 -51 33 -41 -87 51 31 30 -61
-55 -29 -87 -2 -51 65 -36 -42 11 -75 -38 -19 -28 -35 -75 -93 84 38
100 42 -51 -25 -92 21 12 -38 -70 -8 -72 -95 -56 65 92 14 -25 -47
77 64 -72 2 41 -77 -40 -23 -27 28 73 -100 89 -92 8 -74 63 -95
-7 -94 -21 34 -93 -9 30 -91 -68 15 -61 -45 95 34 -70 61 -91 -24
-23 6 -76 -73 -1 8 -55 31 98 39 -38 41 -65 22 89 -43 9 70
60 55 14 48 -69 0 -33 66 -6 -38 22 -40 100 -44 -93 26 50 -78
-30 40 -28 -52 -29 1 33 36 92 -42 -21 59 27 24 -66 16 64 -92
91 -13 -55 -78 97 42 8 74 31 -28 41 -43 85 -16 -82 -75 -95 2
-29 90 59 -92 15 59 -23 18 -20 -40 38 34 -33 -11 -3 99 80 -58
-81 17 66 -80 -39 -92 60 -87 49 -61 3 53 68 -23 -4 100 -10 26
6 19 -9 -3 -46 90 -70 -1 -29 36 -69 64 -12 -83 -18 -23 -67 20
-41 -59 62 79 -90 -8 79 21 79 -90 -82 35 100 1 -78 -14 -73 -17
-69 89 22 100 89 88 -75 77 22 -80 -3 68 -36 -89 -11 -4 -31 48
-96 -40 33 44 -16 -42 -33 68 -79 75 -14 -36 -53 -42 -53 -88 -75 -15
-73 18 62 -45 55 76 -66 55 34 -49 47 -81 -43 -50 -95 55 -13 -25
17
65 -6 -61 44 -56 -53 -90 -49 94 -88 50 86 -94 10 58 -93 -38
51 -75 -45 29 26 -85 -84 72 77 -63 -7 -75 21 -73 4 2 99
4 -76 -38 -98 -36 20 54 52 -29 -92 -53 93 -32 57 -29 -76 -78
-22 28 -81 -9 -20 94 -36 64 -85 -52 -54 -70 84 93 70 -81 12
-54 10 -63 79 -29 -49 50 -3 -40 49 66 69 74 -95 24 -85 4
-27 -23 54 -72 -63 22 -36 -50 -44 -82 94 10 -9 -34 95 -59 7
27 -13 -20 -15 -78 -68 -37 -60 74 -23 -100 34 -92 -6 -33 82 82
86 -89 -23 -54 28 -96 85 -6 93 47 -37 84 72 15 79 15 43
-44 84 88 -84 -87 99 17 -52 -25 16 26 86 40 28 100 50 -14
18 72 78 85 -51 3 35 -27 -46 -48 37 48 92 -9 99 -2 -52
92 55 -83 12 42 -20 -25 -91 -79 -36 33 6 -15 44 -10 3 -18
-66 48 28 -3 95 38 -75 -46 -42 -3 3 70 48 78 -22 34 77
-41 -69 -80 -60 -50 -17 -84 55 62 89 -99 -80 64 3 -5 -12 -62
-16 13 -18 29 -48 21 -30 -78 1 -7 -67 -80 -21 -26 -39 -9 -50
50 10 -40 6 24 1 46 -68 2 -86 -83 -40 45 74 -74 76 86
-37 -90 49 0 9 -11 -70 -27 -63 58 -20 -14 17 25 -87 -94 14
49 -11 -37 -67 -18 -50 88 -35 -92 43 44 69 -41 10 65 -37 -12
13
-18 42 -22 -38 -26 -57 -31 -25 -81 -79 -77 18 8
19 -85 -81 -23 -95 48 28 65 -52 -98 -57 -86 -40
40 28 -96 -12 -57 62 -85 72 83 69 33 -79 -28
-59 -2 88 -69 -95 99 -45 6 81 2 14 -50 -35
50 29 76 -47 13 46 51 15 42 92 -5 84 -1
-5 -74 87 43 65 18 -83 27 0 28 59 -46 76
-10 -5 -2 85 -56 -81 -46 28 -6 -66 -27 -68 -35
-70 -77 -13 62 55 -76 -67 47 80 39 -6 -87 35
67 -50 89 -33 80 -54 0 56 66 -72 97 7 -32
32 52 -97 86 59 -16 37 -84 79 34 0 7 28
-66 2 29 -53 -38 44 32 68 -5 -17 82 63 -48
-52 -75 69 33 49 -12 83 50 76 0 -38 15 29
37 96 -27 -20 77 -56 -14 93 -8 -25 13 83 -54
16
-51 96 43 -48 -72 40 -69 75 87 -28 -31 -77 68 -47 73 -79
47 19 -15 59 -49 -22 8 -20 80 -45 -60 -47 10 -46 -11 -87
-28 74 -68 87 -71 -87 -2 10 77 49 86 93 -27 89 -3 -84
-37 0 62 41 14 -29 77 41 -15 -91 43 -33 -2 48 -87 -15
-77 6 65 -50 -35 76 -61 94 -22 14 -12 -74 26 79 74 3
12 92 -96 -20 60 6 100 47 12 66 -33 53 -84 -65 -18 39
74 84 41 16 56 44 48 -9 98 41 -9 -33 -72 -13 -17 -43
-70 94 17 99 6 -67 72 55 -40 92 62 -56 36 73 89 -94
-54 2 -65 0 38 46 98 49 20 97 -26 -47 38 -8 61 94
63 -47 86 12 -85 -88 -4 -42 90 68 86 22 -76 78 -18 92
40 24 -66 -74 -9 -60 -22 71 -15 -67 74 98 -78 -45 26 15
3 -42 85 3 60 15 87 -10 -22 92 92 45 52 -16 -47 75
40 -24 -6 -78 -44 24 45 67 -38 -99 29 -80 65 66 71 -66
22 32 94 71 -87 -82 -29 -75 42 79 -92 74 -52 -59 23 21
-31 55 92 58 -57 79 36 -91 -31 0 83 -89 -54 96 40 -89
-56 19 36 -6 94 -78 -87 -20 74 -62 -26 -75 8 -53 82 -74
12
-93 -59 -70 55 23 11 33 33 47 -82 37 69
35 88 63 -67 -45 -66 72 2 52 93 81 -45
-32 -97 7 21 -2 87 -47 -95 -89 11 27 3
-20 8 25 -45 92 -34 -97 -1 3 -24 85 27
14 -83 20 77 26 48 -71 -36 91 5 -87 8
32 16 49 -16 98 -49 55 -70 77 -9 34 94
-22 67 46 -95 90 86 -31 48 -48 28 -34 -69
91 -95 3 10 -86 5 -81 43 -55 -91 -20 -98
-52 39 15 2 -80 -74 48 29 60 -4 59 55
98 7 100 83 35 -63 54 44 -90 84 65 -74
-75 64 -72 86 -69 -23 -45 -63 -12 -12 71 72
53 25 27 -87 83 -96 23 -48 -81 83 -4 -72
16
49 3 18 -30 -62 22 -21 -57 21 95 -39 42 -34 -11 -64 26
-46 -64 34 59 -7 6 -13 46 50 47 100 23 32 -96 20 -68
24 11 -100 -25 100 -27 -73 -43 -3 79 -5 35 69 -30 27 -96
45 18 -72 43 71 -43 78 -48 -68 12 79 -58 -45 79 -53 51
0 -26 4 -5 -48 -82 -5 33 44 -95 85 84 15 -96 -87 -60
12 -37 -33 94 74 -92 0 64 4 -20 31 82 -21 -94 71 -63
79 67 -7 -85 69 34 14 -37 32 -82 13 56 17 -20 -28 -80
-22 -71 36 58 25 33 27 18 -19 78 -33 -91 -37 38 13 91
58 -79 -39 78 19 89 -81 -66 -48 71 -28 -23 21 10 -74 98
-48 42 98 48 33 -82 11 41 -86 2 42 -67 99 -89 -67 -47
98 -27 -12 -61 -100 -25 -88 -5 -50 -71 -39 78 100 40 6 -46
38 -45 -66 56 61 8 100 -76 9 -82 33 -39 16 82 -99 -13
7 -13 85 -14 -80 -80 -94 -80 20 89 -29 7 -52 -24 -19 -93
81 -8 -67 -62 -69 -66 89 78 -72 -21 -61 15 87 49 -33 -53
-41 -90 88 -5 -51 89 72 20 68 66 -57 -8 60 -75 -24 -9
57 -2 96 -66 71 -71 3 -85 99 56 -24 -81 -38 -81 81 -15
13
9 -89 62 -38 60 34 -5 16 -52 61 -18 -58 -33
68 -74 52 44 -36 -70 -54 -90 15 40 -60 4 -50
25 -84 -46 -60 -86 -48 87 -91 30 -28 -87 19 14
78 62 88 59 40 59 -42 54 -92 -98 -57 82 2
-53 -99 -85 -63 -61 -77 -53 -27 -28 -45 -18 -56 100
55 -7 76 5 -37 27 90 58 -96 -3 -68 -91 61
-54 -35 47 13 -100 -12 -34 -69 6 -39 -5 84 21
10 29 0 85 -28 -25 -74 37 -2 -4 -24 54 16
98 10 -74 29 -94 85 34 -81 -93 87 -18 46 7
94 42 -20 83 52 3 85 98 -15 -41 -49 -82 84
52 -15 37 -90 -39 -51 19 77 -19 -98 -38 25 -60
-52 13 -52 64 -59 35 -15 26 -38 -17 99 85 8
77 79 76 67 29 38 -38 -17 -82 32 90 -65 52
10
-48 -56 20 45 -21 -50 26 -1 -7 -67
3 16 -62 -4 -72 -45 44 -51 15 -50
-69 31 -31 76 -100 59 -1 55 24 -22
-60 -51 50 -74 -20 -9 -85 -15 -66 69
-87 -75 -74 98 18 -98 -14 -83 -80 -25
-29 -39 55 93 70 -3 -28 -4 76 35
-17 15 35 34 -9 75 18 79 -28 -60
18 -74 18 91 60 -96 83 -66 -90 19
56 -37 -69 29 -54 -96 -51 -24 54 -8
15 72 -43 -45 -59 72 -13 27 95 71
20
-63 53 -74 60 -90 -22 -29 -39 59 20 -19 89 73 -9 5 12 78 16 88 19
-30 96 -90 37 94 66 -66 62 93 86 69 11 -19 88 -85 -32 27 -88 5 7
76 -61 -86 25 -1 -76 -41 79 81 -90 61 -98 42 15 93 27 34 -56 -87 7
13 -58 40 22 72 -93 77 -73 -52 -48 29 -21 -64 7 51 71 -10 61 -4 -33
-81 -95 -84 -54 93 25 -35 59 82 32 -25 -93 32 -49 -28 84 78 -71 9 -35
16 -38 -69 89 -89 93 -36 -56 51 37 -12 -98 -33 -61 66 60 62 38 -77 43
16 35 8 -63 95 100 -46 64 -66 -75 -49 82 89 -88 61 -37 61 13 61 100
-74 -92 -27 37 -58 18 -49 -13 -96 6 -22 43 28 -11 4 13 -11 0 44 74
0 100 -12 15 -70 -82 -16 -18 36 -15 -87 50 -4 14 -63 -43 -68 5 2 23
1 23 -21 -35 5 -24 -79 -67 -18 -54 -42 -55 -56 -27 15 75 45 24 23 50
0 63 -61 -44 52 -99 13 -18 -98 94 -89 81 -44 -61 95 -89 98 -47 81 89
-12 -49 44 3 -19 -8 83 -3 95 -14 98 26 -85 -88 79 -50 -68 84 -84 -82
-16 -30 91 -73 -17 -86 -9 7 -7 -82 98 -38 6 -8 51 -9 53 -22 -27 -41
-11 28 47 54 53 10 -32 -6 -4 65 -40 60 24 -14 -57 -84 -27 85 93 35
12 -29 49 -56 -47 -11 -85 -100 2 -17 -19 -35 83 -79 10 -8 -31 7 -35 -89
-94 -12 -45 -91 51 -73 57 14 89 27 94 -36 -91 -73 -94 58 22 79 17 36
-86 -4 -30 -27 42 -81 -13 49 -10 64 -5 -78 73 -5 -6 -93 -40 -21 8 -45
31 29 -1 5 3 72 -29 -71 77 31 -27 45 69 -72 84 70 96 -60 -98 39
-1 72 89 66 -73 58 78 41 -8 -87 -4 -30 -73 -93 -51 -27 54 19 58 30
90 -76 -67 -93 -5 68 98 57 10 -81 -78 -61 61 -86 -76 37 -61 -70 -32 -27
15
-75 58 -35 85 -98 95 -82 -85 46 41 52 -14 -92 37 39
-15 19 -83 -88 -43 66 -64 3 53 -79 76 -52 40 63 26
46 -16 -88 -29 -36 76 60 56 66 -91 -52 27 -14 -44 -17
15 -60 -3 -35 -77 91 -17 -40 -77 -95 -100 -78 -99 80 57
-15 36 66 24 -61 -32 56 61 20 72 63 57 -2 -25 85
84 -90 57 -53 -21 89 31 -90 64 -16 -10 -73 88 -10 32
6 97 -12 74 -64 -81 44 -30 -36 -35 -42 84 -44 -94 -17
-67 -43 18 -15 14 83 -45 70 -22 -52 34 -43 13 -2 -37
18 -88 76 47 -82 57 60 -10 -76 -50 -17 -46 -58 30 63
69 -1 13 36 82 -59 -66 -21 44 52 46 -15 -24 29 -22
48 -24 -35 56 -31 -71 99 -88 40 -74 -86 -10 -74 81 -96
68 -54 23 -71 93 -2 77 -46 43 -56 -73 48 49 -93 -1
27 25 -18 -91 -85 -99 94 26 2 -80 -84 -7 -97 -33 -8
91 -91 97 -24 68 -68 -40 -5 -19 74 71 -45 -23 -58 -98
-77 -19 -38 -96 56 -35 32 -25 31 96 -78 86 -3 -93 48
13
25 -3 11 -41 -81 -91 -85 46 -8 90 -52 -52 63
36 -31 23 13 -11 59 60 -61 13 -60 -84 -61 72
-97 76 19 34 -76 72 -61 -54 -50 65 99 24 83
91 -83 87 -9 18 -79 79 -61 -3 51 -88 58 82
-61 79 55 49 -52 51 -25 13 74 94 55 92 35
25 93 -29 44 62 38 86 70 70 89 100 39 -28
-22 -11 -29 -37 76 28 -48 64 5 2 33 12 43
71 17 -3 -97 32 -90 -84 -9 -8 54 -85 79 -65
61 44 -45 -8 27 -16 98 -9 89 -96 84 -87 -56
10 1 -73 -88 -56 43 -31 -31 -49 61 -20 49 83
-77 28 33 -5 14 90 62 45 -33 93 -27 -77 79
-98 -7 78 6 87 -91 -28 19 0 -55 -20 -67 -71
-74 -90 22 23 -6 -78 -17 49 -69 38 33 -57 29
11
84 -84 -14 55 -74 -91 -53 57 59 64 46
14 -33 2 -90 -26 8 -97 -65 87 -4 -23
75 -64 -65 -8 -93 -26 -26 100 -81 -80 -16
-46 18 -49 6 -66 26 -14 79 -3 59 43
74 3 41 10 68 32 68 -45 -99 -87 81
-40 -82 20 -35 -62 33 -56 -38 0 -90 24
-75 -93 34 78 -75 -90 86 -97 99 -48 -57
-35 -24 -57 -94 -13 -69 -28 -16 -19 -84 8
-54 -31 -52 93 96 67 -8 54 -87 -2 -69
54 14 91 31 -83 -11 11 -35 -22 -88 -46
-42 68 80 52 82 -49 -62 31 90 99 -29
17
-65 -30 -46 -36 -98 -65 -23 68 -73 0 67 -50 -78 -82 -11 55 84
85 35 -10 79 -47 74 -67 31 28 72 -68 -93 -3 -60 -38 -36 -40
14 62 -9 28 20 -93 28 83 -15 22 -12 70 -45 -53 49 -70 -49
85 52 70 -20 -49 -71 87 72 52 -55 90 38 -72 -52 1 48 -70
-92 -96 -8 -6 29 11 14 -66 31 68 -73 -52 23 -62 -45 -94 -4
72 26 -18 -24 51 40 -41 57 33 -46 -13 71 97 -82 36 -43 -87
96 -13 -59 -74 3 55 -61 60 -24 -70 -30 99 -75 2 -55 -10 -90
-3 -87 54 -36 50 -41 -92 -12 -4 22 -73 17 -69 -56 -43 -80 -80
-36 89 76 -49 -70 -76 69 -35 -74 7 -87 -22 -85 -66 -72 -38 19
7 91 55 39 -91 18 -25 -54 30 -51 -18 -3 24 42 -94 93 -21
53 -90 -85 -62 85 92 10 93 24 -9 -27 70 -85 -28 -64 -100 94
19 42 22 96 -64 81 -44 11 -90 -96 87 44 -84 -8 -49 -11 58
69 72 58 78 83 35 -34 -25 87 -87 23 95 22 -3 23 88 -39
83 57 91 11 50 90 -11 -76 -50 -45 51 -20 -9 2 89 53 28
17 -79 -26 49 75 5 65 43 -19 21 64 -6 -24 9 42 -80 -33
-9 52 -12 -61 24 73 40 -61 3 -20 -100 -37 -88 1 -46 -50 -45
84 -33 -28 -29 38 -49 95 -95 -35 -73 14 -86 -78 55 -40 -28 76
17
-68 -36 12 -16 -24 7 -97 -68 83 -85 -27 -97 -44 -54 -58 -86 -39
24 -93 -39 68 34 31 43 37 18 -86 -47 -90 10 -56 -7 84 4
15 -35 -26 -1 55 -29 -25 -32 83 -64 29 94 -62 13 97 -67 -10
-51 -28 75 -9 20 -33 -41 -77 -74 -44 -1 33 17 -35 -58 63 68
-75 64 80 -37 55 -81 -61 -33 -53 3 -5 2 18 -14 100 -40 6
-34 33 91 64 -10 -41 45 -52 75 72 26 86 -70 4 24 7 63
19 -4 -21 -69 78 28 -58 -60 -74 -31 60 -84 11 64 -83 -30 98
57 -1 42 77 -5 -48 71 80 -39 -32 100 -51 25 30 -8 -55 17
26 -65 33 91 -94 39 -70 -28 -33 -51 -13 -26 24 -90 -71 29 87
77 -75 -100 -54 85 72 49 -42 20 -2 85 -76 -9 31 -43 85 56
-92 8 -50 10 82 -43 20 17 -5 77 -3 -51 46 -86 52 -83 -32
-77 19 30 -37 62 -75 -66 23 19 -59 -54 -35 27 35 -57 99 -35
34 -21 95 69 60 -52 15 -23 1 -21 -57 -52 89 61 -37 -84 41
-3 -25 -63 78 13 -57 18 -88 -17 90 -87 -32 52 -31 -29 23 46
-91 -55 67 -15 -59 25 -6 30 -75 84 -94 -88 -98 -13 -74 6 37
-20 70 4 24 -74 -38 -54 45 74 -2 -63 -60 -26 70 -13 85 -85
55 23 56 78 68 44 48 0 -77 -16 27 -48 -3 52 -73 -27 93
20
-52 -38 15 23 -45 26 -76 35 53 72 -57 -68 85 -48 6 46 53 -5 33 71
34 90 53 -36 43 76 7 83 -98 -5 -26 41 31 -69 -23 -85 -61 27 20 -11
-21 -74 41 -80 73 -24 -7 58 14 32 28 8 -13 16 -52 -72 49 -15 81 26
-74 -99 -76 -89 76 -23 -89 -31 -78 57 8 93 76 82 59 -75 63 -51 65 -70
89 -16 88 90 -43 13 -1 -37 -22 -29 -46 86 -59 -37 75 69 -52 81 -83 27
49 -81 28 25 -21 33 -49 34 75 40 22 -87 2 18 90 -13 -34 79 -38 42
13 51 37 63 -16 -44 -6 2 53 82 37 97 -7 52 -4 -22 -63 76 16 44
-68 31 32 91 99 69 -95 -96 -40 -17 75 -72 66 -30 35 28 91 -76 11 -73
-85 -99 -29 51 -61 20 -47 65 11 44 36 36 81 -48 82 64 -90 29 -22 -87
93 46 -74 -40 79 95 98 -20 -2 -69 37 -17 -85 55 50 -56 60 63 55 -76
-85 -100 65 95 -68 -27 90 68 -57 -98 -64 -64 -41 -54 36 46 -94 47 62 75
88 50 -60 -7 -43 -99 -81 46 -38 -71 56 -64 70 74 79 -28 53 -5 51 -2
-58 -57 -74 -29 -58 -19 80 17 42 -22 30 65 -20 13 -5 -5 37 96 -87 -61
23 -27 61 68 0 66 -63 -22 21 -64 79 -32 7 -76 -31 59 -66 86 1 60
79 -59 6 -91 -72 -39 6 -79 -44 0 -72 -27 0 -98 33 100 10 74 -39 64
-48 -49 47 9 17 5 -58 -32 -16 19 -12 86 -24 40 65 54 -91 -68 -35 -81
1 -18 47 16 67 41 -95 -19 -87 57 36 85 22 63 -37 90 -20 -47 -53 -39
-100 61 96 -34 -24 7 -50 -67 -29 21 -23 -38 88 -27 55 -39 -57 -96 -81 -33
31 6 92 -17 100 35 -89 -72 99 8 -61 29 40 -36 -61 58 -65 54 -94 36
100 46 32 36 63 25 46 63 15 42 -21 -55 -22 -31 -21 -84 86 66 84 25
12
24 82 32 -30 -95 36 11 79 -3 -75 93 -90
11 -49 -58 28 -93 -53 87 96 -76 74 -65 -13
27 -88 45 -42 -70 65 -98 91 -35 91 12 -62
65 -84 -80 -23 -53 20 -95 -88 36 -36 0 -94
-67 -28 -65 -74 73 -58 31 32 -74 89 94 40
23 -99 -34 -53 -81 -78 63 99 53 -32 -40 -68
70 -94 62 -77 10 12 8 -47 68 -14 9 -91
-40 -11 -84 -18 49 -56 -93 67 88 -30 -42 21
4 61 56 57 -69 37 -72 49 -41 38 -56 61
50 -61 13 23 38 -47 -37 -10 91 54 72 -15
31 64 33 85 -98 70 -93 -25 -23 5 1 46
91 61 -69 -26 80 41 -5 85 48 42 -20 29
19
-37 -69 25 -61 -79 -70 -94 48 -98 44 12 16 40 -69 -12 -79 -23 -4 46
-5 -32 67 30 -54 27 66 96 35 40 72 -57 -74 61 91 84 15 -17 -93
43 76 -16 -87 78 37 -75 15 21 19 -74 -76 -65 79 16 -3 -21 84 93
-72 -1 -76 4 84 -4 -27 84 -46 -37 -90 16 -5 -23 -46 -55 -3 11 -78
80 -89 82 97 98 98 -95 -79 91 -87 -85 84 99 67 -61 -24 68 57 23
99 -15 -47 46 90 -78 53 -93 -48 -12 -44 -69 93 -11 5 39 34 68 41
85 -46 -39 -21 -34 21 -50 -29 -20 45 26 -75 -35 -98 -39 -94 -8 -3 -87
24 63 -9 -16 20 -49 14 91 -71 -95 90 64 82 36 91 -21 -52 -12 48
58 53 -25 73 68 -62 -75 -46 -27 77 24 98 96 -86 -5 82 -29 13 -27
49 -61 -65 -22 82 -70 -96 -8 -1 -28 21 -23 29 20 -45 -54 -54 -93 15
-99 -82 93 -58 74 15 51 -99 -16 90 73 8 -3 0 -33 41 -60 96 0
-57 48 -87 70 68 -25 -68 17 3 -67 -18 -37 -48 81 -72 -75 94 75 -88
-39 25 22 -43 91 93 39 34 -64 47 -65 79 -60 2 -44 64 71 17 -63
-29 65 64 -88 80 -5 77 11 72 17 5 9 -43 -40 -23 24 22 -31 -12
-85 -35 -95 54 9 0 -12 12 -79 -31 87 23 99 96 -2 71 -10 26 -85
-21 25 71 71 -9 -5 -7 5 92 -24 -64 48 57 33 94 63 -89 24 43
62 31 41 93 29 29 -26 -48 53 -94 3 63 -66 -18 -41 48 45 84 21
-94 34 69 38 23 -24 -96 -36 64 -73 59 41 24 -100 -24 -12 75 74 11
73 -4 38 64 -45 -46 -22 -82 -67 37 -16 -90 67 -57 -78 61 -8 -7 79
14
80 62 -58 41 96 52 33 90 -82 81 26 -30 90 67
-17 10 -3 31 18 -76 -73 96 -75 -29 -73 -62 -16 -38
-9 13 29 -75 22 -13 27 92 -42 -96 -22 59 -77 23
-12 -46 -40 100 -92 94 -68 82 7 -40 -77 -69 72 -98
-44 -100 19 -65 -40 -17 -33 -91 -20 28 35 -15 14 -47
17 70 83 -17 -55 -45 -42 -73 66 -66 14 -63 -10 -13
-1 91 -88 -18 -94 -77 64 74 -81 27 -98 -21 92 -26
16 -95 -21 38 43 6 -47 -74 61 16 -30 -2 86 -45
-37 -67 -98 49 16 -71 -45 34 88 -5 -90 71 3 -1
22 72 -6 -52 -22 -89 81 69 -32 58 21 -4 -22 -25
-53 -78 -83 -66 36 26 74 37 44 -95 76 22 84 85
-79 88 33 -96 62 -98 30 79 -35 51 52 79 86 -88
-29 -30 76 -1 -48 65 -19 -49 25 -61 17 10 -13 -63
-82 40 46 80 6 -52 50 -80 67 67 66 -6 -48 -43
16
-9 -58 67 -26 90 81 -78 50 54 28 73 -49 61 17 -71 -73
-30 50 32 87 39 -97 6 53 -31 86 -61 80 -96 67 -43 -21
-84 -6 19 33 70 -81 -55 -82 -55 -97 9 -69 -94 -3 -15 72
21 64 90 -66 -2 95 18 -31 31 -89 -83 6 23 -84 -97 -33
68 -8 45 -86 -22 -18 -65 46 98 31 52 -14 -100 41 -35 9
-68 -98 -1 3 -87 0 7 -91 -71 43 87 -24 -71 83 89 36
-92 64 14 -80 -94 7 -38 0 -60 0 -92 -9 87 -33 -23 36
-76 -56 1 -77 89 51 -62 -65 -72 -72 -53 62 58 72 -91 -82
41 -32 80 68 30 -21 -18 -93 6 60 -71 -37 -89 59 -93 -78
81 -87 65 44 -12 81 68 11 -59 92 -38 86 -91 27 -63 30
88 56 7 -47 -8 26 -14 84 37 70 -3 73 99 -58 14 41
-91 93 31 92 41 66 12 1 8 1 -14 -85 70 8 -63 -1
-4 57 -51 -1 -85 -11 59 -20 62 -81 -57 34 -52 57 38 -23
-98 -13 58 57 -76 74 -63 58 -59 -77 73 -33 52 52 -78 40
-96 -23 -50 87 -80 21 -10 65 -95 -1 -10 38 -22 98 -2 77
29 44 -28 -58 -21 61 73 64 11 -85 68 95 59 -7 -67 10
16
-74 48 -6 14 -4 53 -5 -96 63 -6 51 -40 36 -85 -10 68
-24 -99 41 -97 57 -20 -23 73 -4 51 44 59 -67 -51 -79 -76
25 -84 91 -55 -32 51 86 27 -80 68 -24 54 43 -14 -3 -6
-54 4 -33 -95 -86 -98 15 -21 61 -99 29 1 -58 58 95 -69
-96 -2 -95 68 49 45 11 -71 15 45 27 75 -95 54 -95 13
6 -78 91 -74 -76 46 33 -3 71 -61 -78 -100 -72 61 -98 -33
59 16 -46 33 12 75 9 -18 -55 8 -56 93 -63 -32 -52 -47
94 -60 14 82 45 68 -70 -85 -16 -96 20 -93 -20 -90 29 -66
37 6 -81 -58 47 -53 -100 -37 66 21 54 64 56 -76 -24 -65
-19 -4 42 59 18 29 81 -32 -97 -35 11 -76 95 -50 2 -59
62 11 47 -70 7 60 30 -86 50 -73 -56 -81 10 6 -79 -15
-82 -97 -19 20 -14 -28 -96 14 -55 -70 -42 25 4 1 99 -55
73 87 -39 17 69 10 80 -89 -43 82 51 -54 -87 5 -19 -77
60 65 -58 -6 90 -74 -31 62 -76 -13 -16 -25 67 18 7 62
22 -23 -27 -56 38 -59 11 17 -47 61 92 -17 23 -6 35 48
94 -2 53 -21 91 -39 44 68 -93 -10 -75 -56 -68 82 47 -92
12
-96 -31 -86 38 51 45 -4 -6 -11 -1 91 75
-63 93 -47 -83 60 95 -67 14 -33 -31 82 -82
-13 -73 -66 23 76 100 57 -22 -100 -6 70 80
93 42 53 36 -46 52 90 -52 92 62 38 -10
-51 -93 -92 39 12 71 -72 99 42 -99 40 -57
36 -98 -75 67 -55 -49 -21 86 -97 -87 77 -89
93 34 -80 46 -64 -97 -8 -53 42 3 8 84
-23 -56 -88 5 89 -25 50 41 13 64 64 11
-73 87 -35 -13 66 -88 96 98 78 -84 52 -36
-82 77 28 44 67 -4 49 -86 61 -22 1 -53
-47 -36 -59 -30 -72 -62 98 54 61 67 29 56
23 -93 -72 -39 83 45 31 98 58 64 -66 84
11
90 -82 74 -62 95 -100 -46 -29 4 -34 11
7 18 70 -74 -47 -55 -68 -50 -47 64 12
48 -50 -42 -56 -71 97 6 1 -19 54 57
39 71 26 47 81 5 21 -27 -29 -7 -33
33 -61 -78 100 67 4 42 58 48 5 81
-66 49 -73 -41 73 5 -39 -64 48 -24 -17
88 45 -83 -7 29 -99 -3 -41 -82 53 -2
51 -28 -93 -40 13 65 -73 81 86 -48 53
88 -81 42 -56 4 -64 32 -31 54 99 -39
96 -27 27 -40 -5 3 84 -7 -90 62 91
-55 82 -74 -9 -68 -89 16 30 37 95 -23
13
82 64 -40 -23 -48 -10 -87 43 -99 -85 60 41 14
62 -32 -17 -88 59 -69 57 -60 30 -56 68 8 15
89 -15 -80 -91 -63 -32 6 -22 -55 -32 0 -53 33
90 -36 67 29 89 -64 -77 48 -73 99 -33 97 -10
-5 -68 72 80 70 -95 -27 -32 40 -60 -43 -54 -55
42 -50 -35 13 73 -62 92 -79 84 -27 -92 53 42
-28 82 -6 53 -46 8 99 -30 99 24 68 91 -80
92 -38 -24 44 -42 -28 -37 47 -1 98 -5 -19 -98
1 -11 84 -46 51 -96 85 -50 59 46 -38 -75 -61
61 66 28 -92 -9 -58 -91 -6 -43 72 48 -89 31
-93 -12 2 -19 -27 -63 63 -66 -95 -45 4 45 13
-70 86 88 3 -7 60 -76 29 -6 -74 -76 77 68
-31 100 -76 -10 -59 37 -37 -9 -76 -15 -75 -91 18
10
-48 -6 16 -42 -13 31 -70 26 38 79
93 31 77 26 -7 -25 -90 56 -82 7
19 -84 -88 100 85 73 51 78 28 -12
92 -16 -48 92 -3 37 -65 38 31 28
-49 -21 -37 -69 70 -43 -23 -70 45 96
-76 9 10 8 49 -78 26 53 0 -64
73 -95 9 77 -13 49 91 87 -22 -32
16 63 -76 -99 -53 -56 25 -53 -57 32
78 -53 1 -57 46 83 -97 2 86 65
99 -44 -24 -98 -67 53 -34 -23 -43 82
11
-11 86 -55 -22 -59 77 52 -21 -31 55 -15
99 31 -36 50 15 -38 48 42 13 -57 25
42 -89 92 -58 52 -82 58 28 9 -12 -31
81 -72 -77 -81 -1 83 -50 -22 82 10 3
-84 -39 -37 3 54 -42 50 65 80 -78 50
-30 -98 -79 39 18 -14 -9 -46 49 -23 -3
88 -97 28 -30 -68 -60 0 -99 -36 -19 70
24 -47 -6 -54 7 -63 38 28 30 -26 -82
-17 45 -79 -88 83 84 -12 -39 68 -99 -59
-77 13 -46 92 -18 28 25 47 80 95 -83
11 86 -98 100 14 11 50 87 63 74 99
16
-63 -58 6 -88 -85 18 27 87 -91 89 97 -67 48 -5 26 59
-65 50 83 64 90 -91 -5 -1 91 41 -95 14 94 62 74 -48
52 -9 61 14 -15 46 -42 -29 -80 -91 -86 95 14 14 -85 -20
-58 -35 97 -6 -57 -61 -87 21 -54 -50 71 15 68 7 -49 -24
-46 83 41 -96 5 -92 77 75 51 78 -55 82 72 -82 82 87
-59 -17 -45 -78 -2 59 -49 -36 26 43 -44 -82 70 -34 47 -24
24 -12 81 -95 -57 57 -39 52 28 96 97 -86 -46 -15 -39 72
-5 63 29 -3 60 -22 -67 -6 10 -56 41 57 5 -18 -34 -39
-57 61 -5 65 -74 70 -65 -13 -57 -50 -24 -93 -35 -98 -34 -43
84 -54 83 -97 -91 -86 -30 -82 -49 31 -74 40 99 -61 74 -6
95 -26 49 -59 -57 87 87 -83 -34 -33 7 -26 -66 -81 49 -58
79 -76 6 61 -16 73 47 -22 86 79 10 13 -59 -88 -98 -19
-68 -93 92 9 100 12 -17 -97 67 -74 75 -34 66 38 59 -40
7 -53 -66 18 81 -35 -75 27 -14 -6 23 -17 -66 49 -4 61
76 52 58 51 41 -3 -46 -49 -7 91 61 -72 16 11 39 -20
-59 79 74 64 -48 -78 -39 -11 59 15 8 11 4 27 -12 -35
14
-48 28 29 91 68 -59 36 -60 95 25 -57 -21 98 91
-7 96 -31 58 -23 31 -68 15 -45 62 -99 89 28 -99
11 -84 0 45 48 18 -34 24 67 19 34 53 16 84
-76 88 8 -30 57 -94 -61 10 -85 67 58 -87 70 -27
51 1 54 -92 86 8 -5 30 40 -69 -55 -96 -86 39
-31 -84 2 -34 91 40 -36 -52 -30 -59 -74 21 78 -94
-26 -39 64 -34 0 6 -12 85 100 43 -77 11 -45 52
-57 45 43 31 -79 -23 83 -54 -78 -62 52 -17 -66 -73
62 -81 -34 -32 32 67 31 -13 -95 -60 92 89 63 60
-6 -89 98 -21 -14 -37 4 23 -42 18 -91 58 -81 84
-49 -33 62 -3 -12 3 -61 63 -69 -32 -28 -47 37 -49
7 -57 -83 -55 -71 82 87 60 -91 -16 40 -33 -88 -61
86 -92 73 -7 60 2 63 -10 8 56 -37 -77 45 96
50 18 92 -42 12 -85 35 -64 28 80 -48 -49 -89 49
16
22 65 52 83 -77 -9 -92 -34 45 41 -39 36 81 50 -5 -73
5 -25 -35 46 -58 -59 94 -1 -11 -52 -32 12 -24 -93 -73 -64
-29 65 -90 81 -80 46 14 8 34 44 -95 -32 -41 -54 -61 -42
-66 77 56 -68 -21 -72 100 -86 73 47 88 96 18 28 91 69
-21 -77 6 -42 18 -25 71 16 18 -23 16 91 100 -69 34 23
-78 -98 8 9 25 -39 39 85 -48 95 18 80 -37 -59 -9 3
-51 -35 -93 -74 -35 46 -1 -86 -13 39 -88 39 19 48 -43 38
-68 -11 -81 72 -25 -31 21 37 -88 89 56 -17 22 -27 -2 44
-87 -13 90 36 99 -55 -67 -35 97 92 -45 -58 52 -24 -69 -77
6 34 88 -27 -24 -89 -67 -68 -66 -74 9 81 6 -66 -61 96
49 -26 -81 -2 64 -99 -12 -64 75 -86 65 3 -1 -37 -8 85
86 -52 -31 60 26 77 40 58 30 -3 -45 -30 79 75 88 48
29 -35 62 74 -81 -55 -44 -15 33 47 -46 -66 -73 -47 -58 -1
-29 54 -13 -98 31 24 91 3 85 5 19 17 29 -59 -23 34
-42 -93 10 -19 69 63 85 3 -35 28 -86 81 -62 47 -60 87
-17 37 -81 41 85 -85 -75 -44 76 36 65 -14 -94 22 -87 -91
18
22 -44 -35 -47 20 -60 -47 -10 17 -62 -76 -30 -40 -43 72 -89 -32 -56
-63 -97 95 40 18 -88 -76 84 10 26 -89 18 -85 -17 -11 -30 91 -4
95 73 8 30 51 -91 -57 50 87 -57 -11 -88 -19 -42 -38 -14 -55 -74
45 -52 85 -31 52 50 36 -65 -62 -72 -47 -30 -35 -16 64 -78 32 -98
22 36 -89 -35 -13 17 -97 -50 56 -41 -57 90 -85 -1 -40 -17 -89 65
-42 14 95 -20 -85 -16 58 -64 52 -55 57 62 -56 70 12 6 58 40
34 -95 -100 0 93 38 -93 -12 -42 39 -4 31 37 -19 -13 58 -39 -39
-15 90 88 -91 -93 -31 1 -74 72 -20 97 -76 46 -60 70 -67 20 4
99 -7 49 82 65 -67 34 -37 89 34 -36 -31 11 -55 -16 25 -84 -6
-47 59 54 -48 -95 -23 51 -86 -75 -42 -72 -52 3 -64 32 -83 47 -63
60 -9 78 -2 -86 58 -66 -32 -82 -52 -46 31 -20 -54 55 68 -78 -20
-37 55 17 55 -3 52 47 -97 -6 -13 86 46 100 18 80 57 -6 -89
-47 -24 -87 -90 51 85 98 36 -7 -5 13 -48 47 -29 17 -82 12 -46
27 13 -57 64 97 78 81 8 -86 -57 -36 34 -72 65 29 -82 -86 77
-33 -52 46 67 -7 -82 -73 -7 -17 -84 -27 49 -93 -14 27 56 -54 -88
-68 -83 -44 -43 -52 86 -96 79 -71 40 6 86 89 97 -46 -89 -28 -3
72 -6 76 25 15 -26 -90 -19 -96 68 45 -72 37 63 -47 79 97 57
52 -63 17 -77 -45 -9 81 49 55 94 7 -96 66 -44 90 37 20 -35
12
83 -96 21 -43 34 -21 -76 39 36 -30 -93 -47
-42 5 42 -66 100 -15 16 -42 -66 81 -73 28
-4 -84 -1 -55 -32 51 14 -7 94 -35 88 74
-80 25 94 -16 36 -22 -73 -46 -25 63 -39 -25
-1 49 -65 -19 -42 6 23 69 47 -48 -100 -17
-56 -72 71 76 85 -11 31 77 70 43 11 9
-11 40 24 98 -21 39 -20 98 84 26 -1 -52
50 -33 29 57 58 21 37 -13 -2 -70 -23 -70
-64 -30 33 79 -41 -26 28 -38 23 82 27 32
-16 28 -46 -5 -42 45 -68 -83 -75 23 -32 -80
-21 -66 -47 93 76 50 68 78 -72 -36 -53 -9
11 56 -56 29 -43 -48 -11 -93 -2 -78 -53 55
10
-29 67 25 -12 75 -79 -41 -93 -7 39
61 89 -58 22 16 7 4 20 -65 -49
-82 94 -43 23 72 44 -58 -32 33 67
84 27 -7 97 59 -23 -63 -62 16 31
-31 -25 6 -82 70 -20 37 -95 -77 -87
-94 -93 -18 -44 22 -35 8 -91 -44 97
59 -3 -17 95 93 -41 44 -79 48 -74
25 -25 12 -78 -45 81 83 -77 59 -69
-50 22 -75 -72 -25 9 -44 54 -66 76
8 -26 -56 80 55 -86 5 19 -36 76
16
47 79 -6 28 -17 -21 10 -97 12 94 91 -70 -97 -73 33 -19
76 70 -27 -3 -79 -70 62 14 30 -20 21 -26 97 -22 -8 47
10 -6 46 24 64 7 92 62 66 -82 -90 -52 -7 -20 99 33
71 100 -75 -77 25 84 99 -53 -24 66 66 42 -15 -13 -89 12
13 17 -70 6 88 -91 23 -62 -39 -5 -98 11 -59 72 -61 -43
61 -52 81 -4 -49 52 -36 87 26 -89 97 -50 16 -100 -61 87
-52 -98 29 -99 -57 -40 79 -90 -19 -65 -75 -41 84 -59 -51 -83
-36 -79 96 24 -8 76 -18 -4 -79 -26 -67 0 43 -16 51 8
-11 -82 -87 4 -38 -64 78 -93 57 55 25 -58 12 -29 12 -20
-94 -83 -18 42 26 -71 93 92 -14 13 60 -83 -78 71 84 26
-43 23 -43 56 15 75 -8 -96 41 -49 30 52 -68 -22 -52 63
19 100 -3 72 -46 22 -48 -9 -90 67 28 -83 0 6 91 52
62 5 -3 16 -32 9 -70 -57 -14 92 65 88 -28 -43 45 31
20 -86 63 94 -86 39 -6 -87 16 -39 -62 5 -8 48 -14 12
21 98 31 -2 62 -6 -20 -47 52 19 80 5 -7 45 -21 4
1 88 -19 -33 42 16 -19 81 25 48 59 -47 -58 -64 -95 -64
