30
3571 9763 7239 5600 5290 3752 5713 4191 2779 5206 3376 8700 7318 4884 338 2800 5149 2856 2093 9966 3271 2969 8172 6994 7767 2717 4242 2327 3918 1219
613 8240 7492 7768 2899 4542 747 3023 4395 6782 733 1360 7877 3843 3232 6678 8636 9974 328 3829 5485 1418 8042 2391 6579 6774 947 5861 8608 2722
5644 6488 2850 1495 5435 4366 3773 1144 3222 3070 238 8774 7795 7204 100 8727 6545 219 8048 1705 203 4886 5986 1258 8836 7176 1519 9505 2913 3989
4500 7867 1521 5325 6662 7119 4098 4978 4639 793 9268 3940 5980 9291 1890 3994 1758 6090 142 3928 9612 1565 202 2236 1731 9037 9265 9778 3285 3899
5268 3426 6563 1080 9277 265 6755 2767 4936 5335 5951 783 9659 6220 9862 7430 4135 6106 4952 2793 3271 3501 9651 415 2938 6968 7228 7435 3093 7441
9852 4552 946 292 5769 5215 3645 4825 6835 6922 3306 8971 421 8923 3442 3048 8011 566 1600 1951 2908 6664 1810 3949 642 6850 9496 8812 7011 1651
7326 6164 1947 6571 6524 2170 2174 1279 3666 1648 1908 1329 8477 7123 9106 8914 5413 5968 9175 3254 7001 2609 6849 6360 7161 2839 7575 2177 1162 6934
9956 7912 8977 8808 8636 4310 923 8143 5680 9790 4849 2058 5560 1487 4111 892 9976 7978 8544 6337 4082 2593 5775 1573 4243 6062 2060 6001 3970 1397
9324 9845 2402 5797 6085 6937 9681 3481 1261 1992 5911 2377 9109 7591 6700 8282 2164 2006 3763 29 3574 8845 3883 7943 5829 1441 6715 5002 2381 7191
7626 9062 5077 5754 1474 1397 2223 640 6427 1156 6512 1121 6257 5773 3833 118 2365 9569 3396 8016 6548 6414 4183 8704 28 6357 5094 3275 5317 3421
1516 683 6121 2512 647 4940 8812 3789 4159 4312 9328 9080 5411 2080 2845 4257 4456 744 6238 2481 9029 4553 4086 2950 9246 336 8515 3509 6878 9860
5890 8992 232 6317 7102 2115 5012 4303 9738 6751 1577 9874 60 1381 6474 3080 1639 3526 5941 8575 7183 9070 8103 7606 6325 9253 1802 5041 8515 3259
4114 2287 8218 8933 139 1304 1005 5185 5631 289 4471 8240 853 7334 5545 4159 7952 151 3070 918 9433 2038 5767 7261 3053 9881 8536 6922 1522 9775
7869 728 5536 100 8020 9427 3142 9098 1310 2827 6899 9874 8599 4918 3982 4867 6957 7342 8449 8902 6423 1515 8071 1513 3224 8743 6242 7844 154 8386
5021 390 4516 7858 5767 7542 1855 2058 4775 3323 8434 1762 599 4693 4516 120 176 8389 4717 5742 3940 3552 6436 2993 5444 5808 5197 7086 3334 1646
2335 6549 5304 7314 8063 9829 7956 499 1618 6481 4204 2009 3116 5203 6139 5117 2043 3592 4647 5073 5510 4636 3562 9958 3406 1456 4507 8305 4339 73
6254 827 493 5776 3421 9655 3256 8803 6468 163 4147 3115 603 8109 6307 9325 5947 3789 976 8939 8005 4995 6015 1011 9172 9037 5914 2206 4720 387
8098 1463 5546 5316 917 3884 5179 7774 1426 7525 1498 9937 5294 613 1932 9134 1163 1858 6517 6120 1792 1615 3723 4754 7450 8137 5149 2341 8317 6235
7548 3952 5403 9615 6447 1714 1065 2129 2316 7261 7579 2119 695 3102 4325 7804 2651 2794 3432 4765 9857 8065 3778 142 1388 1840 7590 3070 6129 297
8713 177 9587 8177 3619 2334 2286 6532 4935 8194 5344 6447 8562 4885 516 5383 1664 7642 7048 1639 9076 7098 6975 9485 4720 7912 9378 7348 1927 9058
8712 2962 4623 9561 2792 6649 3291 7985 9494 7030 8927 2584 2080 3754 2828 3478 5493 1189 1068 4208 8810 1024 5793 6953 9161 4693 9126 2855 5849 3576
6272 6885 4431 7125 2258 5832 6001 9356 1369 5695 3646 1849 8023 3768 3426 8974 9051 5853 6225 7777 7520 4365 9934 8529 5455 7766 9751 5804 5724 7377
2483 8821 1964 9931 2884 34 1475 7578 7414 3409 751 7702 915 4163 1893 8835 7708 9413 2152 91 8236 5843 3071 8665 955 5680 8276 8326 6571 7780
6962 4435 5866 2190 2359 9226 1233 6858 8701 7514 2050 3612 942 6757 6931 2965 4123 2686 6462 7547 8452 5050 3450 2874 3555 4808 3760 8463 3799 1834
4368 4378 5536 7367 5185 3237 5623 9890 1111 2707 4411 5846 6632 8614 6844 8032 3463 2551 4214 6268 1212 6080 4788 3232 1087 25 7171 777 4181 1944
8022 6094 3192 8927 3453 1192 1635 3695 3083 7285 4137 5052 11 8625 5306 1583 1124 2366 2245 9081 6667 9836 3868 8306 5395 8296 1438 6829 1341 4741
4118 619 9694 7786 2476 6843 5916 1959 1472 4106 5587 6936 7129 4071 6001 899 4286 227 8348 2948 9239 90 2842 5557 4447 2459 7225 4885 3304 7678
9988 8361 9210 2296 2226 6523 5832 8457 4823 2594 8464 9312 8605 1752 9022 8788 8752 4311 309 9766 2764 2225 6070 551 250 8063 9157 6719 3557 4182
9626 432 3443 1438 3853 5321 8182 7082 8056 7319 7812 6307 607 1512 4386 1221 9793 2258 1915 2609 5605 3458 9868 1 6697 6792 8726 47 9220 8979
5395 517 7762 3700 409 4879 4528 672 6708 3535 5234 4357 6342 5524 3641 5307 4609 1490 4154 7740 5525 1132 1070 8632 594 970 6382 9254 1350 2368
