26
8982 4138 2245 4129 7677 4505 1855 5197 1940 7380 974 3736 7763 4378 6375 6187 6830 1137 7312 5725 1332 7270 3751 5638 3889 9123
433 3157 9013 9604 3090 8628 7395 2512 928 1383 7219 4081 2038 7250 6381 7412 8869 4395 4918 220 4126 4119 5989 8838 3936 6660
9925 8296 9697 4489 1915 8755 958 5418 3061 8838 2919 5188 2489 583 878 358 6858 5368 52 5560 196 4284 3493 2722 2477 5079
86 4897 3885 9478 6558 5340 5024 9902 9837 6908 2040 9572 2235 1138 1294 827 2901 7570 7475 6350 558 8923 917 4573 8479 46
6178 1117 8560 2566 4336 2602 1225 6479 1257 604 84 565 34 7000 9131 9857 2311 5829 3054 7500 1213 5314 5864 5227 136 838
4835 1060 4864 5968 8460 6191 2157 1179 99 4932 8222 2919 3646 6975 4322 2754 5515 5368 1002 5257 2394 1522 1378 6783 4341 5350
4172 222 1474 2664 2064 1486 4507 5406 8251 3958 322 4258 4625 4016 9664 6473 7552 4580 2345 2883 5636 7393 7999 6246 1936 1401
7183 9046 8451 8796 5324 9139 46 1917 4141 3832 7318 3080 5624 2472 6299 4631 4808 815 82 3302 3577 5664 1687 8497 649 7747
1173 8712 4449 2296 4468 3733 5638 203 5383 1513 4368 8623 1728 8768 7801 1470 1005 8194 5518 4476 5116 315 7369 457 9692 3730
5446 4229 2256 6754 5233 2197 2044 839 4847 1 2806 922 1 1266 9013 6193 409 1909 9957 4861 7473 9741 4605 3358 4192 4258
7298 3289 3356 4216 5951 7267 5210 6034 7543 8594 9865 2325 6004 6445 7930 109 2845 5806 2465 6779 7445 6346 4527 6017 8485 4516
7056 5215 3262 9616 7572 3902 3837 2814 1419 3106 8118 6664 3751 6640 4389 6960 8797 3157 7877 3698 7096 1130 8183 1531 6682 3362
8629 5057 8365 1046 8344 7606 1171 9766 8596 5402 9945 5587 8398 8926 7588 2809 5932 8938 5982 2010 6874 6844 4643 8389 9913 23
3244 4221 4976 8259 5621 8724 4504 5419 7837 2413 6270 3664 2331 5842 6394 2492 7707 7123 8243 7759 1207 7484 7642 2447 1016 3219
5085 183 7452 3885 9235 8677 1324 5507 4141 4258 9838 7588 8947 5839 1942 8911 89 7684 3943 95 8122 5575 1861 5225 1344 3850
7369 4479 3261 5719 8794 3613 9697 3027 681 7222 7876 7330 6045 6900 9483 1367 1354 9059 4049 976 3299 1420 6358 9153 3503 4411
4511 4681 5737 376 4819 8432 1753 5810 2530 9872 1968 7536 4369 483 864 5522 5230 5431 3477 4791 5455 9485 8944 2204 683 5047
8636 1297 2579 8624 3170 1768 6164 6469 1486 1015 5494 6076 2977 3358 7372 9081 82 8681 1181 6469 6567 755 144 9493 7036 187
5145 2476 2778 1626 1638 8215 6966 5974 2397 6964 6193 7147 5815 1056 1759 8197 7919 9056 9908 8539 9110 8091 5413 1084 3460 585
9367 8457 113 6392 1948 9910 2923 7106 8669 6760 5783 1937 4611 4705 1681 6061 7558 3304 4161 4002 3679 9945 5128 1484 1643 5916
6238 1149 7426 4786 1186 3961 5740 8401 1216 1166 2596 3257 9752 2020 109 88 3880 2971 3868 5696 9928 2265 9999 592 591 6409
6697 6509 865 3922 9784 1173 6439 4645 954 1180 9511 8406 5956 1105 2715 9957 7380 9140 8737 1167 6713 1588 971 2932 349 9572
3085 67 2444 5396 731 5041 7127 2485 7003 4543 482 9641 8427 7998 6625 2764 8132 580 9642 8812 4953 9481 7588 6411 6822 1676
1602 4849 3949 8416 8752 2716 7778 468 5479 5930 7126 2566 3756 5734 1489 7497 7984 3769 1321 8481 4357 3463 910 9433 7896 1351
4346 9919 8020 2942 9649 2448 514 4870 3661 2305 6462 624 106 8515 2113 2294 6840 5808 5012 9532 8007 849 7165 1664 3673 8786
6130 1420 1477 4394 1512 6721 6454 3356 9715 2647 6544 9563 4456 5961 6552 576 1453 6817 1813 3530 1675 1101 2870 8371 9071 7646
