15
8053 2122 2071 10 9607 5035 672 7366 595 7417 4717 1317 7964 2278 9408
8683 9445 7993 37 905 6451 5918 3785 3491 1249 7100 4192 811 4425 4876
7605 9293 2251 3966 8440 7155 361 6129 5693 8125 8133 9789 1819 3862 5896
804 6516 4345 6006 9492 1036 3472 2986 5404 1171 79 9330 5441 4345 8116
6523 8869 9565 639 8740 2449 8792 6230 6760 2530 5029 2638 1585 5927 7240
373 4055 535 3520 8316 8692 8084 8068 5672 5293 2002 7062 5159 485 4667
7987 2506 9677 1753 4645 9662 1258 5659 8248 6243 2049 5128 915 8288 9397
6001 1090 1658 2509 5660 5710 274 4513 6478 13 5320 5830 7282 2084 3520
3312 1459 3224 5770 4695 1594 2487 6934 1229 5581 1607 5817 2683 2833 3300
4726 5842 3071 2115 623 7006 7174 7194 4849 2553 1486 5084 43 5461 3943
5995 8788 6096 6238 153 4734 3068 796 640 2763 4518 4646 5555 1660 3367
5534 597 3757 7636 1519 6611 8506 1706 7426 8614 2125 4474 3757 6217 4810
9481 2047 7162 3081 6403 2050 1279 7426 9207 7117 4282 8108 8678 651 8020
5962 1730 1100 7492 5354 7905 4774 4775 2511 4816 1590 2267 3915 2734 4384
600 2245 5059 2412 9847 4159 5201 3839 9112 4762 9829 992 316 1603 9656
