67
8580 2605 5536 290 9259 7108 8237 7193 5424 353 8218 2953 6205 2509 7711 6917 3274 2338 5614 6274 9358 9124 7762 4785 6535 3886 9934 2773 4920 3367 7927 5323 5565 1244 4935 9292 6256 1216 7789 2918 914 5545 6964 2691 7431 2902 564 7006 2828 4849 467 1365 7039 6585 3678 9770 1856 2623 7642 2666 9049 3442 8020 32 497 8339 6079
6243 5959 2773 9650 4405 5785 5748 9691 607 9579 2190 6691 5325 7772 830 3307 6096 9538 4246 2161 5008 6932 7141 3093 1766 6049 2547 9214 167 6481 8410 6124 1342 7492 4994 6150 8371 3215 3082 9010 226 4966 3183 1477 853 9384 1941 8039 1891 2269 2125 3179 3800 6389 4913 6392 7016 4498 3219 6348 5745 7501 2906 7202 38 8731 9670
3103 2783 4905 2548 4171 4275 4684 5005 1067 9619 2962 7487 6485 7094 6269 5710 9494 9391 3018 8273 1488 4773 1322 6757 6576 3853 7876 4125 8208 122 9901 9472 2341 6571 4550 1740 3814 3074 3559 3361 5789 3714 2683 3655 4311 2512 1243 2733 4057 2344 5860 9812 2740 1971 5693 4863 9379 6575 3358 7476 7663 3795 8914 6469 1629 2359 5952
4065 529 1261 2967 548 8570 9723 1948 8786 1673 2043 3214 4997 9648 2761 168 3709 5438 4417 7106 8928 2818 2606 6920 3371 7435 4249 1821 8183 3672 7018 1324 1822 2322 6914 2585 969 8279 9745 8874 3654 7543 8102 2146 2942 8407 3433 2737 6585 5954 4903 3433 8671 2204 6246 4429 5610 7255 9424 312 3172 4357 2278 7882 7650 6810 7722
9399 8297 6264 4610 2134 5916 2300 1807 7280 6842 674 7588 8250 2956 2007 2424 1120 6015 6222 8317 802 2792 2079 7372 3915 936 6059 7387 6816 9745 3444 4735 8414 7294 7912 2566 1414 3205 7563 3156 3306 778 4129 589 406 1007 7942 7268 7588 6224 2927 2556 6898 4372 8549 5113 5164 34 5812 5356 8377 2973 8031 7822 4504 3277 3420
9907 1888 3633 7628 6382 6415 868 9058 4939 7448 9355 8213 5977 1373 5465 1783 7889 2860 8345 5486 3664 346 1585 6117 4838 8201 1903 4672 575 7030 1618 9607 8544 7810 3249 9196 1549 1523 351 4584 6667 5873 6865 9121 3103 4269 9160 5725 5824 2642 6112 1303 7691 1306 5787 3422 7880 5251 8026 439 6806 482 4198 9577 5518 9608 5461
8362 1006 5680 8331 6382 3790 1142 6589 3661 6946 4490 4984 6787 7406 5443 6139 85 3414 2850 1943 9856 2618 1879 7456 7580 1920 2122 5062 1663 1963 2725 6923 1206 2134 4918 5635 143 489 1193 7868 8169 2379 5458 903 7804 2665 1134 5094 2459 8001 4848 1320 5488 5229 3487 1699 1018 4358 5085 8068 78 7497 2059 3730 4720 6282 4018
101 936 6019 1152 7843 386 3406 1834 1965 701 5609 7669 2638 6254 8578 8021 1248 3787 8218 9595 5326 202 3870 4687 4918 9130 1020 7418 4324 4020 1729 4687 8634 1649 6563 2311 8803 7989 7096 5963 177 7942 9517 4528 496 5260 829 8734 8431 4014 5609 2343 6436 4255 4189 7950 2413 5303 5846 1321 4878 5659 640 7777 6830 3059 8257
2680 4236 5167 9802 9815 3754 8097 3715 5708 5550 4852 5601 1962 1801 18 2017 1703 7705 6957 5513 3531 5592 9919 2904 9177 4927 1101 7147 6910 5819 9363 5012 9625 2190 9415 1556 5639 3906 9185 7515 8066 4916 7153 8461 4635 2815 8004 5199 586 6713 5867 6454 232 9691 3817 1962 6298 2623 4744 9535 5407 1688 5203 7915 975 7409 6472
4046 6999 1345 9703 3822 8978 7030 9307 8674 9769 5825 8039 8745 190 6706 1747 2461 7744 1706 4335 8671 7338 775 6891 8360 4024 8998 7685 8493 6337 7378 6337 7789 1641 5758 3697 9537 2368 1794 3601 9904 523 9727 650 3961 8153 8671 9208 2179 4712 6877 382 1531 9507 2461 2824 5177 3033 2880 9294 6955 7159 801 9472 2944 4962 5476
7519 6553 4223 8296 2740 9395 9640 7668 9325 4582 9656 2758 4610 5 3391 112 6920 5149 5492 9775 8456 6706 6376 8558 3628 3643 4177 4846 2951 1864 3502 6655 2152 3988 3347 4426 1847 5769 2374 8241 2393 1921 9784 1711 8311 8877 787 424 4660 9853 5481 2687 4377 1928 3208 7822 2818 1102 4181 9141 3475 2540 9451 2087 8845 6191 2728
8155 6055 2015 3013 6788 9481 8482 9844 5395 3075 3100 2292 3799 5032 5090 6817 6574 3016 4486 2734 4846 8860 8748 2064 2758 3198 7047 3582 3215 9631 4390 8297 7210 1639 1608 2079 7794 2083 9703 9106 3704 9019 3052 7172 6177 7531 8417 9633 7643 7389 6550 5170 1393 2026 2462 7618 6394 4377 7206 3642 853 7911 1342 779 1777 7696 2849
4278 856 8251 686 7316 7875 3115 7986 3882 1513 7914 4726 8659 8898 8428 9802 2401 5611 9835 6799 1384 761 8026 8776 100 5677 5861 4646 5789 6997 582 1227 2084 949 991 446 1026 5379 7639 4494 6927 8517 3367 8493 1959 1329 6733 9934 9883 3387 1126 5974 4792 7207 9433 7707 3715 6504 5927 850 9468 7050 4258 2251 4261 3591 5266
87 9226 9450 4929 8603 8252 7546 4885 9249 1954 7294 6093 5320 7259 4834 1712 979 3983 7588 9145 2545 4534 7239 1731 4458 4355 3037 7831 481 3290 9307 6512 6134 2574 9902 7771 720 5583 9157 9978 2152 8787 3499 2929 5941 7282 7615 8036 9631 9912 3323 3985 8690 7759 7109 7978 7396 5506 4424 5754 4197 3360 5760 2554 2396 3535 7663
7477 4165 6741 4609 1945 7085 3700 5494 482 175 8758 1738 8920 8349 9879 5689 4690 8287 972 523 6791 9388 1195 715 1087 4663 4874 4348 7968 3106 496 3745 1810 6484 9318 3241 3970 2676 7096 8118 9109 8826 5985 4811 6349 1432 8087 401 4183 6553 535 5656 1343 893 2381 1877 109 8330 991 7282 2794 3731 2812 1279 5657 5347 3306
2440 9604 3826 385 1777 4091 7356 658 9340 2737 4738 4708 5462 3499 4618 8443 5990 8433 5171 8641 2986 2827 2071 6109 8587 9716 6403 4237 5779 2617 7827 4308 4213 7120 7170 9931 8090 4985 4896 2674 475 702 2589 3628 3172 7048 1129 8041 6782 5509 79 5747 5968 6085 8889 5596 642 2887 5446 1142 9168 718 6579 5869 399 6932 4692
430 8578 5959 90 5865 1485 2507 5446 4069 8342 4570 2096 598 2724 1497 1046 6736 7580 6637 3556 5737 4137 6973 8560 2491 5611 6585 3384 1167 5669 2752 3064 4583 6390 1918 6805 684 7061 8262 1545 7240 9250 6657 2283 9464 4468 2458 3169 4942 1718 745 8091 5522 8790 7657 1438 9353 1843 5395 6578 781 61 7363 4683 2425 220 5006
2576 9454 7707 7587 4968 934 8600 5977 6466 3799 3664 7317 5794 2278 166 6535 672 9315 4853 8068 6593 4303 7549 8441 7773 1684 427 2721 7372 8161 4148 3851 3514 6988 1617 7811 8900 8185 2088 5458 7735 3859 1363 2023 6508 8187 6752 1372 6392 5026 2609 7569 2779 7947 1555 8740 8372 9274 8952 3406 2224 3818 3420 5412 9079 2743 6458
6593 3155 9269 2035 6364 4584 9901 2866 204 7160 9512 7419 2730 9209 5838 5572 3691 815 8940 976 5230 390 4717 1007 4582 3221 7001 4727 5659 9919 354 2733 3218 2314 756 5864 6310 4845 8240 8230 2691 7536 757 2067 4342 1787 2730 3765 6040 1216 5913 6217 400 253 1120 1692 7624 8560 5231 1054 287 2405 8400 9840 904 6148 2524
4997 5294 9649 6298 4780 9196 6091 8979 2498 2468 5596 4699 5108 3955 9083 9517 8838 748 2884 3265 334 1904 8454 7653 2339 653 469 4243 811 7 3589 4552 1408 1225 1309 5338 5173 4415 3556 6997 9856 6166 6940 9784 7053 3922 5702 6229 5413 7248 9802 5446 8708 5137 6549 7360 4642 5101 7236 2533 1388 9475 3233 275 3840 5342 4398
7932 7682 9505 6006 5995 2776 6328 4351 340 8477 9736 6722 5695 7659 4286 5001 7426 338 6924 7783 6800 1054 5809 9664 7472 4843 3917 6703 3164 6199 6898 3598 8968 6769 2110 2322 5854 4096 6183 1240 973 9487 8706 6803 87 3171 9364 5622 7063 1387 2806 5474 4467 6898 4650 685 3175 1255 6916 3380 3637 8948 7027 784 859 5478 349
7444 1279 2130 5444 8325 4495 4461 3673 1423 2428 2993 1813 1018 9322 5904 5990 8029 1770 5401 82 4093 4078 9828 3278 3808 6232 6450 3251 7206 5792 538 6359 4445 4618 4101 7906 3847 4054 7939 7285 1819 6015 1299 3407 1360 2954 4546 6898 4119 6598 9599 437 9537 8965 9644 5806 6192 847 1266 4420 8067 488 6850 8857 8119 5182 9774
2168 5388 2635 3475 2171 4900 4444 8745 7431 339 8242 9703 677 3055 639 609 1297 1552 8607 2212 8977 8853 8218 9940 4914 7610 118 1852 217 4588 1377 4483 1327 8182 5504 6663 828 9494 9010 7048 9289 8413 1551 8388 3049 8942 8680 5617 815 1490 9532 6241 1460 394 1000 6162 8031 712 1686 9488 896 5163 8310 2104 5057 3384 2449
9911 3738 2266 3512 4047 2466 4375 9844 2881 6817 3565 3125 1302 2215 5811 2651 8804 6239 8186 856 2677 1827 8222 5106 6038 248 3223 9109 3308 6568 2968 790 8086 25 3737 7470 4609 8460 5368 1556 478 3089 9700 8098 1187 7167 1669 6426 8065 9754 6058 928 8443 6831 8866 9713 5298 2146 1680 3073 6466 8503 8631 1330 7893 1591 4512
6456 6502 9422 457 5104 6336 9131 469 6206 385 4402 2002 3128 559 6034 8593 8485 1090 2014 5659 8988 346 1084 8154 4575 199 2550 7308 8055 9208 8177 1084 9109 6572 2511 7162 8851 1405 868 2035 2147 7533 3404 9831 3415 9499 8942 304 4 8497 6892 5429 5251 5450 4591 3411 5718 620 7967 4555 1468 6229 4213 553 3682 2872 9465
8204 8255 4699 9825 6054 151 8046 2752 7354 9658 7931 8109 3103 7390 4500 8740 821 2003 5641 6436 8655 5044 5896 7609 9007 5204 5875 2441 9846 866 3922 5840 9519 4774 2431 3380 2780 6175 6942 8521 1489 9556 2757 6048 1122 8366 4882 4705 6712 869 5886 7375 9940 2067 7582 4735 3661 9477 438 1689 8713 5765 9087 1927 9754 3081 595
9136 8626 2665 8434 9788 7903 122 1758 4243 7792 8701 7784 8482 3619 9981 3336 9394 7161 2014 3709 4486 870 3828 8221 5239 8197 2651 2995 2762 4032 4184 9801 7590 1359 2544 7720 634 1297 4564 9878 7446 9907 5081 5326 4831 7410 9160 9662 2455 1117 6832 2041 6673 5878 3016 3297 5321 7033 5356 6283 1191 6451 5191 4399 4603 1610 8145
2116 5290 32 7372 2839 3334 982 650 2431 1334 6163 6379 6061 3917 2574 8038 5743 2725 9136 1563 1541 5219 7770 3497 6490 5850 2300 2755 8310 6064 839 4456 3101 3201 8956 3092 8419 2744 927 247 5775 1869 3625 3105 1961 6585 7825 2320 1214 965 1865 556 5290 1611 8975 8098 852 7363 5743 1709 1607 1885 7301 3609 5021 6206 3286
6942 8377 3829 8350 1618 3685 3488 4186 2925 6076 4736 6928 627 5123 8141 3664 1563 4460 9092 9440 9592 859 3083 5101 8518 8885 6946 6352 8498 6650 3268 5612 1497 8032 8030 2199 7282 8661 7068 8175 376 790 6595 7767 9009 4069 2874 1101 9835 203 1714 3093 4416 3949 7273 5650 8098 8888 1641 9093 3964 8244 5811 7777 3799 3463 6474
7624 8438 6769 7058 2113 5973 1382 5464 7627 947 3730 8766 2594 84 5708 9286 4804 4216 3151 4525 289 8096 4990 218 3050 6637 9164 85 5567 2876 7030 3092 5766 9396 2773 7610 3358 861 9406 7128 6200 6806 7579 623 7282 3421 1499 932 4439 6572 5231 7535 1253 637 3876 9681 8926 3161 4820 556 8053 8126 7756 7507 9967 3751 1204
1801 298 1739 5017 1482 9308 8059 5039 2074 448 3718 9772 375 3916 4654 2845 6732 4213 8155 9216 5143 2914 5877 4749 5686 4639 3273 8163 7975 7691 6799 6505 4023 7687 41 4890 8324 9424 3900 3299 9739 3946 9191 6061 4871 9845 8311 7349 5452 8835 2113 5050 385 2843 4799 3637 1234 3863 5017 5659 1132 790 2905 6334 6052 1258 460
7162 2060 7849 4899 2215 6822 8224 8173 9517 2560 1742 9164 4296 1882 3844 1403 9230 9343 9523 7374 1733 6173 8990 1081 1735 7731 2617 3250 1775 3835 9694 4249 4489 4783 9010 3279 921 5208 7918 3716 8345 9355 5278 6838 2427 9014 9706 5424 5936 2827 5381 4753 9166 1920 4192 2084 2619 6526 3742 7367 4714 8586 2263 543 8346 7495 7151
4910 5863 3707 5488 5189 1346 556 9148 3026 4273 955 7040 4132 786 7994 1038 2617 3269 4922 3478 1936 5329 7045 4190 478 3472 2630 9883 8945 5908 1791 8488 7635 6490 5230 2107 6239 8562 1354 9574 2716 7501 3141 898 4273 2971 3853 7156 4637 6641 5321 2672 5173 6019 2208 8663 4095 5906 5777 649 7458 9208 646 4570 1903 4610 4510
9382 3565 6913 7437 7719 3180 9700 3934 8020 4100 2656 7606 1675 2014 5806 7105 7631 4606 4310 5679 2230 5799 3034 9848 8566 5401 33 3336 2740 9401 6092 9283 8282 2673 2231 6560 7778 7717 8834 7269 8480 9703 6171 2719 9455 9177 2313 5298 4243 6775 9779 8135 6403 100 3775 7976 929 7878 5806 6633 3213 8693 5858 4510 4828 5839 8551
9130 9680 8502 1534 105 892 1993 2440 5039 964 9219 7007 8982 3640 740 3917 5241 7697 4724 8987 4145 8970 9955 3092 3477 6976 6795 1409 3949 144 9395 3682 633 6350 9505 4287 491 7483 431 2716 6726 5178 8467 1502 425 8599 3754 1860 3212 8740 4960 4642 3486 7066 595 7884 4481 3220 907 91 1819 1845 134 8174 7264 1189 6589
3307 2016 5201 4282 7063 440 6061 1366 7195 2436 9039 1540 8851 7448 1422 4810 7294 1441 4994 3334 4202 197 1294 1068 5604 3545 4941 8767 3992 9255 7239 4192 284 5824 2524 3267 2729 3525 2031 1243 2113 7437 2792 3675 248 9181 1521 6319 2994 4762 3880 1000 5312 5479 2137 9058 2380 6300 1252 5938 1586 6403 1117 108 754 4858 8944
1387 224 6499 9262 8325 4636 3491 5974 1953 129 9292 1587 9885 1 2729 6907 3070 6832 2039 9071 5152 304 6082 7228 4267 6282 8749 5715 5941 5707 1630 3952 7680 3763 5686 6037 592 2667 782 3220 4648 6877 3493 3845 2838 1981 8749 9353 8312 7849 695 2728 1926 6487 3099 1362 9508 6635 3949 3922 6495 9055 7813 7828 951 2714 1888
22 292 8159 190 5789 2923 2918 7282 4606 4003 7172 4468 9628 6612 9613 7867 2569 4620 9358 163 1922 1336 265 1969 3609 5355 7198 2467 9177 8799 5084 7000 7113 9899 952 5182 3754 7120 2469 2745 2578 1611 7897 2152 5074 8322 8433 2620 4071 9210 7678 1333 2079 2005 4690 3169 6274 7962 4515 6191 8140 1207 9904 4014 4708 5528 7833
8134 8719 9301 5303 7347 2299 1255 5590 9226 658 1638 5944 7171 9452 5035 3928 9929 6200 9264 9216 8590 6022 507 859 7342 5556 9386 6139 3510 55 9028 6494 5608 5548 7492 7457 5411 9734 2161 8806 211 1783 1388 5431 1538 2585 1776 7075 8345 5230 5897 2321 765 8812 5959 1240 3038 6711 4314 8451 3919 6791 7162 8682 4012 5008 1878
2296 5430 7059 5761 6373 307 2251 9958 3502 7186 939 4753 8788 2500 5041 9904 5532 4669 7822 1160 3040 6426 859 1810 205 9661 2152 4411 1984 3546 2008 7651 3065 3526 589 6657 6157 4322 8704 9855 1 8585 6202 3492 4717 1966 4712 3809 5356 2881 2893 627 8274 9288 2991 145 358 894 6022 5721 4545 7784 9157 7362 4313 8017 1943
9488 5659 3502 1330 3676 3538 5693 7165 5659 7930 8623 3817 4671 7129 6983 1030 8749 9310 8030 3302 8575 8917 1261 485 1144 8958 8740 9886 8175 2443 6046 1584 7890 3251 512 2928 3894 1864 1703 8738 4839 2337 5234 5967 7201 3889 4455 6772 8703 6247 5833 6060 3546 1831 3979 4926 6454 1216 3865 4460 541 694 8999 5260 7513 2560 2456
3556 3532 6291 6095 6907 6994 4164 8827 1948 3552 787 7597 4792 1990 1532 2841 8372 9593 2448 430 7184 6308 4287 5378 1064 2479 1903 5905 7528 9277 646 8108 9495 3784 7939 451 1814 3494 7318 3421 6148 7528 9406 485 6886 4974 3595 2337 859 8849 8977 6211 9123 6466 9352 9956 5957 3315 3367 9505 8223 3543 7329 6056 699 7957 2893
3187 6455 5044 9429 4873 8155 5302 9076 316 1396 1090 4264 1252 4401 5798 2068 631 2365 2438 24 1939 2232 5391 9850 1717 6354 1486 3518 3115 8704 1630 3848 9508 6814 4189 1237 4394 1173 7018 6447 6013 7513 7084 6463 2413 7578 5310 2557 9262 7578 3215 4102 7429 9842 8725 7309 1956 2892 5126 8100 9128 678 2443 9080 2894 2608 1240
6516 1924 5443 6955 7313 9703 3112 4924 4405 485 950 9458 535 691 7084 647 8894 4668 7086 9208 925 8240 1000 169 4236 3444 7344 8364 6463 5575 7456 3684 3496 172 130 1974 4450 1073 7049 615 3742 9594 7185 8466 4603 1522 1246 3959 4393 7429 4690 6019 3632 378 6694 1522 1696 3373 694 4027 9538 5152 7516 877 6561 831 6124
8182 6496 5044 5499 2102 3295 5473 8806 5323 3202 4445 6444 7879 5761 6265 403 4357 1451 5035 4015 5598 2355 7028 5880 9190 4951 648 1684 8311 9304 6081 9279 7782 6277 6252 2069 1080 856 3567 3146 5986 699 828 9208 5082 3158 7144 7778 6337 4123 8478 3448 6806 2331 3825 3241 1476 6442 6170 1792 643 9076 5752 1730 1660 4778 1551
3556 9983 1835 6243 8417 202 5896 295 9686 1162 337 3458 5810 303 5627 8460 4208 8173 3493 5725 430 3565 2198 4742 6398 9909 9291 5992 199 99 2981 9867 7382 730 2995 5170 5897 3934 9580 3178 7799 5063 9415 1627 7886 1405 625 4162 9143 6076 9242 4181 5329 3875 8674 5909 8560 6986 4384 2327 4669 9283 5611 7810 3 5704 8740
8663 280 9652 6814 9025 7732 4156 3682 1285 6933 4879 1252 255 9762 6459 8514 111 4576 6391 502 1867 6261 1525 5581 6784 4148 5089 7843 8773 4681 8533 2782 9165 1442 2464 5423 8402 7955 251 5926 714 6861 1645 9964 2791 9289 4596 5468 9346 930 4612 8972 1327 2721 3848 1078 4456 6381 8920 3844 5407 6315 9976 9251 1615 2728 6238
6065 6931 8056 3052 927 4402 703 1960 4885 5575 9325 6397 1920 9421 7448 2062 4510 880 7984 3205 4505 9697 2333 2035 219 8541 7969 2791 749 1144 4414 8202 1 9780 490 2388 2987 2597 4105 2530 1143 6515 5296 9586 5905 553 6419 6739 6898 4188 2649 1461 3210 9211 4061 6652 4060 9681 5939 7269 2474 1726 7503 9 4940 2549 7836
5338 5356 7330 7482 3869 4201 3301 6330 1675 9130 9844 9730 181 5065 1531 5519 5380 3250 1435 1831 7690 2521 7294 9424 1443 8727 2756 6733 4222 3261 6667 7239 5743 5982 412 235 3797 1101 6838 1520 4927 3503 1792 1138 1255 1131 4437 1779 2819 5224 7609 7510 1103 9565 23 3070 8275 8184 9679 8125 1137 262 2351 5074 5644 8029 8254
2677 3534 2929 8557 1909 7774 3565 2870 6739 4357 5576 6700 790 8801 5875 8187 478 6148 6865 2710 3241 6304 3813 6274 7384 7327 3988 6972 4195 3641 673 4589 1948 8089 3508 2484 9446 4852 9301 9487 3126 7030 9838 9310 4565 9946 9496 8195 6265 119 1891 5952 4204 9207 2726 5728 6678 4362 8251 8262 6643 2863 8416 7261 700 2034 496
8290 830 6433 5666 6593 1486 1027 7081 5053 3731 562 1342 1570 3049 7534 6286 7129 4654 2005 6834 1712 6150 6425 5987 5986 3616 5113 2200 1135 6755 6671 7900 3214 4456 4150 3772 2615 1846 5806 7210 4014 6652 7869 2530 9205 8056 7978 1617 8002 334 1756 3916 1751 1351 2394 6369 6493 2768 6838 1063 4249 4335 9047 2821 4366 8959 1051
8286 4391 6904 1102 905 9625 8762 9351 2363 6150 1213 4769 4730 6930 5564 3330 8104 8634 7912 3748 3939 2464 6901 4213 430 3871 3187 6872 8050 3235 9580 7108 9964 8002 3923 4873 419 8138 6053 4922 7471 1477 9388 5512 5085 226 1788 4069 3985 5842 1423 6348 5113 114 5455 6373 7438 122 4137 4787 2773 6162 3418 5710 3433 6046 687
2119 9367 959 3538 8416 1612 5137 8698 3201 7423 9750 2310 8721 5275 631 571 7612 4870 1276 5466 2455 3890 4243 6418 1663 3574 6840 5269 5920 6886 75 922 4819 4049 4078 1085 2864 2893 4342 1288 7648 4784 6216 4180 9270 5314 8693 8482 5351 6788 2818 5872 8523 3756 8111 1505 6580 9295 5258 6308 9484 3070 1200 3134 3427 4087 1824
4477 4436 8142 2670 7374 3396 650 1286 5077 9648 8857 7482 2458 1327 8209 6329 8449 6181 978 3565 8299 7897 8414 2845 3169 7080 1294 6940 5786 8342 3631 1645 4953 7129 1072 3229 2030 3871 7008 5563 2642 4775 3268 5890 706 6622 7456 6532 1363 5777 5404 7132 2020 2789 4889 5557 76 7642 68 2041 1971 1069 1519 4415 7162 8801 9091
9788 5920 304 4318 7648 1252 6922 1465 3615 5127 203 9530 4852 6799 5483 2017 3369 8658 5623 5455 6693 6172 7399 2119 5671 4774 357 7171 5518 9022 3026 8322 4661 8197 9426 7822 8815 6982 9928 9430 2988 8116 3170 1504 9886 3895 8799 397 7330 7305 7576 5224 4214 2359 7276 4904 3092 2566 2701 6572 5977 7609 8704 351 3717 8460 8833
6644 6487 3554 2212 7814 4116 8165 2982 2472 4906 9775 6566 1432 4489 3283 8002 8904 4243 551 7297 280 179 5314 2616 9842 5678 3544 8254 6460 1668 2923 8261 5323 9862 5453 7573 4363 8229 7928 4830 4357 4453 6834 8161 925 5653 1657 9724 6676 8842 5160 7848 7530 1962 7570 1183 9152 8251 297 3516 8641 9485 4258 4617 7624 1585 1447
5060 1 3463 2464 2286 3640 1836 3721 2166 4492 6211 5578 4146 8007 2073 739 8557 4772 3061 8570 8643 7894 7778 73 6613 775 655 5491 1813 2854 421 6114 892 2284 7284 4933 7576 9334 1729 5478 3907 3634 5817 8757 1433 91 2036 157 4885 1705 67 5697 2775 6017 6566 3151 8295 8744 6826 3295 8094 8965 9868 4951 3357 7162 6870
9860 8758 7822 5424 1453 1079 4326 8632 6535 1855 4258 9477 6837 2828 5917 3551 949 6316 3730 1267 2773 9982 3697 8899 9184 6292 6970 2818 4106 6078 8033 576 1074 337 3586 3070 6619 3220 1126 100 4420 5255 4150 3351 2746 8974 8953 1457 4423 6020 6147 6053 6013 4996 7302 7322 8418 1063 9559 3637 7141 8072 399 1986 5568 4588 6415
4456 7668 1198 8096 9340 6674 1920 4852 6289 9134 9764 1783 1636 9463 7164 6061 98 4258 3839 7370 2973 6700 5656 9525 2971 2668 2179 3394 7018 8725 9424 7879 7275 1533 7619 4657 5236 6966 7021 999 899 7981 7481 6679 6524 6631 9164 6412 8525 9697 9408 3824 2323 8113 4576 4482 2565 7316 9746 51 3198 1862 405 6337 714 5084 6850
5770 2248 9200 7567 2882 9703 364 8119 8404 9578 4690 1489 301 8717 343 2521 5713 9145 694 1033 5161 7198 9241 6451 592 1669 4412 3346 4132 8669 3763 5149 9734 1159 463 6076 1020 2910 9318 7805 6480 8603 5579 550 8523 1632 483 9362 5481 7423 796 8518 1767 5443 5661 2497 2106 6382 6079 511 5644 2810 4521 9235 6238 3769 3378
7046 8552 5317 8687 901 1207 3817 1274 5436 9271 8444 1816 1483 7498 9802 3660 598 5355 8152 9517 2866 3515 3923 2186 7393 9703 5288 7318 8328 4153 5993 8257 9685 8560 3770 2773 1 6379 2025 8425 8182 5258 5775 8603 5356 8224 9787 254 8384 4342 2569 7282 923 6603 5659 4569 2399 9793 1364 3830 6238 7995 4203 3680 7540 3088 2502
6742 1189 3352 5573 1453 9670 9205 661 9474 3313 9985 3409 8218 5286 4373 5638 849 8591 303 4972 7762 7304 8326 7228 7888 1223 5069 9841 6772 5392 7250 2748 2261 826 5846 1153 5017 5078 4588 9968 9877 6169 4845 2836 6247 9268 8713 4573 4771 5945 7761 9451 5253 4546 1995 9415 4630 3090 4711 9154 1775 9109 8879 397 376 2911 5324
1616 8697 8309 4151 4011 6067 7121 2732 7012 4361 328 1012 8749 7871 100 3631 5329 7457 7299 9757 5327 586 3538 808 6787 8251 8746 2123 823 2035 2042 7408 9755 7611 1549 5050 3757 8460 7460 4425 5041 6012 4080 8184 7234 4715 758 2740 1141 3713 5446 9244 2851 5077 9327 7535 8930 5505 6094 3835 2606 8161 2620 8785 2018 7654 991
9670 9026 3882 6163 5588 6877 6314 7242 4113 5467 4575 4401 1144 6583 2002 9343 424 1837 9945 6945 4537 3668 8939 2756 5239 8398 7749 7925 1200 712 7778 8994 8683 111 595 3760 5043 5050 4942 1255 6115 6238 9672 5516 4672 7882 8524 4630 9514 8803 4426 3205 9894 3079 3991 8948 6814 8020 2104 6711 5285 2080 6585 6061 2575 3763 1504
796 4236 6301 3457 8902 2379 5518 8344 1317 2643 6427 7882 2228 2446 2125 4560 8658 4852 6944 6987 9053 4445 6682 892 490 2611 6110 9892 1786 1889 5319 5110 76 2279 1057 6781 7078 5320 3838 8838 2442 2584 3911 9964 9207 8552 8857 6304 591 1706 9281 5293 6428 7396 8946 6073 9548 9907 9577 552 8892 4382 4193 8750 2179 1936 5446
5425 4843 1408 2337 9302 6614 6601 9982 2749 2748 2269 6622 595 9340 6546 7647 1920 1334 5170 9147 551 5878 3136 5878 2260 3250 929 2827 6250 4005 4458 661 3646 5595 9667 3659 1774 4071 7624 3191 8902 4534 3154 9502 2989 8075 4444 688 6040 4043 9653 7148 2491 7539 6194 2359 529 2815 8318 6932 3259 390 8025 9274 2046 8339 3400
6045 9726 1385 7646 5612 842 6607 2713 7401 5286 7309 48 7978 7089 8635 1962 8923 8317 3406 6744 55 6606 415 1864 1111 8369 4687 6211 8960 3664 4692 3659 818 2847 5253 406 1291 2691 7354 9776 603 3434 8365 314 63 3478 4276 653 1177 6211 3631 7681 9929 8599 9218 496 3185 3433 6265 4789 790 5551 7349 6615 8998 4438 7278
