79
41 7635 5277 8680 5384 7609 6186 406 6127 2780 8290 1072 4 8336 2620 2674 166 1072 6263 6703 6340 1748 8960 8968 9802 8682 5131 1342 4842 4208 4409 1325 2035 3863 6139 353 1810 8957 1810 388 9755 7404 2346 5342 3981 3910 2119 6511 3088 2421 9175 3284 6374 214 5338 4474 148 34 911 7834 2212 5221 6235 3268 195 6230 3411 1508 7587 6579 1565 1948 6906 6148 4666 8219 2454 5135 1231
2765 7147 6443 5826 5599 5403 1813 2783 3493 9398 8622 3964 3601 8900 6853 9055 6265 8822 2362 2981 4 9456 890 1165 1552 934 108 1094 5434 203 5445 2480 3585 8812 1582 4458 9828 1386 8968 6319 505 6909 2230 4853 4951 673 8317 3052 4159 6292 8869 5818 3448 5578 4348 1939 5214 7182 6805 4522 1651 34 1003 8233 754 589 6681 709 7939 4191 2231 3832 1926 6217 5691 5241 9903 9711 2904
6820 2374 6502 9362 2317 27 685 8710 2312 7288 757 3199 1742 1685 4942 1576 4654 2032 4838 9121 668 7755 5248 1927 9450 421 8729 7689 8840 1011 1384 7669 9281 5080 6473 7822 7304 9163 2682 8647 6751 7003 4984 8295 5382 1347 4575 7993 914 3912 7072 7873 562 2203 2494 6683 6364 2699 7442 9434 2872 6956 6401 1528 9596 1009 5365 1003 3063 6863 9597 236 530 8749 8922 4690 8066 6379 6076
9076 6575 2767 3093 3317 7456 3797 406 5783 5876 6552 8243 7697 8457 5410 522 6790 9243 9637 5549 9340 1304 9165 3878 8275 7432 9280 3422 3477 8579 4222 7622 7689 9252 4057 5276 9937 4378 8887 3028 7438 3631 1756 9736 9427 8902 3577 856 9946 1057 9505 2852 310 7756 4479 6150 3070 6775 7566 2276 8434 3479 3706 670 442 1525 9247 3279 4366 7912 6400 2780 6672 4240 6329 2053 4753 4026 5303
8781 3140 8302 1105 8614 4869 7048 3901 4449 2275 2434 7169 7005 9082 645 8029 4335 1596 2557 4267 4159 8555 6413 3572 4108 199 2242 3556 6007 6858 3031 6338 5041 4969 2889 5445 106 1932 6611 9332 3991 5809 7123 9306 5161 7957 3221 1976 8614 2333 3661 2776 2256 4864 1929 2417 4479 8923 1138 1538 4033 7426 350 8029 2452 5369 4369 4769 2300 6140 544 6937 331 2128 6964 1593 2182 7533 3293
6621 1759 4231 2808 2423 4079 1296 8674 4663 9305 8350 2829 1610 8224 3074 4357 6370 5455 9146 1628 4026 7678 4383 32 82 8767 4966 3133 3643 7948 2296 5769 8819 1874 2682 9514 3316 9380 1578 7453 7009 428 9245 2114 1428 5734 2880 2440 6166 7855 4907 2905 6103 5251 4915 1727 4546 2950 8504 9593 2025 978 2440 9533 3741 7316 7564 1279 7531 3029 5296 7598 8549 7291 3731 5610 1616 3515 9091
3157 524 5069 3906 7200 1889 8991 8748 5863 7840 7346 3013 9256 2190 6484 9848 1819 3763 411 4030 6958 868 170 5108 9208 490 5083 5804 8362 883 3175 7337 9736 4149 4400 6667 6485 1018 264 1731 7211 9659 4411 8603 8659 5310 2337 3247 7457 4320 7987 5261 8638 9224 7998 5005 9247 1126 9344 5332 3910 414 3093 8640 1810 1882 2537 7030 9406 8086 8983 9712 48 5338 1908 5194 4363 2334 1272
2806 9156 5552 6364 9211 5827 5083 5464 1893 9755 778 6656 6619 9677 5865 4122 970 607 3349 2359 7606 2322 4560 910 523 5114 496 6949 5398 7775 6007 8599 4678 9145 830 1319 7051 7156 6715 903 5398 5978 1149 5656 9922 6264 9178 2356 5073 9699 4885 8641 1407 9373 5068 1945 5783 4408 1654 562 712 6473 8128 7273 2572 5623 2034 9961 82 9030 2691 1696 760 8792 6052 2665 4786 6469 2539
8660 897 1920 5073 8416 6256 8771 6807 4212 4446 2239 7706 9091 8722 1599 2263 2416 6867 5102 397 908 9137 9028 5432 4753 4240 2119 9391 8299 1768 1629 6473 7129 4265 397 2512 9596 8962 3701 5902 7153 369 1120 2278 6478 2579 8197 7107 4456 1585 7984 1844 6198 7633 980 3840 410 1683 550 7516 9001 7075 3634 6720 2294 7123 2463 9261 2630 9289 5153 5545 1759 8221 6537 5370 3385 1617 4237
8085 2235 2160 6148 1188 2464 1138 8011 7651 8076 5386 5455 5914 4981 5083 2999 5680 3270 9523 1 1497 2368 2754 9865 6348 7518 4292 1914 5363 2800 7660 3718 8817 8678 8732 7626 6177 6392 8431 7 3034 8990 934 6037 5083 4368 8361 48 4701 919 3449 1654 4351 7630 4863 2026 6667 5084 4274 8691 8060 3430 1116 7302 5234 7523 7132 2828 5867 4123 5212 4771 4370 4082 9219 4160 3092 6623 9385
9569 8064 3125 829 1514 6610 7415 1945 1781 9233 1612 4753 1006 8296 4612 8514 7833 3964 5923 4191 2717 9864 1263 3633 1796 1284 2377 5815 4933 4198 952 5734 9169 3364 9013 6781 910 9321 523 4282 8757 7585 9464 9087 4384 6281 9127 7594 1798 3519 9890 8902 6694 87 7259 5563 1687 4654 7343 8108 4873 7624 2488 2571 9887 4765 7624 8415 8995 6919 9005 2107 8211 650 130 4709 5994 6094 5041
2476 6519 4282 4900 7713 5386 7338 9838 5581 4796 3705 8317 5058 9454 8767 3303 271 3675 9131 2868 7976 6821 2992 8857 3004 8722 2623 7580 8482 4039 3829 9503 672 6970 6404 5209 2541 1297 8753 9411 1054 5740 2614 1722 6859 7624 1240 9576 649 1837 6587 9750 5086 1143 202 8623 1199 4872 8590 8354 2591 4002 1199 5165 9822 2359 4303 7693 903 3520 8783 8724 6463 2762 9168 9327 1200 6469 9516
3896 8890 6928 9108 2496 7037 2557 2252 7705 7368 9893 3907 4220 3877 1883 154 1381 4861 3885 3797 3466 9338 9733 7935 4708 1819 5077 9710 5058 4195 9127 4808 991 8713 5280 8698 520 1513 9979 5360 1 7021 4519 6051 4698 724 6443 4123 7923 3969 739 6772 7371 801 3462 2316 2866 4948 3784 9123 8313 24 2935 4463 6531 5455 1938 1374 1151 2227 520 6607 6846 3142 3010 6067 3862 5938 8380
2781 7848 8271 8914 7939 7732 9537 1978 6876 8522 8575 5531 6834 9529 2188 9631 2179 7184 4417 6159 3652 7862 3770 7360 5551 5770 7297 7867 7094 6904 3529 8842 8482 2872 7390 9966 3702 5104 14 4959 5105 287 8078 9660 9835 2281 399 8631 1650 2980 5641 5591 7352 5019 9424 8200 8110 330 8544 2694 3591 3631 8596 39 309 3715 1003 3402 463 6594 3109 2992 9143 5347 1191 8594 8053 9505 1954
974 9133 7899 3441 7063 4438 3094 8551 6928 1905 468 3798 11 3484 2611 6490 1655 1939 2451 8269 269 7006 9474 9048 2002 5009 7742 3921 4936 2503 7687 7327 9681 2465 3994 5714 9278 2543 5779 1884 4445 9558 9298 5502 1945 1892 3892 3452 8314 6513 5215 6315 2105 5717 8260 6568 5569 3037 1363 5008 5499 6981 5149 8347 6138 7463 1423 978 7483 2449 6499 3844 411 1267 1817 5029 4303 1678 7259
5133 9916 9309 8645 457 1174 7621 1162 3952 9038 8761 5803 71 5030 1100 6533 6283 8953 9511 67 5641 3126 6355 6460 7928 5488 2849 3876 2529 2902 7411 3244 892 2745 3934 7327 9252 1573 7430 3306 4529 4862 1579 8878 4177 7374 1487 3138 419 3179 9938 2399 6580 1267 8245 2957 4444 1497 4682 187 3657 4598 5295 322 1090 5060 1330 9780 6863 793 460 4297 4211 1387 847 4975 937 5439 7500
7931 1481 7210 6916 1746 7988 9930 7 4729 8056 2587 7261 9357 2038 3541 7463 1845 8668 8482 3019 3712 8020 7462 9040 4573 5025 2634 5932 6406 3829 4748 9046 841 3244 2572 4951 689 6249 2548 6902 9487 8675 3088 8403 2944 8566 3637 5891 721 4726 3312 8752 5919 2707 7591 2785 4490 4213 7231 4371 7462 7015 3619 4885 4477 4303 7745 1129 6110 6988 9338 118 7009 913 6454 625 3442 3582 3459
735 2472 7172 6086 9774 3640 9247 7957 5653 5881 428 1208 3172 9826 7311 1559 2710 9647 7459 8608 5656 4337 9010 2958 253 6778 3055 1 9453 1131 8578 5714 2099 6877 8875 721 5712 9778 6853 1519 3727 7746 8634 2804 3523 3137 7175 6717 4707 3106 8574 487 2627 4440 2962 9527 4644 5768 5076 5644 3154 3082 5932 5908 5129 6427 2469 5628 8585 7283 5356 5586 2206 5356 2303 1431 8344 595 9181
3019 1490 2200 6485 2454 5289 4285 5567 3596 1045 5842 8251 597 3823 4787 8156 6373 8229 5500 2170 2215 8119 3133 7185 8848 1099 8927 8863 9526 3361 525 1662 926 1130 1093 7032 5840 1288 6545 5792 825 8990 3664 976 9088 3050 8362 7893 8517 5688 991 4359 254 6532 6265 8125 1519 7306 4663 697 3223 100 7363 5150 4669 1988 5542 9387 7442 6220 5344 3316 1367 6023 2713 6324 3589 4787 8866
8645 4521 3161 6843 265 7210 848 2957 3709 1108 1391 2994 842 7255 1952 8251 3254 7512 5041 3961 5270 6487 622 9017 916 6244 6208 2478 6294 2926 1853 435 4062 7468 346 6936 9379 6323 4750 3786 2857 3059 8937 7346 4585 2968 8548 5721 2179 6337 143 9231 2143 3376 6700 4410 3484 4483 2872 2980 4034 9299 3142 4654 2113 6917 2421 5170 805 9965 2920 6364 9945 367 5738 7684 5751 4060 9046
3423 2138 2509 5159 1531 1267 2304 6433 2018 7678 187 9186 1981 7885 9430 2068 8137 352 7287 8724 3330 7384 2823 2728 781 9748 1638 8485 3094 9685 4879 5771 1594 5038 935 1084 5645 4863 5094 75 8591 7764 5975 9215 3725 5248 1507 2358 1048 5094 5657 7978 8231 9802 3585 58 7489 4171 9650 6874 7769 7989 2407 4710 5809 1424 910 4400 1296 7611 3007 1476 1717 3241 4573 4537 832 960 8608
5031 56 2278 5277 3332 1465 631 9721 7459 3033 9493 4089 7218 9792 7932 7973 6106 4659 145 8122 8560 5741 6674 9604 2425 1396 7094 4915 4414 9877 7151 6963 437 3631 8614 6400 5673 9127 4827 9079 6521 2716 5152 3279 6459 867 3239 8688 739 5965 6029 3092 1694 9829 973 6595 9984 2255 2838 9698 8524 5468 8289 1495 9154 5243 8675 6612 8713 4419 2990 7949 6520 9697 19 7470 5656 126 3662
5329 3748 3037 7173 5526 6985 8767 3383 601 7960 1855 8278 4009 4148 2359 5918 6103 6496 1480 9019 5299 1214 7492 5859 2723 7561 5923 274 2503 5742 5421 5782 8104 7684 6056 8251 6627 8231 8350 3865 8543 1183 4745 2962 633 7534 5581 2080 4024 6097 4709 5881 9277 6982 8116 757 136 8950 214 6365 5579 9844 5417 5613 3232 5368 234 4272 5690 9385 2962 6610 6097 2439 5292 7153 455 2278 9845
5618 4195 2199 6409 8928 5974 6178 4073 5462 6589 8916 4441 2102 9856 8947 8289 7148 8476 8566 5933 9833 9144 9406 3435 3641 5405 7377 7852 8134 9503 8464 7717 3838 3862 5494 6013 3748 1206 7882 3301 757 219 2239 8842 1213 2569 3178 1527 8396 2960 4489 2152 9979 4732 5701 8240 3037 9185 6145 4028 8467 2319 8023 3157 6130 8603 8235 7614 9818 7876 6057 9728 3809 3931 3334 4687 1567 2415 4342
9250 4955 4931 3439 3948 7882 3637 3593 4269 8711 6739 9395 9846 2898 4148 9729 9813 2773 9014 5364 3682 9472 7374 1867 9537 6136 4399 9753 7916 8833 2803 5587 1416 595 8935 3422 8384 2476 9549 9208 7849 7533 9622 9896 4272 5845 2438 6764 9966 5979 4618 4950 1453 1652 3196 7226 6257 8955 7030 9235 8542 9635 9572 1726 501 991 5549 5405 385 1235 1890 3983 7136 155 4651 910 8935 2602 3259
409 3016 9622 1252 2358 6274 44 4177 9352 657 6370 2201 3467 7756 4187 9382 9432 7327 1451 8449 7169 3503 4528 7839 9426 9301 2313 759 748 580 5107 6827 9535 5644 7018 6112 4511 9118 1696 9236 9448 5247 5908 8785 6818 8786 1831 7134 4375 4543 4157 5433 9494 6346 6688 5506 5592 1465 649 8756 5398 3880 8545 2275 2427 9680 4456 4906 9293 4894 7817 9131 8173 3115 1495 4398 7163 7633 5887
1486 4347 7710 4936 8081 151 1500 8212 3982 2961 3796 3358 4252 6895 9533 287 460 4786 2537 2104 4202 2596 5052 1459 2767 9104 8812 6508 9906 9217 6406 5849 9730 2089 9860 12 4132 6768 8668 2086 9232 3631 4489 4047 8037 9358 6770 2404 9850 917 9379 8942 2350 6135 496 622 5020 5869 7594 7012 6843 2022 4121 4789 5964 7019 2168 5320 1390 4215 2019 9521 1585 3031 3064 9538 1041 9310 9265
9076 4305 8326 5453 919 4950 2627 2890 7085 3225 7592 8428 6224 7801 7921 556 7282 6120 3974 535 9388 2053 4504 3000 880 9465 7183 4753 7772 8936 2509 7051 1896 1514 8110 5666 9172 1274 4761 8991 3788 5983 6031 370 5420 5302 3187 1809 661 49 7462 3874 4980 5671 2043 4610 166 55 7222 1643 4650 1 5716 50 7327 5287 742 7977 9169 2827 3996 4946 8986 5455 6049 5248 6856 4306 4897
9460 756 8744 7228 3095 2174 4309 9517 5569 6506 5701 2085 2431 6898 3722 4906 9247 4375 762 1606 8903 1483 2163 8677 3376 6163 8018 4528 8995 7951 4310 8491 2443 9651 6148 4647 8983 6463 5797 2301 235 9358 1618 1834 5945 4782 9263 5576 7517 9791 4907 1144 3416 2137 7360 442 3325 5137 3714 2844 3316 2192 9485 56 5039 9688 5779 1957 8317 901 881 6317 6788 1333 8889 8744 3640 1118 1153
8239 3136 3468 4084 7843 7711 5693 5940 8929 2341 2740 1276 5970 8017 433 2524 4126 4983 8524 40 2976 6018 8071 8185 2538 4345 8908 5050 9883 5978 8596 1621 9927 4138 10 6109 1036 7507 4480 5505 3453 316 4210 8632 9118 7960 7437 9941 124 7267 4960 4566 9913 6200 7822 9709 850 2508 3807 5014 6611 1344 7848 4888 3358 2680 3583 3025 5569 2135 8857 9589 6830 4721 9731 4078 4468 1273 8526
6202 8025 1090 7810 7479 2312 7624 6353 695 115 1120 9648 8734 135 4699 3454 1651 3304 3734 7105 1156 9624 7888 7876 2773 8854 6949 5935 2525 6280 6751 8755 6945 8972 4441 372 8047 6259 9771 2422 7765 2441 5815 1992 4739 4838 8244 3770 158 757 3637 3631 1162 7977 912 9692 8631 226 4881 2994 9589 8360 9055 3286 9417 9926 3128 4615 769 6601 3418 9681 3924 9004 8152 5103 2700 9409 3922
6749 1285 4454 2986 9505 7030 1517 8242 3253 2256 6491 3461 6240 3826 7886 1618 3072 3540 5457 8259 7912 2635 2630 2161 5589 3879 4141 6458 6706 9559 8532 5307 9506 2714 2344 3589 1926 2778 8779 149 109 3045 2905 8963 2865 4050 8159 1047 340 9507 2512 1585 3700 2692 7393 1992 6412 6383 9655 4105 7084 6979 5403 3985 4015 2857 1234 8737 7237 8110 3074 1 7617 896 2161 4719 956 6820 6
6089 4302 5881 4855 1486 5509 8670 730 2578 2627 8210 9032 5457 8049 6157 7264 5556 9603 2644 6997 9019 6469 4021 1693 5959 8446 8214 4123 5190 6541 5891 865 6166 3413 6029 6607 2607 8992 7077 1951 6061 9556 3988 1504 7476 4525 8020 5272 568 5495 6298 188 2959 9754 1015 7342 2893 4326 9153 4039 6223 9402 3686 7825 3148 6069 7048 6954 172 9703 5586 712 9766 7037 8380 8043 2857 197 2386
5942 7030 514 232 4411 4007 2674 2152 4516 4323 9407 3923 469 3539 4472 844 64 4909 4825 3026 2406 8751 4762 1075 8732 5382 8974 1008 3229 2654 4372 8476 573 1969 4042 2763 1996 3182 4885 3839 3656 5303 3130 4214 2938 5582 7147 7333 829 8803 4891 6404 3191 4702 4656 2926 9343 8174 9426 9739 1675 4025 1009 5347 8857 2995 5695 2023 289 3562 3494 6396 5044 8983 5116 2896 8760 2405 3329
7407 2935 736 2560 3967 6949 8443 5314 5513 6811 591 4451 5542 2737 1556 8992 8823 5960 9613 9312 5766 9076 9757 8801 6061 2806 637 7805 8140 5638 9460 9384 452 2656 8897 67 8776 7294 6385 2434 8090 3898 5185 5236 9001 2134 841 6826 9902 2333 5596 8581 7354 9407 8219 5122 1384 9561 3367 5725 6261 5389 6865 6322 9576 4132 5779 5720 9120 1126 3342 2932 7162 7174 6827 3752 4249 6304 2906
9394 5635 116 8680 8488 3314 9619 6661 9883 4622 1414 4466 9933 2203 1321 9214 3023 9597 2969 776 8218 167 7941 6293 9956 8579 4582 1302 7685 2098 7208 2722 9465 7087 5251 2371 2683 550 3638 3106 151 4247 6036 5925 782 2296 3258 7219 9019 4034 4492 2823 419 1999 3218 1709 6718 4120 3874 1648 2595 2488 3135 6604 4543 7198 5582 6688 309 7176 910 968 7057 1320 2908 6822 2445 3488 5308
2080 4819 1102 4786 3543 608 817 5758 3554 6357 9089 7124 7255 6698 5311 9442 3861 9343 2495 6358 370 2056 8620 4764 9113 9570 6097 3970 9757 4139 2078 1387 2344 9464 1572 9133 4861 3256 7696 6192 1252 1604 6061 9582 454 8257 5923 9075 67 5075 3697 6130 9376 7942 3528 2728 6042 5581 9780 3286 4669 7509 5528 6661 6124 8629 1806 8251 9472 676 2859 2179 4336 6292 4454 7253 5183 5611 2008
6051 6103 7921 4027 3025 8221 2106 4096 4060 3090 2399 6364 6097 2953 4609 1729 4036 5947 5597 9187 3907 3347 3898 2017 914 3532 7746 8430 4734 6788 3086 7371 9650 9670 9745 3565 5548 6421 8373 8544 8903 2017 6553 1963 3808 2512 4527 5439 8197 6899 3988 4090 8425 8935 5688 9958 5131 4142 8752 6039 4348 8542 7129 2026 3691 8086 9011 6682 2202 8869 3694 8097 8497 5014 1934 6052 8333 5849 6007
160 7309 4681 2989 7831 1008 5099 2008 9202 1485 584 664 555 9496 2808 2674 6288 7918 8437 45 2534 1504 8458 6999 1480 2662 4851 9397 7597 3691 9856 2989 6019 8461 8731 5707 2551 2863 3025 6184 6742 4366 9845 4857 472 4025 6601 3358 8316 8813 3212 9924 2389 7855 7173 3840 8227 1576 1475 3737 864 44 4878 8413 1427 9802 5077 6841 705 2845 5780 1786 6724 2773 4291 2062 4151 2831 4012
2327 2168 5507 4243 4552 5519 3161 5576 8158 4063 4252 9625 5110 1314 9980 4225 892 2665 1060 5305 1173 8427 6588 592 8812 6478 4564 9686 9112 7962 8029 9330 1472 7168 9894 3805 1780 1440 35 8560 9059 6620 1093 6657 6799 5424 5417 6215 2287 5857 8110 4866 9546 3862 7504 5125 7806 6972 3828 3136 4549 471 2049 7311 3181 5643 1270 253 2594 6986 8273 3202 7811 1112 8821 2653 7421 9716 4599
9439 6172 7695 1398 8714 5116 6561 7407 3883 3579 1581 9046 2715 4254 6023 7778 3435 8086 851 64 5833 9781 7183 5248 7690 2143 3441 3356 5389 1287 1653 7931 9292 2893 3684 9055 6289 9331 4153 4679 6490 8262 7701 4611 2777 9988 9223 8609 7220 676 4283 409 2491 3202 2506 4779 5204 6447 6262 844 8347 9561 987 1961 6949 2586 595 210 5477 8891 5728 3906 2262 3991 9790 4192 5828 9064 3591
1541 8880 6599 4285 7591 3717 2455 709 349 6850 4357 3700 9349 5084 854 6348 4283 1692 3118 3235 4960 6178 1621 7440 1285 361 7378 8581 4792 7355 3295 686 1060 6778 8974 6694 2725 9741 4790 4541 2546 948 7948 5579 7802 1378 6742 9295 2930 3673 3445 7156 600 2429 1892 8374 8533 9640 7593 1915 973 2544 2587 3006 9185 2883 91 4968 2993 2755 8662 5104 727 4955 1620 8119 3816 5518 9551
5317 1561 651 5466 6759 305 3912 8290 2974 3903 9523 8608 9362 2012 1123 9759 3382 6502 5481 2731 5812 8872 1172 2278 8525 500 9699 5248 4750 6220 8881 1318 6603 4445 8788 4166 7932 5143 9652 9064 9850 2488 5629 6555 5387 2465 3670 3553 2514 9022 5872 3574 5050 7571 9755 8929 6676 5347 8263 8242 2863 163 4545 5547 4604 6775 738 9862 5865 6065 1544 7516 9628 9894 8272 4661 4725 7219 9022
4399 7090 6217 9673 772 1765 5198 9286 9032 7527 1743 361 8214 4823 6257 6733 2500 7404 8227 6532 8766 6364 3873 847 6763 1132 2233 2472 2634 4717 2743 7786 4678 7912 1180 6590 4855 6223 1415 8614 4049 3322 3736 8926 5545 125 3130 2497 48 5313 3074 9667 8995 2520 1279 9751 361 4033 2110 3954 932 1689 262 5408 6154 7648 1187 3914 6561 1127 9507 8534 8641 3583 3951 7576 5119 8884 5374
4627 3118 7014 4465 3939 5855 4936 9318 6310 7453 5605 9912 6992 5680 5284 2158 7147 1113 422 8392 5970 9738 4066 7427 7426 1981 8293 6880 9930 6560 1319 1947 5251 9458 3840 8953 4885 1736 2108 2191 4885 9421 3718 738 1420 9997 1728 2147 9830 5454 8336 1585 8584 7591 2062 6544 2791 9624 2069 9291 253 7705 9327 7490 6985 5107 1093 3404 5442 5059 4819 7277 8425 7080 8469 5932 6475 6211 2116
8992 8323 6814 6587 3514 3978 4472 2302 3709 6560 9145 817 3817 8145 4589 2887 254 9661 513 9705 3808 5194 6128 8308 5482 5906 8198 9130 910 9008 2617 1370 9262 883 9329 6394 190 3216 5581 4045 4654 7243 5089 5806 4412 2476 5581 7286 3390 7308 4957 58 2953 4762 4695 5632 2080 2931 8089 8088 8485 3669 9937 8680 2258 738 6249 6895 5026 2755 6912 7063 3511 3444 909 9984 2464 4045 3943
343 8676 6025 9880 2751 9516 9507 2312 7332 1489 9419 4577 2947 131 9350 9283 2779 3490 7207 6184 7177 3951 5773 1589 8491 3037 7130 3684 1699 1172 250 365 1914 9988 559 9220 2915 7342 2030 4594 1546 7032 9914 6634 8608 7458 5284 9151 1090 2035 4728 7918 1633 9446 3578 9781 4535 3277 1313 6007 3640 4043 5325 2128 4168 9616 4240 2465 9901 7457 8112 1877 4454 3711 8656 7822 6478 4585 8218
5919 7360 6931 6579 3415 4710 879 9279 8933 7411 9961 8026 217 9910 8693 9681 2152 3673 1342 301 7912 9001 7891 4379 2522 712 2014 3703 6963 3511 4846 4500 4573 7048 6410 1659 9399 586 7476 6370 1972 7646 9522 6700 8285 361 2333 9345 3322 537 4146 1407 3375 1198 1861 3483 820 1439 3482 5647 9722 9915 5617 6070 2293 1398 910 243 8973 8923 2500 5410 4519 8190 766 880 8806 7651 4609
5154 1095 4063 3653 6867 2751 8278 8225 1216 4971 1651 4096 7585 7228 9670 2439 7732 4222 6616 1197 2143 7565 3408 9364 4051 9151 8416 946 8681 9181 3331 3273 5707 2194 2575 5126 6527 6402 7948 3308 8704 8506 4881 3781 9914 5314 3106 6568 5536 7994 2218 7181 3880 2234 1486 5599 5203 8068 7405 3976 8880 6250 7219 1945 3499 8636 286 6651 8624 1083 1675 7352 2031 5986 1873 1327 1457 1142 3598
1068 8480 9482 2211 6895 1718 7513 7253 1915 9145 7635 9427 3852 4637 1267 2796 9615 4807 1062 9444 1516 8193 161 9624 5562 8677 2684 474 2509 9748 2899 6238 3808 3312 7963 4756 6879 6477 8852 9739 1512 5248 4060 1314 6905 4661 5356 3859 8527 6811 8973 641 9244 5933 118 6283 8081 6008 17 2377 466 4633 1141 9430 2341 8213 5132 9018 9967 2817 4471 2113 7303 3565 8377 2722 7547 5946 5772
8284 1875 2877 7672 9408 859 1203 4673 4344 2809 4666 9874 9534 9697 6532 506 2915 3394 5149 8912 7354 3247 8900 108 4999 6418 1711 7831 838 3196 9341 7656 1078 3083 1400 1135 6543 1711 2074 766 3895 5043 568 8890 8703 6111 2354 4015 4036 2564 5520 9703 6988 3340 9169 2357 2155 1440 8795 3713 8808 7444 163 8820 2371 3536 1199 6229 2751 6548 5992 2359 5908 9387 2279 2812 110 6353 5821
6454 8679 1078 1453 4735 4591 1765 740 5644 184 1802 9943 6964 2149 5930 5665 6475 7612 424 5322 6766 2393 955 2373 3943 5180 2787 2855 8909 4150 9348 7402 4386 6122 3684 9395 9763 2415 1832 7781 5598 5641 5976 7559 8614 8737 5906 4011 1918 498 4417 5877 5182 2529 7105 6937 9697 9583 9003 2146 3334 5311 7479 3199 1867 2050 4302 7391 6391 2977 6614 4780 7713 2099 3059 8269 7995 5842 7966
4579 9861 8236 9451 7768 5023 4954 9838 4930 9533 9103 4663 4586 1653 4172 9658 7937 8342 6789 2078 4342 461 6579 4973 9544 2972 2830 8627 3862 1909 973 8788 2656 3362 1054 4588 7237 7207 1942 8778 9867 6229 5733 2227 3295 3802 1833 6736 1538 8092 2047 9789 6711 8668 9065 3894 6292 9583 8916 3868 9331 9222 4563 9959 6537 525 487 4906 7371 1387 6361 5008 8561 2341 8326 4455 3551 6019 3763
837 4430 1387 7241 7246 1110 4813 904 6188 1700 2773 4149 7141 6147 1893 3466 7801 9879 5859 6591 909 1987 1450 1979 400 8382 4168 1499 9427 3559 9900 4288 8754 859 1930 6139 2899 4578 3459 5259 9742 4145 5131 1528 6741 6004 362 6214 9162 2597 4635 9967 9977 1893 9296 6412 2033 8215 8384 9400 7398 854 5920 3205 607 1323 4407 7333 6041 8074 4427 4762 5977 2986 9430 1651 9730 7395 1690
9032 1915 1631 8727 5567 4759 7598 2053 4642 5434 6518 4003 271 7564 3956 842 1225 6938 736 8059 5089 34 8902 3709 7054 6394 4162 8642 5842 5947 3062 1307 320 7900 7320 9658 5263 6604 3758 1311 3477 3201 2431 1481 9041 6969 5068 3885 9955 5707 8841 191 2830 7704 2146 552 9302 3295 4060 82 7688 2707 2259 3011 5950 9997 3934 9946 9003 1597 6357 2629 7236 5214 5710 1643 9054 5545 4082
1145 1819 211 2048 2388 7107 8735 9019 6850 2203 8818 6337 3781 7147 5800 2909 3840 2005 4867 4434 5873 2665 3113 8311 2845 1586 1715 5941 8834 3814 2009 3251 8941 2888 1097 8722 6293 1444 2696 5656 4142 5137 2107 2695 6139 8233 1975 6760 5294 8546 3007 43 2624 2443 8458 968 1972 667 6718 2430 8245 8532 6827 4423 1474 3190 8273 1203 3940 4870 9695 6253 6212 18 4879 6382 1646 9396 8221
2120 3490 4344 2066 9945 5816 3988 8497 5378 8722 6856 7066 399 3279 2127 2503 3937 5600 637 4711 4617 2632 3763 5794 6766 2098 6085 136 7938 3310 7803 6782 2457 2603 3301 3498 6302 3172 2117 6286 5041 7057 7822 6155 6985 9691 5081 822 5248 9800 8507 5926 6213 8435 5157 9506 1112 8673 4171 1 3904 8507 5745 199 4969 5714 7080 2924 6700 8841 164 8173 724 8918 4633 343 9406 4324 4153
8746 1593 7879 6286 6954 7339 4303 6068 6892 7982 2692 7119 9889 2337 4737 3360 1022 6059 5221 6101 634 8506 3890 2924 2470 878 1659 1684 4699 7861 2550 5390 8539 6499 7228 3136 982 1984 8202 8187 2663 1086 9298 4375 3398 3099 5242 6556 2205 3053 6018 1477 7140 5811 3000 1307 2560 4123 5174 8926 3553 1285 9528 4882 9859 3160 8838 5998 4453 8731 4269 7684 906 7786 370 4039 1241 177 2830
3458 3169 7451 4822 7034 5237 901 9096 4951 2919 258 7930 4892 4084 2204 1441 6058 8665 8418 8944 640 6325 9010 2092 8786 1453 244 4573 6130 409 9244 556 8404 5595 2879 2707 4173 7448 7165 4429 4578 3884 7588 1816 6356 730 1729 7615 6520 955 5176 763 9879 1648 817 7441 4572 8066 5017 1555 7711 1348 6729 4029 2836 8592 276 5507 8182 7513 4156 1365 6517 7325 2410 4720 6063 5446 3012
5475 787 4708 7855 6767 1870 1369 8523 2872 6316 5741 5155 2191 8905 8162 8749 1090 9073 7100 169 2809 2320 2895 3806 961 3295 2721 766 6680 7156 4906 9487 5391 6306 8361 1635 4650 461 8596 88 1537 9101 9748 2633 5312 4320 9553 8097 5829 6656 5666 853 7651 7834 6343 7410 4980 6417 3565 3610 997 4280 2817 1429 3169 7009 2812 4717 7260 9078 8325 9142 2707 892 3106 8782 5281 322 4276
9071 8555 4993 5766 2112 2629 8512 9573 1336 373 8274 8387 6117 6110 1684 7492 9961 9581 991 9657 4723 3983 1090 6265 9919 6904 3352 7438 4258 3016 2220 4833 4469 3583 8951 3610 811 8349 2207 5805 6994 3598 6176 2409 742 8048 2584 9175 6930 3477 7698 8053 8750 8635 3876 2281 3451 4076 3057 8890 506 3301 6565 2556 2245 6932 5629 8017 8214 397 7705 400 6913 1404 6813 1299 5321 6450 1412
3288 1063 1819 4879 232 9025 7363 513 8170 6568 9922 6914 736 8340 4021 6787 8273 8521 1699 988 7564 8713 7129 386 9849 4522 4621 7179 9268 6796 1371 3811 2214 7258 5089 924 5598 6463 4973 1732 3340 9537 7748 9219 851 7090 6936 4789 6890 9687 6470 2776 9973 1333 4390 7903 8842 4618 2547 5003 5181 671 5866 6465 7646 9891 5785 9772 7912 4577 7040 9451 283 8914 6671 3588 6262 6109 274
550 9622 7738 7990 9055 9213 9802 4443 7145 7963 223 7124 1684 6169 4177 1058 6997 2271 7791 8274 4566 4341 2343 1855 3280 8372 5860 9028 4651 183 3978 3400 2305 4281 5211 2242 1401 4848 8625 7841 1741 4020 2877 9289 7423 9808 3542 7462 793 2932 4907 1567 5292 1282 2236 5245 4978 7397 7780 1965 4819 4036 5190 3054 7976 5428 7933 5856 9892 545 6166 1414 5841 420 4465 4350 1720 4855 929
9442 2731 5765 1576 178 8185 8755 8039 9622 5437 8889 7606 5198 5041 6656 7950 3445 9751 7864 604 4602 7372 5081 8345 5701 5296 5470 6338 4170 6571 8959 687 6958 340 7537 2917 9576 7114 7258 9911 2968 4730 6772 9816 1258 3688 7327 8713 8595 1796 2707 9532 4984 9754 3673 598 2695 5899 1783 6175 3681 5907 679 1073 6254 6346 2923 2083 8209 6040 3664 2047 9369 1570 8251 5001 3343 4132 6799
8566 4112 9991 5054 3286 8804 2322 5569 5391 2089 5901 2761 1324 1526 712 4489 5516 189 6652 4413 340 9067 7399 553 6243 4170 991 3277 7 2121 3346 8896 7635 3637 7093 9940 1883 342 5776 8306 1310 5731 7912 782 5227 6956 408 7304 2146 8945 9736 5013 7108 1026 2030 4960 24 9990 4117 7347 910 2161 1410 6436 5203 5187 8565 6159 337 12 774 7846 7525 7978 6832 2149 4204 2361 2838
2575 3614 390 801 7861 4600 5281 864 5585 5831 4252 3942 6273 6096 8712 4745 7186 217 4646 3369 8222 9010 4609 7404 6256 3114 3148 1164 2485 6989 436 3847 4527 4261 2888 5444 8464 3105 9718 2542 3640 9923 3092 973 4077 6994 7399 8461 1816 9155 1729 859 8485 2705 808 1050 5491 9230 6996 5086 825 3394 4273 2113 5020 755 31 2593 3249 2598 1677 6778 3492 7052 6541 950 3529 7202 5484
2854 60 5451 8753 4628 7426 7784 9622 6792 3460 9089 1392 1297 5463 199 7786 5545 6469 6436 8379 28 3266 4436 3202 4663 8603 7865 8345 9172 7392 2674 2566 9167 9490 6724 9190 7288 694 6054 1027 2065 415 4912 6309 8091 611 4892 1166 4108 4898 9725 6522 9178 7811 2641 278 1771 7741 5824 9089 5887 7379 7534 3205 3100 9167 2877 3615 9342 7855 1468 1172 7876 2980 4771 1595 6179 6220 2685
9522 2447 4960 8725 128 4116 7808 4030 397 9640 6730 3155 4064 9301 1540 2179 7954 2605 4372 5090 9164 1101 3873 4822 2269 6524 8191 970 1351 5881 9871 4305 4747 5460 5257 4575 3296 4222 5963 5697 2707 8224 8560 9857 9145 694 606 1783 1879 250 5336 2212 217 6842 5718 9037 3246 1381 943 5248 4083 9406 7846 5600 2489 9708 5149 2890 7901 4447 5143 3427 4531 7990 5002 8911 8922 2545 351
6970 7832 6389 121 1969 9710 4488 2744 1792 3521 1618 2655 2063 2319 6522 5045 1396 7374 9342 7577 5761 8748 4907 9010 896 1327 7980 1639 8545 6746 5020 9143 4598 2725 210 4867 9263 5657 8194 8063 9956 9241 9403 4325 6055 4181 8414 7786 7 4674 8231 9604 9543 5803 5176 4411 7697 8258 9251 6348 1361 4421 9844 9010 3686 7102 9982 1656 9380 8504 6254 7558 8765 8568 2156 8586 1915 4977 6543
7701 1926 731 8995 8568 6661 6540 1343 1518 3745 7927 9631 6522 2214 9046 7260 7324 6589 2157 4393 6148 2359 4978 1179 2863 5110 9106 1311 5022 9043 6877 2953 8857 739 9186 4 2561 8218 6607 4620 6590 7294 4818 3919 8050 3736 7573 7107 3388 3817 8517 735 5617 5826 7828 4541 7847 1630 1227 8020 8845 6709 2905 1168 787 9211 9715 5543 8349 1261 5781 7910 2504 5631 7389 328 9496 9125 8586
9604 4456 9714 2105 1921 9655 3212 751 2124 7472 6073 5006 4523 6979 2287 5950 372 6391 6238 1524 6700 5064 4243 2480 6172 172 2611 4303 8761 3806 2475 6079 3310 1301 1234 3655 6634 5617 2499 1528 9331 6544 5660 1419 1574 6436 7397 5174 8524 4913 4687 1270 8864 2239 8658 2627 548 8074 8732 3389 702 1 7184 1451 2233 7330 7785 6625 2584 2350 6925 3945 6453 5208 3607 2611 529 7579 8983
2168 7228 2642 1199 2701 8002 6652 9389 7966 2160 6703 7003 8038 6315 3958 7042 8626 3673 4244 704 8182 5215 7786 8859 7232 9949 5221 749 5128 430 1314 7147 3231 8096 6566 1405 9424 7072 1276 3072 3593 5347 5239 572 1687 7292 3728 631 803 4861 9203 6515 5204 607 7968 9180 448 5071 6462 9365 4152 3629 9541 8263 4867 5536 3176 5041 4500 2349 4804 591 6518 4456 6724 5669 1669 8685 4465
226 7379 4330 7209 7187 7051 5283 3294 4489 7365 6760 6976 2983 5589 1148 694 3834 1535 866 6139 1751 2022 4390 5806 8752 8088 8509 6715 4405 7723 7633 550 5530 392 673 7057 4334 8593 9637 4612 635 6480 7327 2188 6923 4216 6488 9805 6097 4558 3642 8155 9677 6202 6243 8901 9589 1981 487 1951 9451 5001 3827 5824 9694 4801 4698 3277 9127 681 4645 4351 9526 3915 6037 4795 1728 4654 9505
2311 7425 6194 2588 1775 7067 6827 7319 5806 4987 7508 6807 208 6598 3651 1804 7067 8420 8191 8031 7593 5416 1948 6859 2809 4455 8516 101 3886 3061 2940 9603 7582 5928 4663 4368 8044 5761 6625 2466 6352 9642 3265 5545 3970 6181 9112 4330 1804 1596 8878 7337 3835 2354 5749 5281 2177 2416 2432 6016 8450 9181 6496 9630 4393 4788 1750 59 572 6415 788 6312 7723 5395 5812 18 9393 3934 6439
9343 1496 4239 6854 7778 4825 1167 2048 2656 3417 7822 2223 9250 42 5242 8021 7698 1967 7375 6865 7849 2907 1982 3906 2535 561 6075 1683 7060 6802 6876 4573 6406 9703 4915 8794 7462 2993 5010 7873 4363 7999 6790 571 3447 4159 8968 2560 605 8039 8762 4808 1405 1034 3823 6028 2468 7202 7381 7000 6400 8271 5272 9925 4907 2202 2679 7966 4874 3493 6563 699 5809 7604 8287 7150 7432 2643 9903
6680 2465 1490 2341 8002 8863 1290 634 7102 9207 7386 8812 1436 3748 386 8818 478 3940 4589 5050 4998 4591 8713 8137 4988 1981 8974 8735 5875 661 2993 305 7354 5367 9969 6484 4144 823 9658 9211 984 4111 5908 2233 4009 952 3936 2493 2123 1228 5787 2084 2099 9019 4277 9962 9062 2719 294 1644 1891 2473 3520 6521 40 217 7412 5275 3547 6430 2971 1021 8794 7384 1483 5380 752 8173 3124
7800 2914 4393 2838 5728 7670 1728 9562 7965 649 4699 6741 4528 9598 5506 7162 9238 4645 761 7009 7274 1822 4165 6574 7999 2216 3574 1288 7829 6841 7219 8412 2080 2814 5826 7354 2883 3444 3081 5930 9065 7096 5412 4749 9276 8229 6382 5644 3101 4951 2530 9073 8213 1522 6933 6060 2982 4093 1031 9115 5235 2868 2126 7666 4901 8255 1924 3999 9886 4236 9505 1317 4577 4884 2200 4974 7336 720 7393
748 4357 9571 5097 1510 2487 5959 2767 7561 8806 5797 6918 2482 2476 9098 7943 4942 9349 5392 331 5045 7357 6634 2269 8703 3427 610 2417 4645 3433 7932 7052 9461 1142 607 2599 559 2044 6109 1858 8350 6162 3301 4046 5071 2422 958 7339 9509 6126 8443 6865 6676 217 4276 6199 351 3799 2848 3096 5816 6985 9300 216 8378 8578 9964 4960 9895 9616 2509 6929 2123 1111 9964 5182 7477 2506 7348
2845 5581 4598 2505 4958 2561 3241 6249 7426 7759 7830 7876 5514 3526 755 87 736 8749 8332 7793 1736 1589 4915 9736 1994 1596 1072 7456 5896 5787 8852 6478 2988 761 5905 9233 1841 8980 1098 7751 9000 9258 9226 4203 8641 210 1033 2632 4033 2155 8616 3373 64 2344 1122 1612 14 2653 4099 3930 6583 8230 7513 3112 5296 8307 6733 6381 585 7426 2596 4710 3337 8504 8787 3493 3163 4899 5553
