69
5259 7856 5364 8134 2687 5242 8207 253 904 873 7495 2925 5862 2779 5152 856 6073 1117 9306 4811 3895 859 5369 3487 7852 8695 1773 842 5268 1990 9642 4148 100 8695 3320 4970 8249 6356 937 9503 2648 4969 7570 5237 4501 4291 8196 6295 6005 8313 9738 2397 9719 908 7668 7247 9215 3538 2781 8311 118 7471 7342 8661 8955 5214 7903 5023 2239
5435 7670 6868 6234 5641 451 3418 4664 658 757 2328 5503 7326 2560 2092 6260 1805 2378 5918 3677 8027 4602 5581 3319 8020 2461 9100 9450 5113 7868 5487 6613 4309 1384 7147 4889 4960 5047 5047 8197 6183 5375 8455 9379 2701 3949 9694 1402 9148 6985 6069 6017 1648 2983 5974 4210 4910 601 7198 3805 2507 9838 3708 236 2958 2756 9074 4870 4482
1285 8521 7390 3089 5106 1279 9520 4720 5803 7267 910 7462 5348 8265 9643 6556 145 2250 3034 2965 2324 7493 1174 8078 7371 102 793 2618 7614 3386 2002 775 4867 197 6241 845 4267 9883 7452 9517 9771 7519 4146 5248 9868 9865 8064 2034 8735 7531 4035 5446 8098 853 8549 1123 7705 3069 4411 8700 8482 9667 3646 9688 4028 7869 1234 1143 397
925 4720 8743 8217 2241 2314 5959 8000 9964 9446 9747 6985 7912 1406 3241 4555 8479 2747 8094 4291 4666 4285 4597 3751 1713 2236 2338 9048 7654 4945 1315 5836 3196 1492 6094 1387 3879 8464 2324 5497 596 658 8764 6131 6117 3699 450 4349 7905 6910 6309 9089 5871 3016 7374 7561 4461 8020 333 8290 692 4654 7744 4033 6103 9239 5083 1195 9399
7030 8423 2254 5891 3191 8422 3026 4852 8450 8244 6304 6281 782 1645 4339 3280 4086 9461 3434 6535 8485 1585 7897 4867 8708 2017 3667 3757 5896 9691 7392 9622 942 3613 1180 3774 684 8193 7000 3198 6605 4010 3349 5902 4446 773 577 3233 9134 9635 9330 7324 4908 6106 8698 4476 6733 3583 5510 9586 5507 8572 6961 8410 6832 4328 4834 2269 1444
6355 3653 5579 1531 2674 4303 3741 9527 445 9649 482 8179 8614 4402 8542 458 7492 8394 7381 2399 6465 8365 93 5861 1311 1890 3898 272 1097 9401 2627 3806 5617 8275 140 2843 2289 1063 6428 6315 3970 4132 7309 2975 4848 1926 7600 30 1501 9638 2434 4030 4987 8358 3013 7079 9603 8380 3318 8074 2553 8944 366 7405 7646 9571 5253 7939 5445
5171 280 8622 7027 8191 3538 6027 5758 4696 6302 9780 1292 9409 7069 6595 8179 1883 5979 8470 2575 4039 8945 3862 7174 685 1906 5336 1138 7090 7894 7123 2740 3643 8152 3623 4353 536 5443 3887 6595 4878 9301 9131 5892 3385 3654 9800 6625 9893 9401 1777 7397 5056 2200 5417 1288 4751 8988 7973 8317 4377 3343 279 5545 5389 77 8764 1233 4016
1069 6384 9469 6759 1156 945 2595 1908 9981 2154 1792 3871 9473 9859 853 980 4913 1959 157 9609 6970 4387 8053 1000 8923 7027 8581 664 7600 9125 127 6487 4609 4201 7055 9174 9758 6823 3799 2399 6333 2329 2687 3910 4409 2388 3880 1583 6326 45 5383 3081 5644 8992 5519 2590 7557 3829 171 6240 1733 3207 2044 6587 5391 359 1578 8461 6647
5200 1216 938 1838 514 4165 3906 9352 4005 8920 6799 2643 1860 1435 1002 984 1142 4227 5830 1866 3445 6370 7281 7828 8191 9058 4067 9679 7739 5539 3805 7431 3507 6072 5532 838 9703 7704 2791 7729 480 8809 1171 840 2524 1904 5517 6157 5082 5725 7990 9070 4027 8642 5238 7987 3732 719 8066 715 8710 1765 6612 6258 6150 488 8854 1219 4775
9213 9733 8371 4795 7980 5382 3025 2410 3333 6307 6598 3726 4413 1509 7756 757 6273 3341 7964 8733 5951 7635 3511 2798 8012 3952 5923 4241 3565 4447 3430 5862 7492 364 3567 232 5995 8550 2038 4564 355 5896 1640 9424 55 8557 4005 9646 2287 9874 9211 4495 3079 4063 2009 2704 2693 6973 3748 4807 2873 9670 7453 1831 751 11 5379 6035 9808
5042 3815 4300 8257 1026 1116 7042 7984 1351 9388 1814 3917 1151 9934 1459 4069 5185 8353 5524 3364 449 9518 661 8879 4702 1525 7201 5299 901 555 3531 1258 3017 2324 953 864 5821 7273 3613 6391 9046 3396 1126 9354 3147 8587 9048 6299 523 7387 6706 7954 3423 3283 3982 3007 4441 7459 6756 9163 8755 5394 5666 7371 3025 1681 644 5005 872
2320 111 131 2053 9140 8347 8311 2656 8827 1448 1273 618 1521 6226 8261 9378 9736 9546 7817 4479 9746 8008 2350 3406 2046 3311 1813 5361 8177 9122 6501 7988 6850 5284 6121 6568 2776 4042 8075 6346 9703 7777 1239 8002 3327 5402 843 1257 6415 3214 6833 2771 9583 1151 5683 7327 9780 5318 4265 2476 442 595 115 286 5121 2926 679 2036 4022
5971 9367 3422 6005 432 3358 567 8346 6254 3744 4357 8119 3655 3169 7262 2152 4588 9028 806 5848 5761 3255 4910 2760 383 7522 8572 5167 3682 4249 3301 1541 2551 6215 3344 5860 3208 2111 8746 2479 5661 7840 4357 6052 7946 6031 2800 3492 1899 5843 4233 6193 195 6607 4300 1932 4534 3673 595 5716 2887 151 8146 3757 5571 6025 8140 2314 3327
6652 2668 820 124 373 5221 3192 8317 7203 7672 5446 2322 910 529 5477 3851 6978 8131 5907 643 358 5551 4674 7468 3168 1978 9342 5223 7036 7084 892 5506 7575 4438 7345 5672 6022 7256 7888 7330 3949 4915 5137 7350 6733 5650 72 2254 8989 6256 463 6226 8332 9217 5758 4199 1072 3087 9223 1243 3713 2950 3204 8393 4591 9869 5463 9489 8542
7021 9402 7347 9256 6804 34 1472 5479 5641 3309 1020 1879 6403 8559 1072 9742 8271 3310 5495 4370 9832 5525 3594 199 5866 4807 4509 5960 8812 6220 7219 1432 2377 3940 9162 7893 8385 1819 2203 1877 5974 6630 6985 2857 7877 9622 9609 7007 1594 4138 3065 829 7499 7844 7932 3134 6823 5890 352 4925 89 9211 8373 2296 3259 7222 7610 3101 4904
8790 7635 5048 7938 9342 8483 2645 8173 2951 3686 2385 4624 8915 3013 2872 9879 4978 9538 251 5938 4006 1707 7635 8098 4749 4858 4321 1771 2715 2664 802 5520 8614 5068 5880 1994 3697 2300 9362 3862 2689 7508 7666 659 3388 9958 7739 3961 992 2554 2033 8472 8035 3354 2938 2624 4824 5545 5779 103 264 1126 5225 8704 543 6157 5447 1263 2872
3535 9283 9928 9709 8775 4172 8176 3762 1594 584 4743 2286 7684 2611 1596 7231 5051 5705 6932 8056 6370 121 3862 1251 3922 4780 4606 3430 9928 4705 1184 7637 8592 6910 5337 2710 482 8812 8815 649 5145 2178 1486 7068 8349 2512 294 9451 292 8389 3396 5878 6190 4372 438 2356 5785 7993 6985 9537 1135 6514 3985 8317 5358 2808 6619 3392 6595
2930 9489 7492 125 4123 7006 901 6458 8269 1893 9421 7604 5236 6049 6302 3564 6684 1858 3358 9431 4150 6184 5921 9484 5863 9384 1166 6262 6216 7462 1366 6157 1831 4060 4158 5269 3843 5215 1802 8506 8407 8635 913 7349 4701 6585 8098 8911 7580 1108 6647 3452 4277 1915 6894 8317 7290 1 5331 2557 7173 6805 7343 3316 7130 3745 5644 2944 2333
5816 5839 8671 6438 1948 4622 4681 6094 7329 3345 8911 9809 6910 2638 3859 9116 2641 766 5066 1609 70 6313 162 4504 4233 9865 1159 5482 9901 9672 787 8524 4607 4787 5137 7492 6022 3232 4102 117 2822 8070 4518 737 1090 6053 9967 3087 7051 144 1783 9161 4845 2833 3123 8636 1645 6768 1987 7718 2891 949 8167 5452 8272 883 1965 844 370
4251 3109 5412 9443 2062 1574 3033 9264 9934 8768 716 2476 2521 2863 5380 3928 982 5284 5582 6864 2993 8398 6511 5530 8508 1756 2323 6892 8830 8966 2190 2917 8075 6250 2746 741 307 9549 9463 5152 8552 9931 3691 6902 50 5215 4642 3211 8792 8582 6865 1350 2625 3631 4493 6207 3268 7150 7721 4522 6304 5013 6189 1260 6316 5159 4333 3617 1720
5167 4390 507 5971 4371 7807 9562 1070 2212 9485 4664 9818 6867 1954 1594 7662 5314 6047 8208 2209 7849 7336 4215 6723 8208 7682 9619 8749 6582 6648 391 7307 6130 1858 4003 2020 475 856 7282 733 749 4123 4675 9652 9890 8944 3049 8435 3249 6050 8692 2612 5600 3653 773 4981 2161 4753 3462 667 1831 9495 6087 806 8604 4638 7475 7613 70
9400 4258 4989 3238 3103 3181 8670 856 4788 1320 5965 6679 388 8293 2220 5219 820 829 1310 9584 2025 430 4459 928 2233 6854 5997 8668 9035 2588 8956 1882 6112 2944 8030 2408 8419 2689 1090 258 6156 6687 365 6928 3419 7750 3720 4744 465 6931 9388 4819 5995 1702 1093 964 5832 3773 3118 5097 1803 6238 3376 9511 4115 1723 4391 5908 6113
1833 7060 7800 6685 7075 6088 691 6443 6958 3070 9028 7308 7894 9835 6814 6518 8969 7668 4821 3718 1216 9418 4063 3796 6218 1561 1974 9087 5614 8326 2638 9863 1255 6436 2655 5843 3225 5666 2087 195 1891 7914 2287 3176 3147 1258 6706 1718 3110 3277 3710 1509 7063 3915 2784 8818 4330 9658 4426 9043 2476 4558 5401 6343 4723 3310 6687 343 9279
5935 1559 5870 5815 3023 5740 2575 3029 7104 7833 2559 9640 1387 3653 1090 9082 8229 7492 8359 2644 3664 3168 1983 5329 5803 2490 8563 6703 9274 1528 5311 7912 3767 5543 7371 838 6238 316 4001 7272 9451 2704 7933 5356 8106 8575 7322 212 1936 172 6133 4484 1007 8604 6056 5705 4951 9658 3331 7066 8155 883 8197 4240 3090 4306 7566 3529 1374
6945 8632 9044 37 2679 1456 1938 6266 6922 7954 6482 6496 5467 9862 2566 8587 9992 199 4138 5222 991 21 5233 6434 8683 5542 2233 3366 1090 6054 1225 4633 2458 121 6969 8418 2255 2311 158 8659 9343 5995 5888 6670 7879 4783 1441 6035 6044 7020 4715 1904 5663 8851 482 1442 6111 1138 2324 6388 7363 2116 6606 6665 8311 377 5539 9004 9850
3367 2120 4762 2170 8293 7071 7424 8449 1137 1970 187 9236 1999 7591 1664 4092 7151 6651 5579 9889 525 9498 1629 7114 5425 2032 1844 8082 2400 3647 8533 7151 6724 905 7235 2572 2251 7072 5989 4911 802 2361 4236 7604 232 4030 7955 2005 8130 834 280 9364 3223 6531 5194 7774 5477 952 819 5761 8320 4441 8527 2215 2044 5011 7903 5590 3763
7913 7859 6205 826 1450 460 3511 670 1921 7288 6470 8281 9718 4054 9703 255 2212 1591 856 2134 3454 5017 2461 2611 3297 8215 2127 5842 7544 727 1763 4373 3196 4763 7114 8856 7483 1069 4720 6659 9639 9076 4219 6697 6359 1050 5007 2878 9682 9901 9343 1204 4764 9298 2629 34 8623 2813 5723 7066 5191 1159 9854 2224 2542 6384 4483 1602 6760
2061 3230 9142 6667 7561 2398 3930 4081 4535 4133 2889 3991 1396 452 4946 9032 2616 859 1329 2710 5644 3061 4253 7129 2968 4236 1669 5688 7126 4985 4111 2818 4059 9632 3055 7490 8193 3411 8038 3025 3484 2191 4681 2459 9578 7420 2567 8799 2494 1711 859 1552 1393 5406 4202 9463 7819 6148 7366 7079 6417 3850 1252 2086 8504 7570 97 9639 3865
9330 6506 2075 4180 9693 6517 6781 8563 7018 5100 7723 1480 335 8127 102 7228 9567 2815 1234 5887 3916 2651 1563 7324 9806 9883 1379 786 3727 3696 8661 4753 3108 4450 298 8980 2459 1234 3426 7967 4756 6199 331 2227 1555 7027 7639 7411 1180 7426 7380 1951 3673 1370 1464 230 5185 2632 48 934 5267 1077 4299 6103 9092 4246 4258 8365 2311
8075 7591 2824 4992 2303 3457 6986 7417 1972 1891 6300 7150 9353 5957 2551 958 3805 4797 7963 5155 2279 6777 4540 3949 5230 6196 3984 6998 7773 2563 901 4449 8002 8108 5071 7239 2713 1483 3659 9703 5365 8352 4984 1651 6123 1796 10 4553 199 3220 3012 2742 4470 8444 5917 8728 7228 5487 4249 9934 2465 4858 2347 8130 4043 3985 5794 1231 5154
9316 3862 9267 4821 955 8542 7753 3343 7261 8824 1011 2035 8277 7263 3141 5985 4933 5338 551 9810 7888 4288 1782 9722 7951 375 4261 2216 2350 3776 7581 3333 8040 8501 7147 6810 2899 9693 6361 7360 3630 7046 3986 6134 2592 49 5468 2902 8456 7108 6535 8284 3175 3192 5563 6168 1406 1841 1633 1672 2176 2764 3986 1681 3279 1050 1079 542 9019
2550 2333 5686 4009 1760 6141 9871 476 1532 3436 3588 9059 7074 4831 286 7349 1191 3268 9274 9424 4063 2080 9705 2201 8178 3273 518 3280 5950 4675 3664 5324 5100 181 3315 7813 8670 2789 378 5750 537 724 4024 9010 6540 7474 7190 875 4850 562 5860 9441 589 1266 2644 5281 2101 5845 2272 2156 1873 1162 3356 3022 9184 2810 2206 8487 6880
7124 4312 3877 7984 8404 3371 6414 5842 4873 1555 6289 5872 8262 4425 7567 2491 6850 8098 7729 6096 8005 4234 1453 2611 8023 731 1054 8109 7448 7647 6412 8964 3156 2794 3105 7486 4346 4142 3938 9883 6634 7115 8196 2825 319 1585 631 5052 205 307 9201 891 9502 7096 6258 2722 3504 9190 6067 9393 9834 1445 2406 4032 7426 8584 1249 6119 2883
7759 5958 7114 835 9655 5149 7279 8358 4213 2749 1462 944 48 8455 9805 3067 9274 5598 343 1451 4086 4445 6219 7087 7414 7115 2881 7248 2665 4237 5715 1634 2269 7756 4365 9525 8112 7417 2269 3400 4627 8848 3176 7791 3967 973 6862 1963 8245 9334 2601 2027 6927 5002 6526 7545 2278 2629 2318 6361 163 596 6729 2893 4795 405 9672 3556 2217
9109 1026 6851 3154 8246 8182 2818 4567 3692 3385 9045 9277 2113 9922 8969 6157 2148 8275 7657 9057 6634 3892 4763 1783 4240 6502 5284 7284 5934 6094 8155 8182 8636 6723 5185 4116 4693 7795 3440 9655 6970 4806 4802 9057 9448 4270 1756 9309 1360 9307 9478 910 4065 3303 7543 78 7735 28 4872 7846 2323 7781 1504 418 4159 3334 4611 8509 8791
7085 8593 757 9250 6634 4679 8840 8882 6183 5716 743 2125 5875 7960 8875 2350 3100 8196 7348 1770 3959 4456 848 7866 3043 7579 9892 5186 460 9494 2032 5938 8911 7432 4738 7886 5032 3607 6934 6958 9264 9355 5955 6659 2854 7938 8939 9824 8163 7405 5716 5503 8632 1778 678 2870 7291 9334 3865 4236 2568 9496 1243 6537 5446 8665 2751 8999 2838
2432 2298 2479 6994 3242 790 2884 1699 8895 1453 9549 373 9816 4975 1873 7591 270 5281 2827 7818 6980 9130 1576 2251 7715 8517 5468 1182 3047 8038 659 3572 9840 9565 5110 2656 827 8282 5444 4435 3910 5514 1974 220 4504 6075 9169 5851 1549 5247 1318 8626 844 9668 7635 2581 6436 2492 8487 1821 3481 1528 781 208 8245 8572 700 9318 6326
3611 9067 9961 734 6839 4847 1444 8389 2511 8068 6472 4885 4115 5167 5088 8391 9023 9415 4295 4956 3154 721 4357 5763 9982 8867 1756 3135 5841 6026 2078 2068 4565 8707 2809 7846 1057 1967 8167 4988 6384 1774 1197 7066 7696 6340 3571 1112 5851 7283 9356 946 9570 6894 2035 9274 7588 2763 8011 969 4723 4243 2387 8356 331 2034 2765 7972 4498
5192 8383 3664 3334 7152 9895 9028 2062 7426 1163 2718 5133 1096 7318 5593 6862 1097 4330 1792 7426 424 76 3280 6768 9100 8334 6962 7231 6412 7093 9847 1395 466 8851 1060 6613 3022 5639 352 6414 7362 9891 5218 2542 9931 5716 927 5518 8439 7363 5271 4654 7828 7928 2423 6364 536 4434 1015 814 203 338 5050 7012 7049 5083 8659 6778 6021
9334 6481 643 1238 12 4549 2594 9631 4946 2700 8350 2452 2464 2086 1859 3631 1521 6952 8344 7741 6145 5314 3485 6362 1828 5388 9676 2476 2603 718 9358 6766 3006 7144 1147 7564 5505 2327 8875 4893 5587 3236 1201 4075 7411 3259 1255 6361 7987 279 5389 8286 5162 5261 5 9750 4996 9469 2944 5296 6073 5951 1573 3565 5505 7672 1093 6619 883
9843 4924 397 9244 4680 4586 1561 2345 5514 2185 9661 4820 3435 2251 2324 4762 2980 6117 9919 2086 687 9909 7525 392 3668 1552 8164 4710 4948 1797 9853 7814 4042 1654 346 7318 298 4906 3477 7968 3143 2263 1595 2557 1648 847 4159 5584 3952 3797 7402 3689 1474 584 3325 2138 8614 9132 7579 4 7141 4753 1704 9397 2794 6733 1514 8960 7708
4886 8614 6244 6562 2181 5471 1031 7426 9793 7576 6348 2541 3250 3565 3545 3098 6770 8470 7536 5629 5992 3541 5615 9956 3674 6672 3175 8476 307 5386 6961 7246 8137 1645 1960 7753 2308 2486 4576 2165 4073 6964 9589 9092 4151 6652 5761 3465 8659 1744 9202 9195 6641 1486 8948 5329 3956 2750 8107 5006 6207 4807 703 8416 6612 5962 2626 6981 1350
817 7264 3169 9972 4643 1110 9874 4322 1636 4435 4588 5095 5293 6920 9304 4174 5239 1387 8794 6667 9782 2428 6180 3526 936 5374 1590 5426 8626 1882 8648 3035 7605 2198 7345 2893 695 7351 9742 1365 3412 8087 3513 6667 4009 5992 3505 4240 2575 4292 3067 2156 4005 2810 3958 7816 7689 6502 1596 4864 283 9676 1387 9572 982 342 5728 3605 1540
4909 3301 5116 2723 4771 5734 1032 2413 1261 4800 6502 3439 4951 8911 5452 9295 4988 9351 7363 9105 5997 1383 1016 5752 8504 4837 4880 8006 9290 2722 6256 106 3318 8300 910 7447 1763 5952 7438 7150 3026 2818 2903 2899 5618 1593 3841 5789 4195 8655 5770 5569 5062 708 4038 2478 4093 8359 7097 252 1827 4870 4512 4964 8504 6664 5468 208 4717
5792 1314 8907 859 1932 4811 1189 5111 3057 2697 3448 312 1282 5283 2739 8250 2473 3340 8100 3323 4771 6230 8783 9424 8593 4972 8396 4724 8032 6769 2728 962 9250 4699 3183 9626 167 3078 7420 9908 8314 6589 2204 6848 3298 869 4837 280 7162 1990 2867 2767 5522 639 3378 1342 3329 3049 4570 3537 3592 2269 5446 2772 5935 2938 1828 6944 2861
6742 8655 1393 7654 9442 8592 6899 1130 5491 2321 7763 1151 494 5936 784 1365 5732 2359 1761 4406 4036 2795 1115 3232 7195 3418 8944 672 5509 6499 9641 9460 6889 1592 1605 4474 8398 4049 7276 324 7066 8042 9082 8746 5704 3502 6076 3730 313 1401 7926 6428 5937 7944 1347 5076 6131 4057 600 3151 6479 6486 9811 9677 8992 1543 7452 1936 7552
6532 6292 4489 7086 7958 474 82 2300 5004 2879 4989 3999 6675 3617 6014 1662 5181 3964 5276 2431 1261 3829 7030 3367 7219 1248 2179 8767 9022 3037 3532 3347 181 6727 8848 1081 3944 7942 7751 9238 2476 5024 8047 8881 5259 3184 9923 6892 9217 4006 1269 1084 9334 6836 1981 9164 3356 5567 3494 2064 5809 8841 8403 1585 9584 4150 5095 3299 2561
6565 8141 7861 9055 5083 5761 1420 2988 952 8749 4830 9956 7965 8998 1725 5369 5536 6382 3509 8844 2290 7840 6409 8326 9010 2303 559 100 7678 1872 354 5113 2591 1807 9778 1288 6898 3049 6382 3289 2288 1661 6737 6675 7561 6082 5384 1147 8005 2562 4756 936 2446 2190 6273 8921 5235 1395 887 7789 1373 2366 8650 8875 3733 3711 7690 611 1058
7318 1906 6634 6061 4672 4345 6231 4041 121 3378 3871 5958 6296 735 3870 9522 5710 8566 2035 9454 7027 7565 5661 4555 6307 8273 8746 847 2773 1362 3670 3154 9580 2438 3430 8503 3818 6519 1450 8812 4657 5365 6345 8389 7370 6175 3665 8947 7921 2620 9513 5767 9586 3763 2608 2382 1347 9773 7024 9899 6481 763 4280 6458 7563 310 6985 6526 4669
8006 4301 7404 3197 385 8196 915 9934 6199 7811 1792 5053 8384 7186 3752 4791 8234 3421 4316 8092 6521 3558 8088 8227 9593 4003 6025 5728 1785 3394 1748 4024 9449 6175 3133 8149 2395 1022 4062 4834 2146 9667 1906 5989 3960 6417 9150 8563 7453 1819 7867 4257 6669 1962 4027 223 4797 8207 3776 438 3997 3115 7219 3763 8687 4471 3823 1294 9151
3941 6646 8099 7482 5747 4352 797 670 1723 2758 5383 1855 8121 1970 9417 2831 24 248 7661 2476 8548 7040 685 1435 7737 3602 7673 3844 8238 8416 7280 4453 6159 217 2962 1270 3689 266 4786 8587 5721 4324 7609 5992 7049 7901 5391 1530 8015 1739 7165 3745 9633 6232 6782 7429 7084 7678 4748 8074 4633 2101 668 2014 7597 8129 6712 3014 6650
1053 3673 1532 377 2980 8478 213 6286 67 8630 8011 4476 2452 235 2221 625 1054 9630 1408 6982 145 5859 2208 6634 4878 4204 3876 9319 5457 5421 6842 4386 7681 9538 6859 6080 7628 10 6154 1241 4788 3497 9075 415 9956 1813 6445 676 6135 8275 6626 8932 1348 5135 6370 7483 9060 7809 2716 6356 9285 3441 262 2062 8461 544 3736 5869 2449
9052 6265 8551 2389 7887 9997 3577 7193 1080 8773 9751 6268 4069 3165 8251 8093 9229 3380 6997 8266 2452 5594 9673 9373 3829 9421 9656 5366 7774 5575 7609 8308 7835 3795 955 4294 2542 9439 6578 5923 6207 9274 2358 7741 7443 8353 8920 3806 9667 4626 3577 9649 9512 5376 9736 3967 2146 82 9750 7669 6067 3619 356 7189 575 6057 2773 8569 3820
4732 1461 9247 1137 8889 1990 901 5730 7318 378 5404 673 5119 2102 4222 7178 6746 15 3761 9164 906 9283 9461 4786 3774 7804 1519 60 1311 5275 3034 2734 4278 5788 3082 7177 6057 6032 812 3664 6778 3290 4872 1974 1995 4196 2278 2812 4094 1452 7579 3568 2242 8702 3512 3189 2645 56 8949 6313 3574 406 3638 6627 9010 4510 7701 1486 4372
8815 466 8081 8404 3401 1150 9298 291 3013 4607 8345 3544 2631 2008 6058 5143 6579 9756 4171 2953 9316 7698 7306 951 1878 2809 9718 8889 2154 6535 9775 5106 9979 6365 2613 9496 9262 8764 5995 8375 6144 4753 7919 1828 8296 5042 5354 6097 7633 9482 5500 3233 9313 1873 20 1270 2494 1516 4229 8469 902 4684 8794 9923 4401 771 5631 9628 5326
2602 8046 6329 5578 6634 9972 4268 963 2061 9649 6784 6784 8589 7327 5284 5548 7952 6844 136 775 3763 1288 3733 925 9428 1963 9170 5824 5325 5046 2278 2644 7696 1276 4105 5369 4247 8461 6270 5836 3157 3958 5338 5934 5335 9697 6241 5091 8398 8203 8867 5204 830 6499 7210 3312 7014 8303 1304 8965 8386 7079 9146 9217 3963 7958 6667 5671 6073
6789 3969 7809 6994 5699 563 346 2986 6441 6327 595 3620 7739 904 4531 4069 1990 3154 9868 5617 3985 6815 9899 8905 2707 6373 8506 9183 1415 6427 9448 3070 9598 4906 7186 8508 3026 8359 5292 6171 433 2769 2592 5564 966 3899 1282 8878 562 2003 5589 3401 3796 5068 6972 2728 521 1900 3466 9841 9488 4687 8783 3169 5833 440 1247 3061 1677
3847 9445 9043 8195 7210 6308 9724 3550 5812 168 9486 4502 3193 8053 1360 2305 5956 7912 1036 5638 7129 679 5546 2868 5191 7147 7975 6784 8650 3242 5772 6970 9966 5629 7186 8302 4161 4393 1900 54 8000 4180 4474 5162 6535 439 7048 6416 4246 5888 540 6670 1090 7684 7185 1781 4825 9520 9434 5264 3466 2146 2139 2887 6177 2694 2644 6454 9107
7294 8471 4791 565 4171 2486 5341 8356 8785 2775 5950 5789 1941 9798 7560 2707 2689 2741 8148 640 7208 9589 6170 1019 6036 8343 1473 7483 4364 3826 4254 8400 6452 5241 9535 5239 2896 7447 7419 4010 4996 2826 7884 3070 8086 9712 6679 5494 3568 3818 8999 5208 3760 5558 459 3019 8173 8122 9812 4362 7759 404 6239 7414 2356 610 3817 6830 9760
733 8513 2608 7855 671 1369 8681 8452 1004 1423 4924 8804 741 7014 335 3291 4660 1144 8833 8614 1837 2384 2113 6891 8567 6968 4928 5954 6496 9585 4186 1588 7700 2839 1478 225 1585 4618 9339 3290 1429 9928 8746 5593 1859 6949 6715 3547 4975 5082 6607 326 1361 437 1810 9124 5477 8153 9351 3474 1432 2417 3507 4949 7970 3363 6850 574 9091
4513 6096 8961 7885 2590 2897 6109 4456 8699 7534 9844 246 7952 5570 7316 3749 6427 4205 8314 7931 5847 7273 6557 8774 8738 4746 7987 3949 2756 8204 7885 8846 5475 5455 7715 3521 4347 6067 9433 7105 163 1213 2586 3411 1211 9346 6055 439 7885 1177 4864 1273 2069 4168 5721 3942 8293 2247 5379 9105 3952 5292 7185 6523 1489 4940 3343 8875 7220
246 6391 6116 6747 2168 3301 251 1 8521 1987 5359 7045 5710 4849 7258 4712 907 4767 7342 7309 1462 8896 4114 3244 6310 3715 2526 1733 8934 2762 4423 4973 9461 7786 2506 9624 1996 9280 8573 4888 3853 3927 2046 2506 1504 2829 5109 4789 4456 4833 4182 5503 2674 4209 8983 6154 6545 8554 9361 3583 9663 4525 1849 9699 7873 4622 892 6778 6682
8065 5608 2385 7048 1870 4357 7448 3079 5490 1387 2362 1771 5797 4973 8701 1486 3382 714 6507 8781 2361 5089 616 4766 6212 5637 9744 708 3529 4390 710 2604 4648 533 3364 9050 347 3358 7553 7262 7822 1255 5520 28 2023 8243 7606 4938 1354 4084 211 1033 8832 8344 3415 4356 3443 631 7 6439 7776 559 1216 1964 3275 7615 4581 4456 7628
4280 2719 6749 9882 1810 2294 7045 5931 3142 2838 1740 6946 6805 2763 817 5263 8425 8019 6841 5140 2107 4724 8322 4871 4499 2827 9676 4562 1774 206 6540 8000 1224 6904 497 5455 2677 8110 3664 678 2152 4597 1369 9749 1909 6304 3907 8079 632 691 1657 549 3552 6570 8515 184 4660 9550 982 6357 2483 9531 86 1399 7264 3274 4420 5731 174
9868 2001 5216 9400 142 45 9263 8339 9062 8372 9244 4072 5636 379 7343 8108 2431 9364 3208 948 5798 694 6876 2687 2207 1621 1681 4585 9581 803 3524 1969 2896 2858 5899 3290 2695 2659 3114 6705 9008 7829 7675 7393 2462 2984 730 6349 6809 9311 2956 8282 4148 1387 8801 466 370 1849 5590 7420 7531 9817 8101 5447 7168 7706 5155 1 313
6755 7508 1756 938 811 2872 5515 9888 853 8363 6137 3719 884 5126 4735 2575 7233 5554 1865 880 2566 5795 6715 3253 3295 4663 9523 8058 9099 7948 8130 4188 5559 5485 7676 3400 8823 5164 775 9800 4 8776 2044 1940 1474 2443 4330 3752 8368 2698 1629 2464 4038 1882 2586 7732 5248 1138 9205 9904 1551 164 4596 8793 6662 9118 7089 6202 5628
6493 8864 7558 4371 532 6238 4543 6850 9904 574 9694 4842 3190 5360 4436 473 696 9277 6133 6623 4243 580 2263 4600 9211 4594 775 2087 7741 3432 2857 964 111 7853 4366 1703 4658 3316 9959 9684 4685 7021 2752 4246 3066 2455 8137 2295 5824 5875 7592 3698 4502 6363 8627 5332 5362 9562 6967 1795 3024 6060 8005 4456 9046 6183 1556 1496 7102
1882 8485 2503 5068 2160 8170 6598 4537 3848 6865 2422 3132 8002 8191 5050 6400 3236 3618 523 8956 4364 9154 3317 9282 483 872 3928 3728 7900 5402 3719 7820 1975 1516 3898 9139 4787 3537 9371 2302 3796 1394 675 4156 6469 1571 1090 232 5167 8059 6232 5503 3418 688 4834 7413 6927 1007 7114 2980 9981 2560 8752 1405 4132 9673 6466 2653 5089
8965 304 5391 9038 9889 8813 2775 7447 3551 4426 5065 8761 6001 6130 7374 4501 4477 1546 3031 2331 6508 3730 8326 3436 826 8522 3443 5437 4590 9575 1527 6157 6806 3612 4600 4850 2696 5403 9363 3496 55 7669 297 2947 1871 587 7679 4549 5488 9880 4082 8630 2153 1703 6404 6771 1855 1350 1891 6544 6023 329 3277 2349 208 4866 6437 315 6464
