80
6115 226 7314 841 4833 4447 9172 4062 4168 856 28 8578 5656 9814 7858 9826 103 5929 3873 5267 2711 5017 3657 6777 7255 103 8200 7338 4126 4095 3785 7921 670 4905 4774 2780 2887 4643 5749 4599 746 2527 6856 5895 6100 4738 3286 5491 2497 4280 8523 5682 6602 8268 5911 1423 8549 7338 8788 453 8843 9694 2144 4918 1664 9430 9130 9016 6370 6265 910 7320 6355 9082 1300 4849 5603 2707 2617 8336
7993 7364 6361 1933 5896 4375 4794 3941 314 1988 1480 7120 1035 8450 4654 3439 973 6881 750 8167 6264 595 6850 4404 2416 7150 7787 7789 7790 9773 2938 9238 1214 3124 349 4114 3743 3640 8765 2236 5363 5003 6521 666 8796 1174 9596 1605 8182 1588 9061 4954 7324 1569 5856 4477 5340 2211 6657 5673 9405 2741 4276 3646 5095 5365 8503 9136 8599 8878 916 3664 8948 5476 6011 440 2114 9508 4603 3697
2880 4652 6623 5303 5272 3445 2248 8622 9733 7315 948 1108 7066 1298 4834 2463 2224 8101 367 9763 2586 3649 279 6590 1293 6138 628 4403 7521 7684 887 2509 9833 2323 9281 6352 5356 2905 5220 8608 206 6414 1427 5924 199 8732 7064 2131 98 2636 6003 2202 7361 7174 6583 7624 2913 7228 8815 8975 2763 4374 1261 225 595 9745 1115 8194 1231 6898 2221 1684 5281 826 5122 6772 8704 7393 7351 6994
1684 3142 2866 325 1933 9552 9845 5725 6589 8008 1342 5380 2641 7170 7471 248 3268 9772 9674 1452 7645 3447 6582 7274 4240 712 4819 5953 5368 9238 2674 6415 3650 4542 1926 2036 179 7045 7989 7073 7090 2025 9554 8076 6556 8941 9598 5963 1504 4166 3634 4555 5677 7426 7590 5124 9595 7570 6823 4615 2031 2026 85 3007 6095 1027 4098 9910 7273 9886 3600 859 4975 4640 2212 3595 2926 1774 5713 8839
1965 2385 1741 8803 584 820 6411 7240 2328 8119 835 8281 6955 6173 8456 5152 3439 463 4227 9604 7178 2456 3442 2915 2344 604 8484 2751 1099 758 1700 266 4204 255 3398 4618 705 1294 4002 3836 2860 1267 8220 5270 6364 8896 6955 7414 7712 7791 1382 9973 458 1754 1804 1879 2651 5448 4001 280 6877 5068 7380 8731 2350 2608 4690 8083 4720 6019 4852 1389 5869 2483 3542 9286 2155 5222 6801 7894
5531 7627 9505 5213 517 7955 3117 2441 7841 7906 7280 5614 1495 4250 6501 3666 5428 3351 8396 9403 5523 3816 6985 526 7831 5878 7054 9347 8577 8655 6897 5326 7069 2968 2143 6321 5239 2766 600 5586 5556 1006 5442 3331 6546 3642 2288 9791 5253 7657 7045 9343 9148 9643 6777 7297 4824 1037 731 9867 2782 2944 7475 5955 1090 1963 3164 1294 3175 115 3385 1338 7215 22 6859 332 2297 1486 8093 2710
5267 923 4366 4167 8066 5974 1927 3905 8516 2215 640 2809 8406 3145 48 4451 964 6742 7914 3940 5812 3512 9117 7595 8848 4981 4083 7677 6703 1427 7976 6870 8153 7796 2305 2149 1744 1473 1330 7556 6466 4501 8397 1392 7498 8611 8489 9143 4480 3193 9747 9310 5479 9017 5754 9256 3853 2728 413 6418 6971 7549 8289 6120 46 102 9791 5396 3124 2914 8174 600 8152 8054 5002 8913 3601 2179 8575 5763
7270 7974 6217 85 3312 7391 4846 3172 1813 784 2694 2811 3193 8669 5056 8258 1597 4255 9026 5833 8740 17 2867 9917 2243 244 6976 2224 3115 6520 2694 2872 5249 8515 7532 8159 6166 6826 3712 8848 2737 9016 1000 4957 5147 166 154 169 2196 3745 6797 7631 9799 3787 8343 184 1786 5643 421 3421 1484 8942 4577 540 9663 8185 9640 7842 2454 9737 5664 4099 1433 9335 3952 2049 7621 2700 1549 2014
1849 1339 1312 4843 7972 2795 2637 1607 9277 9197 6606 4324 4809 4609 4084 9622 6638 365 1840 4293 5537 2813 3082 9742 6329 6193 9132 6751 322 9649 499 7092 1354 2333 1797 2708 7470 5077 8926 2079 7493 742 5521 1279 8023 2134 3843 8344 4593 5338 2633 1920 9809 2590 2378 8644 8175 6957 8413 8720 922 2135 7660 1627 1021 7120 196 9164 4509 8413 6689 2600 9493 9476 8163 5345 692 8182 1782 919
4911 5554 4369 9118 8647 7305 3973 5311 6285 4474 8115 7219 6118 340 4470 9655 8179 571 8218 1887 442 4130 3202 772 1952 4795 7790 8716 9982 6759 573 1897 6715 5545 4880 2956 3708 3421 7601 7987 4630 4274 1333 1963 4795 429 940 8281 6148 7246 5160 1123 4477 5464 187 1816 9696 7303 2045 5698 3263 76 3158 6798 4423 8251 2747 8485 6906 2647 1 4665 42 6073 9433 7327 3689 2464 9292 1087
2032 7070 3052 8773 6306 2542 9091 5123 902 4433 6139 8251 2985 7510 7832 275 6610 459 7924 2017 2452 3203 6034 9865 3202 5840 1350 2998 5498 5410 8425 9643 3815 8399 1486 7894 6865 88 1371 9944 9502 31 9945 7791 3748 469 3274 5137 4492 2068 568 6181 9212 8401 298 9712 9033 9864 6190 6549 7624 1745 3468 2909 301 8218 2707 980 6117 4687 2702 3169 7938 7008 7327 1657 5571 2290 3261 9519
9036 6024 4555 7366 4890 5506 1354 7888 5505 1231 6193 6607 954 804 988 9766 366 3203 7049 2157 2298 2476 2346 259 6134 6926 8074 8902 1056 9223 4537 9912 850 6469 5845 8854 1176 2809 8380 3735 8109 7114 4384 6227 2413 2883 3178 1013 731 8448 7198 9592 1632 5125 3169 8746 9611 5545 9827 6934 60 6001 5713 7129 8254 757 3292 7075 7576 2 7214 6541 6443 2919 5698 1672 4056 4298 5682 1259
6217 138 8304 4681 7914 673 2516 6942 1792 2203 584 333 3889 8533 2255 6244 7965 7976 1324 5446 4171 8686 1 8445 8797 6115 7200 6049 3322 9145 345 4676 8196 6721 4414 395 6307 3678 4369 1943 8177 8677 481 4424 1334 8170 5982 1600 7818 3887 8215 1453 9654 4843 4051 5707 1972 8492 6972 7784 2251 7511 8088 9289 4020 787 3501 502 385 6931 7423 9475 4608 7045 1560 3746 6071 1956 9464 1426
3520 9328 6146 8488 5608 8794 4791 6832 2908 6198 8779 391 3607 7021 64 5500 3337 4064 1944 6439 3438 2101 8260 9479 287 2479 1247 8215 1984 3906 5352 7087 3678 3227 3159 3802 9112 1843 880 731 9659 3534 7291 7570 8956 4731 3919 8104 5728 9010 3568 2449 7977 4929 6403 3841 3077 3681 7216 4451 9847 2311 5454 8334 5955 2919 2937 6739 3527 6661 7903 8350 5755 3313 6469 4699 942 2588 2866 507
7943 2422 6958 9852 7126 9367 243 9018 3790 8009 8119 9951 4000 4913 8247 391 1111 3983 3565 4879 175 6901 145 7156 1192 8620 1747 397 4236 7333 526 6381 9153 8368 9066 5000 9949 5464 7408 529 8139 6020 7239 5883 7309 4211 1843 3356 1102 9783 810 8386 4180 3268 1996 5826 9516 1389 1507 8575 9594 5148 579 9089 2229 9055 2934 1064 3170 7573 4434 4852 9763 1648 8669 1211 6382 6545 8350 595
8504 3290 1890 9725 9363 3313 408 9868 2562 4708 8280 3290 243 4539 779 3901 4598 6406 4207 2980 7966 1750 3506 771 4978 9208 4078 3511 5518 327 6491 3738 4552 5540 1819 7597 1370 1524 6727 7822 1447 4860 310 5675 8526 5359 3958 3517 2377 937 5654 9472 4969 9363 7080 3169 6711 2398 8467 8677 4917 955 74 9701 3143 3450 566 657 2926 5192 3552 7081 1299 8598 4072 2429 4610 3618 3237 2188
6555 513 3562 6422 9246 5414 5353 4150 1164 8662 9904 1970 5965 5857 8952 5671 3931 8989 6493 7778 1585 6753 3153 1728 4771 8613 4654 4444 4756 7531 1309 1354 6265 4047 6040 8533 3151 6319 361 5951 3363 408 6803 9280 9289 7278 496 3245 5413 3322 6958 7591 9322 8458 1113 3480 5776 4445 2807 4489 3942 5322 5520 3961 3216 323 976 8620 798 3862 5677 1516 8297 8304 3900 8655 4258 283 6243 5252
7325 8686 2959 7831 495 7831 856 3971 8773 1405 5204 637 5239 2139 991 604 3191 1335 8187 4121 3578 4522 914 7030 7776 3779 4206 4719 6671 8416 1009 2212 5391 514 4777 7904 7263 2035 805 3850 4996 3532 9985 3190 6080 6192 9172 9606 7609 6986 1020 1903 4489 109 335 9250 1387 2173 504 3181 3477 3908 2366 3884 1177 5930 1233 4397 6984 2531 9991 159 4381 1747 6303 1981 2390 1720 8280 1473
4157 9132 172 4429 9649 6839 8065 1452 2387 5234 1874 8064 6595 357 4681 5899 8384 6814 5878 4941 7115 6832 7436 8666 6805 9617 5440 4243 6987 4492 8746 3532 6346 6205 6327 7389 3401 9691 512 5641 3447 4978 9805 415 6516 8149 9715 4843 1561 9331 6513 3656 1763 3809 3496 5968 7336 6024 8548 3856 7806 4 6099 1832 3748 8293 3346 9583 7701 6721 8584 7551 4745 5789 8986 3121 4993 8993 6904 2833
3015 1597 572 8519 4748 1360 364 2168 5734 8532 6013 364 7949 9243 2713 6124 5585 8639 8010 7210 8112 7624 5335 9289 813 4267 7798 4118 514 3936 8871 2377 3110 2324 1618 2924 3639 3261 5501 4005 8968 2198 7420 404 4332 3677 1284 650 6304 9201 7933 7954 8347 5841 3487 353 1721 9373 6892 9903 694 8530 619 4903 6106 3128 2680 3888 2507 9352 210 1225 7633 3193 4063 6017 7903 1732 9171 1654
3379 6115 1718 6800 635 2365 1671 2691 6197 3037 7129 6247 2550 8420 906 9205 2768 6425 2629 8675 7948 6615 4654 6988 4979 2971 2191 213 9538 3684 8812 9067 1199 5659 3995 1705 8065 4025 3556 2468 8460 6967 4187 6463 9126 6948 577 4870 3685 6199 7494 9691 5786 398 2812 6832 8361 9406 5786 5374 5666 774 3957 395 2223 5442 1807 3041 6630 6073 7970 9874 5647 9241 3744 3135 2841 4420 4915 9646
1724 232 9065 3601 1314 4669 9671 5134 865 2665 1179 6676 8894 5116 24 1837 4123 1462 9920 132 7448 5460 9091 3751 8055 7542 6218 1765 4868 3664 2314 8042 7468 7795 8278 2884 2990 9100 4901 728 3052 5185 7003 7217 4532 3834 8975 9489 5707 1495 326 5735 3019 8150 6985 8191 3840 3369 9377 7415 8429 1656 3130 4873 4951 2471 3181 3674 3130 6546 9659 3011 2596 9073 1711 6502 4214 8209 3460 7829
7163 2941 3161 3199 6496 4603 5356 3451 3839 882 6952 5253 3994 7381 3762 8596 6603 8536 2923 4475 2569 6832 8628 524 1205 8471 9545 444 8008 5662 8938 8638 6214 102 104 6255 6992 928 8793 3085 3913 5199 5872 3076 3533 9934 5516 5807 8657 7152 598 381 9014 6083 6661 7225 3904 3736 8195 1090 7471 3809 1007 5455 7444 4982 2729 3548 1378 966 6625 1985 3525 2493 9151 817 5004 8218 6274 4100
40 9726 4101 8062 5133 7402 8728 8844 2364 1172 9173 8938 6307 3270 5203 7939 3097 6397 7441 5379 1324 3257 9424 3781 7021 1175 6134 555 3598 4687 7703 8017 2222 9394 2098 4717 305 404 7641 6121 6029 3646 265 5518 9981 9548 2220 1019 7300 3889 1153 5120 6448 1720 5776 8051 9444 549 46 8259 3673 7175 5609 4974 2573 6311 7435 2318 3323 7336 1161 657 6268 6849 1535 795 9973 2990 2368 5275
8020 6197 9198 4221 6667 9945 2458 1518 245 928 5447 2719 361 6600 3097 8633 3255 2239 7761 6689 4534 3829 9487 7822 3830 8505 4898 8724 5281 2708 7795 7096 9997 1189 6398 2446 7075 8989 6856 9000 4611 1334 216 9256 2590 7057 4060 7019 5845 7525 8350 7956 8335 7615 4859 3119 3035 994 2701 3790 4189 8474 9718 2377 9627 8524 398 4249 3858 667 8987 3144 9133 2511 4147 6412 3016 7846 4654 6223
1696 5718 6935 1378 7303 8075 9246 3235 8866 845 6021 9166 8120 5938 1705 2014 1077 4656 7038 6439 4975 3631 4731 1621 2474 2288 8134 8374 3939 2027 7921 2284 9176 2008 6563 6308 7720 9451 3878 6697 8508 4158 991 2425 3768 892 8063 6627 5050 6493 574 3611 9829 4468 6249 6055 1686 731 9340 4022 7397 5929 7777 8986 3313 6576 9739 5307 4137 1464 5653 1627 4427 9054 9388 4593 8803 3438 5811 1321
136 2098 3793 7092 1486 3413 991 3962 354 1156 7898 9046 2810 484 3251 364 9442 2072 5929 8714 2285 8813 9746 6667 2179 910 2075 6692 9822 7546 1121 7386 2229 3756 1908 3689 9299 5185 6748 4461 9656 6769 3639 7465 7095 6402 3074 2452 1897 975 3763 7550 2313 2833 9700 4219 4579 2438 9376 9583 8125 1444 5059 5409 7618 4 5876 8479 433 8330 91 1199 8071 919 7630 7723 4372 2728 7184 5215
4553 1795 433 2653 4412 2359 1882 9073 2858 9670 9396 7923 4219 405 8374 1882 5083 5839 9173 6738 9791 7712 7288 899 7611 5311 5689 8083 1607 7480 8347 838 4700 2602 6599 3619 3093 3554 2414 9820 2984 6681 3982 7531 6970 9978 8038 8370 9056 7520 7747 9828 3222 4347 5458 5473 990 8187 9354 9695 2458 8047 1373 5734 1057 7516 5604 5809 7787 7096 5582 761 9868 7298 2908 9163 5145 3277 759 5821
8068 4710 8134 379 340 2908 5392 6405 775 7317 1227 9181 8290 1395 3279 371 1519 7598 6208 974 6042 8868 4352 5145 6367 9847 9065 8004 7666 2497 5176 7465 8365 3292 7250 1099 2349 5933 6077 7290 2827 1706 6224 8539 6873 7852 4565 452 8421 1516 3363 6980 3508 2614 2008 5464 5315 8524 9793 7873 2692 2817 6047 910 2425 1416 3283 3182 5440 4825 570 7922 5685 7235 2491 8715 1602 5636 3025 3027
6425 3136 5327 3223 3511 6184 9516 742 6809 2419 6989 415 3496 9232 1132 216 1837 7345 1153 5752 1804 8976 6401 6790 6993 1726 199 4525 9919 4942 5053 7140 9575 3622 7579 2506 2530 8338 8256 1565 856 4291 3936 1534 2453 385 5372 1533 2906 2161 1278 383 2043 6471 1063 1519 3120 1838 9818 9175 874 2064 2254 4177 4548 6081 6724 6553 2399 1988 4441 1314 1492 8636 1021 9329 8461 5551 1783 9835
3367 9645 466 7632 780 4354 3532 9274 221 6379 7453 7612 9301 8081 667 7492 2247 8680 6436 4303 7570 798 2179 6802 6354 5732 2146 8768 3839 549 4627 8630 7315 8394 2074 3004 851 1807 8779 118 6491 160 3355 2847 3287 4267 1508 8959 3709 5773 5545 1648 8704 5646 9196 2366 7897 3470 8757 4306 1897 2554 9581 4294 2350 6334 3283 1756 4022 6785 7300 4422 9474 9262 2023 6469 5931 1961 4291 1431
910 4329 1105 2608 7762 938 4452 7302 5094 2627 9592 1341 576 5791 2494 5139 5306 7106 9011 2452 2449 9926 5779 514 9410 6958 1053 1236 173 9956 6202 7326 3664 1619 2359 8659 9934 9235 7549 7383 6948 3529 7292 5835 4559 2362 5864 4852 8793 1454 7865 5940 2180 3403 2170 7285 1913 2849 2441 622 8218 9616 8101 2245 1729 28 6154 985 5204 2366 4627 2484 109 268 6345 3660 193 3814 6911 1864
9612 1415 4918 1 7165 717 3451 3950 8581 7057 2020 1681 8050 7701 1254 3969 7731 7882 6340 5368 6748 7497 5233 4141 5551 7142 7703 1431 6627 930 5671 320 3329 7654 7468 7272 4110 3283 9973 4456 7615 5155 700 3844 505 6363 2497 6172 3781 2257 3214 4351 7867 4207 3115 7267 171 3496 1916 7811 6494 8038 9 6180 34 1824 2927 4608 3158 6792 2408 9326 3873 4408 9534 7071 1464 7986 7447 9928
5908 2060 5428 928 9604 4796 5194 9069 207 5259 2292 6627 9317 6886 1375 1966 2874 3097 8370 5151 2111 9024 2101 7375 2520 1918 4255 6634 4769 3946 9219 4978 5299 7456 3397 8416 9842 9552 3151 6673 1444 268 2321 2643 8586 2098 6409 195 8653 9028 5450 7606 2539 9881 4051 8393 1860 3365 2340 5953 9927 1964 9261 4372 5843 8443 3085 5441 2794 6103 1702 4505 2411 2180 2858 6819 5077 8917 5766 2999
3180 2467 9770 9406 136 6697 3916 5450 4873 2020 8637 6805 1896 6268 645 921 1579 7003 8765 7952 2449 2584 6483 8533 9071 228 5941 2464 3697 598 6983 3781 1213 3922 5357 4294 6481 433 8005 6505 5153 7129 37 2781 301 329 9892 6326 7003 9629 7720 7054 2479 1749 4691 8447 5642 1757 301 1295 5149 2197 499 2557 8853 6886 5994 2899 4498 809 6976 7943 256 924 143 7189 9811 5829 7736 7615
7843 2170 9672 9769 3281 7866 190 9363 9004 7642 6593 8697 5683 8777 7295 1678 2875 703 5227 3259 2103 5926 3981 2168 8341 3840 1256 4261 9259 3677 1119 8293 9864 1357 1946 8242 9622 5666 4511 682 3349 9923 9033 6571 2572 2856 3004 5926 1837 1297 1212 4849 9163 5512 679 3796 7953 8266 6901 712 6224 4421 1347 9691 7480 3154 8789 3685 2566 6793 4021 1486 3683 7846 5693 1892 4789 5890 5798 3224
8421 6761 4801 7564 7606 808 524 923 9307 6006 2685 3085 4300 9091 3719 5501 6544 5449 9233 2257 9647 5347 2018 4668 9763 959 9868 7537 4146 8251 6688 9625 1198 316 7795 4349 3151 2089 7253 9045 2078 2857 9780 7548 7871 3162 3141 9959 1969 3565 9946 3862 1119 114 5879 9859 8922 954 5861 586 1146 6544 3283 1882 4113 496 9953 1030 5182 7458 772 5193 8443 1112 7642 1456 551 2557 7272 4456
6241 7028 6973 9893 8287 2767 7708 3250 3933 7701 1455 1081 2242 9384 3081 1629 5689 4426 8884 7982 7053 6103 570 5948 6920 3856 5050 4948 3601 2355 7683 6430 2131 8126 8866 9464 3219 9804 307 7628 3525 6509 2558 1422 6757 5702 1318 716 3884 130 3126 4030 7151 4655 843 5161 1105 3691 6425 8064 4847 4240 2379 5479 2964 893 9560 4918 1636 7679 9535 1989 5300 9064 364 2056 6722 2536 1819 7279
7640 3747 9814 4935 8751 6382 6517 5495 280 5698 1725 1642 9145 955 7945 7724 1294 1945 2930 2170 3176 8476 5158 5065 1407 776 5446 6604 6249 2082 5950 7459 4555 7338 872 3218 8713 1717 8911 8449 8944 3457 2010 1252 7794 9325 6542 1308 6935 2097 6604 6627 5883 1816 6439 5553 6133 7784 760 5014 6694 5248 9627 3311 9654 565 2845 2812 4438 2313 3958 8630 9532 4492 6523 9413 2096 6520 2395 3796
388 8486 7786 2795 6331 9773 7519 2650 4290 1387 2851 8012 1877 5763 2934 198 2304 8318 7729 9470 8649 7291 304 8684 7252 9298 9917 6898 6870 7306 6034 3160 5419 3882 6976 3445 5686 771 8972 4301 7030 8020 7240 5243 5161 3676 9656 7052 3974 7522 9450 7448 6338 3547 1789 754 6342 8189 2812 9253 8099 4020 7013 9076 7007 2080 3476 1696 4171 9475 8524 9033 2224 1068 2031 3650 5673 529 719 2927
8173 2938 5146 2608 2512 8599 6133 9550 9966 3058 3790 4225 6469 5593 6550 2853 6238 7004 1617 3521 3574 4073 8976 9897 7111 4618 8474 5791 7131 517 2812 4697 3594 5251 6335 1169 7031 3072 3866 2387 6484 2722 4511 6778 537 1081 8053 1585 3237 3820 6490 1043 94 7516 5383 1750 4392 9389 4612 1643 3322 2734 9724 2879 8932 3491 8821 5533 5626 8035 4167 3940 5193 496 3584 7215 5661 3148 1152 8501
3961 7972 8019 2257 6006 5825 3676 3808 7425 9179 7150 562 2987 1684 4082 3664 9586 3733 4978 1561 7571 9521 3682 6550 8521 3952 4750 9110 6537 1017 3079 1625 5783 4504 3771 6046 4504 3376 1233 4585 7836 4353 3223 8730 3001 3083 3674 5163 7263 4767 7115 3749 7144 9122 9724 7888 793 8746 4538 9686 6010 6877 6896 5698 8947 7802 6097 9664 13 7246 1825 5806 5252 109 8405 997 9955 8771 5237 8563
1290 1732 816 3051 3637 6612 2605 9114 3134 7723 6730 6511 2397 9853 7261 8071 6487 7233 2002 8106 8166 8734 1938 8143 1711 916 4295 1804 9010 3706 666 9991 5341 5609 2622 7618 2742 4153 2017 6145 5007 997 7247 3503 8166 5132 5086 1444 2221 1195 324 4636 320 1357 6242 1176 8110 8083 6343 8821 8814 3205 5542 816 2440 5833 5017 4942 616 6058 3886 8347 2364 3502 444 2329 8739 8851 9514 3810
2647 3215 4921 7291 440 7858 7980 1999 7877 7352 1531 5335 8016 1708 9594 7652 5529 5143 5864 2980 7986 6274 9793 2692 1947 2006 7535 7733 670 7158 5929 352 7899 6887 3052 6934 6442 1510 1849 2262 7803 8469 940 4107 7210 7921 4255 3385 2299 5546 1427 7375 8317 8356 5786 4456 5255 9926 9173 2938 7960 3637 1880 8220 848 2913 2030 1845 7339 3196 9684 4323 6579 547 7840 2421 1432 2835 930 6448
5093 1521 2782 7156 1085 5501 8831 5972 9336 6442 4230 7962 8647 1687 3373 7949 5758 4653 883 7270 4291 5020 1519 1833 5959 58 5587 3865 1716 6194 5454 6886 2751 8304 8650 2967 6754 8362 8213 376 5472 7496 3851 9523 1464 9073 8764 8262 7480 9271 5873 4717 567 5062 191 5482 7597 2839 1111 2011 5320 2674 7169 1011 4678 9746 2685 8309 3361 3265 1134 6812 1546 9001 2368 5322 2390 844 6760 9850
2447 4885 6300 5950 8405 5092 604 5474 9229 5431 7655 9024 4285 1191 2707 7972 3603 5764 9606 9824 3048 2012 6372 1559 4091 6023 9371 797 7426 9679 5180 6320 538 7144 3917 2547 3858 8307 4506 8611 7372 9136 2926 2888 3239 9483 1291 2544 3599 7877 8641 9320 7945 6481 3824 7908 9456 6571 4043 1607 6881 3202 9287 1742 872 6959 2549 3059 1354 6352 5485 3935 7813 8362 3805 2223 9103 7481 995 9245
9260 7945 7614 2770 9288 8722 6781 6690 2943 7824 4627 7696 2291 1646 8672 9099 4681 1558 9697 3642 6219 1528 1327 2686 299 4181 7588 2047 910 6041 4240 3655 874 1390 9291 7147 7820 3161 4087 1303 289 7893 4027 6190 5086 3422 2197 3901 5237 9454 9398 5494 3078 8521 2571 5022 5699 4581 9469 9850 5717 922 51 3367 7900 37 6150 3934 7804 5896 2362 3661 9504 6707 1733 4895 454 3576 9934 7747
1155 5105 565 6092 4200 205 8496 2390 3898 1476 7120 6031 7430 8515 6064 1492 9019 4501 4216 3698 19 3767 4843 5688 8674 4786 8299 3341 7665 5155 3421 3122 5435 8401 3270 2443 9187 928 8995 3457 355 71 6342 3141 939 9814 5071 7750 8416 390 109 742 7750 5131 6369 9661 9693 4246 7086 350 4808 6866 8870 852 1932 3792 6389 6911 9862 1481 3224 7057 2689 6634 6643 5049 6020 9624 6958 7588
647 7083 3038 3565 6686 1670 1579 8368 7185 6469 9749 3712 375 6691 5006 5671 7877 7168 4588 7783 6321 5365 1543 4066 5468 2280 7720 7618 1855 5497 2575 1857 5053 1084 3527 946 9132 2540 9247 979 16 1781 7607 6259 2962 7066 9973 5033 7274 3379 6238 6928 6355 9100 714 4824 2071 4503 8713 809 277 5979 7225 4173 5374 1081 1402 4929 4473 2395 4554 9062 409 1917 9045 5281 7087 6955 3823 9561
4598 5515 7303 1351 6679 8945 381 9235 5628 1132 5149 1 613 6234 8041 8281 3896 3631 5611 9490 6862 2380 2631 6244 1249 9541 5654 2350 2521 6793 2929 8281 3452 3212 980 4969 570 7279 2431 7057 8005 886 3745 7756 5704 3171 9835 7780 961 3064 8507 4645 1092 4542 4193 3426 3590 86 9856 9713 6101 4110 1305 5010 5347 9955 1195 4213 3466 6373 1591 6803 4105 5081 5570 4500 3412 2887 7067 2814
8326 6289 6557 7769 9371 7094 4983 6439 2359 1401 5024 1611 9949 6165 3256 8683 2842 9263 2238 4753 91 6748 5527 2860 3076 7983 1 2357 7084 7418 5058 6674 3862 1562 7756 9136 4009 1290 5659 5652 7118 8840 1046 8977 475 919 727 2945 4904 1087 2109 4132 9408 8878 22 1630 4604 6128 9028 6241 2258 9159 8826 7207 8625 4940 964 8197 7723 3521 5518 4759 6625 9117 7642 6303 5302 6319 3352 9010
6408 1055 7498 2627 6925 7576 6198 2061 9293 1378 5485 9985 5788 370 4822 7543 6895 1700 8728 1923 8984 6219 2350 5713 7714 9286 572 4445 5484 1926 3790 6442 9969 2419 1591 8079 8136 1343 3789 8865 6690 9183 5278 3892 8035 5059 9654 5603 3555 1054 5983 2630 1068 446 7678 816 1442 1123 204 2296 3993 1167 1981 6697 873 4787 7558 6928 6556 6814 8289 512 8001 9034 2311 1958 25 5078 4414 5026
9868 802 3557 9931 4103 7665 9670 1153 8842 8277 2105 4789 7228 1678 2666 7194 392 2386 8326 8252 9580 6543 7525 3915 541 9952 2893 9944 9178 7225 4360 6760 6832 6869 9890 3295 2677 1666 9842 4741 8410 9010 7624 2275 607 9158 229 3820 1387 6049 8887 580 716 514 8686 3167 976 7223 2377 2590 2815 2632 991 9928 2170 9727 9219 847 5009 6893 9463 9429 4843 7514 8022 190 1200 3929 1357 4786
4151 883 9505 822 8541 7741 9219 2191 784 8555 2240 4852 5326 818 1072 8163 810 8009 8312 6265 9370 2374 451 6966 2475 9784 3474 8488 6290 8105 5899 2610 2377 8207 7471 3947 3961 3383 3835 5057 7403 1327 2812 9849 7983 9024 9646 1771 8676 1168 9859 2953 1802 7794 316 7084 1887 4444 8593 1830 6887 8787 517 8491 4692 6688 427 8086 3376 2372 8408 1973 8866 694 619 700 5873 8737 5470 7539
9244 9112 5899 4375 5281 8812 3367 7536 2965 8680 9394 5382 55 5986 8383 2874 4957 1108 7750 6469 3952 8882 7535 2505 9208 9100 5452 3458 1323 2800 8707 358 2728 9141 8794 3297 5689 7561 2076 7051 912 1123 3778 6436 9446 2116 3751 6654 1471 2575 8143 6280 1201 9803 2736 2029 9277 5455 6073 7066 7187 9349 9301 3169 9712 8179 9401 1099 5023 55 4623 1405 3167 4162 6471 1431 3466 3763 544 5482
3473 3882 177 4096 3694 6449 3763 4141 167 6027 5599 3932 4463 2080 9361 4297 3442 5165 4120 4249 3385 9458 6207 9700 1707 1522 7408 1758 3637 5974 57 3829 4176 4042 3338 5887 246 856 9593 2958 4477 322 4213 5555 8243 6616 851 7279 1879 8026 9714 3466 4384 8091 7387 8212 7338 253 5946 9772 1986 392 4393 4765 2377 2779 3949 525 4532 6582 4461 9571 1059 2963 1786 8944 2573 2951 727 8194
2373 5629 9613 1124 7506 7525 3719 137 1013 3766 3975 9031 1279 6831 1626 6600 1303 9478 3399 812 9067 2671 8671 6159 5063 9957 6920 7408 3188 757 8329 2987 7954 6181 2584 8413 9664 9496 9316 1431 7114 6144 6664 1679 7075 9225 6684 4456 8509 3229 9591 3544 8338 6049 1352 150 9045 2712 4331 4720 1754 4127 7492 4709 1596 9307 8221 2443 19 3667 3792 7328 290 8155 2491 4654 7035 2278 9189 2284
3431 5821 2501 3388 6838 1441 1417 1002 9142 7154 2539 9247 3286 7660 9426 7307 9373 9597 8864 6579 3961 8754 8659 9401 2506 7615 2222 9592 4736 2655 1318 3218 190 1324 3233 5739 6400 2905 1489 5674 2081 1618 942 3450 9499 2932 1345 5299 4312 9343 986 4028 7710 8647 2849 8316 6986 9559 9130 1213 1511 1528 5827 1097 9145 9832 6430 7646 6229 3997 787 2807 1559 4321 1573 2464 6670 8409 4419 792
8575 8724 5167 1864 4850 3106 6893 1926 3977 9175 9991 423 6832 9730 2969 3490 4500 172 620 2669 5703 1045 4658 1884 9820 235 8434 3460 118 606 2179 2036 8935 1 5649 604 3593 1095 9505 7537 7606 6839 4813 4604 3718 4733 4114 4192 3492 8180 1435 1126 9958 5029 3394 9973 7576 7612 3622 77 1434 8875 3580 3965 9342 6409 3994 8093 5788 1462 6619 7556 7634 9445 4864 1990 8677 3766 7233 2707
8272 6741 9091 2384 9157 1288 2194 2794 8434 203 7051 172 4717 7586 2919 3328 2417 2938 3019 5163 1882 310 8433 3969 5512 6472 4436 7826 2845 8446 9728 5889 5147 2587 8463 6381 9694 3799 8731 5972 4140 6212 6318 9686 712 4095 9032 8497 9253 380 4336 2650 8845 2748 9583 5230 9025 9345 5828 604 2584 9994 3183 7780 5759 5434 7801 5143 3427 5836 2696 6340 5569 6660 1 1228 3499 8328 4379 3085
4594 9600 6346 1106 8236 457 9599 2341 2112 6748 7481 7637 9772 3826 418 1997 3617 6983 9729 2080 9013 137 5419 841 6003 8812 6344 380 7264 4234 427 6779 2525 4260 4273 8425 8716 2197 1189 3521 2536 9046 1434 4925 4765 8064 373 4598 5576 4294 7246 1585 1408 5953 9808 3290 7714 6411 3246 2068 2488 9157 1068 563 4477 7453 3467 5767 2509 7061 3693 172 3101 2050 3356 3107 885 9820 2845 8276
7021 6694 7048 8014 2441 8467 2557 3988 2795 2264 6238 1763 7174 4564 7561 8422 9964 2722 4828 8902 174 3713 943 120 737 2405 4753 1436 6465 3259 7899 5698 5574 3676 7768 9013 995 7762 6805 834 2920 4750 2459 6477 910 5503 8155 2809 4772 1057 1684 7302 6643 9768 3097 2152 1920 8284 2422 2494 5710 4072 2958 7168 6627 68 5380 3224 3180 4048 5017 8917 7054 8795 2950 3177 8032 6133 5402 1540
8658 9365 9235 1897 8656 8749 9991 6430 3125 8449 7413 1154 7327 3873 1528 658 2115 8596 2977 3421 7641 1111 8307 8593 9307 7360 3220 5600 4026 2527 2260 9444 1081 6874 7945 9235 2974 3444 2020 5126 7264 7282 2266 3310 7228 2558 2290 5628 7966 1160 3435 6769 2287 6361 2392 7723 1219 1614 4380 8509 9685 2386 6400 6259 7757 6094 8911 3979 6445 1743 4064 5510 9114 5284 9907 3717 8188 5935 4735 5323
3688 3070 4809 544 6320 8262 1549 8914 1734 3115 9414 30 7652 9028 1345 9379 3250 4074 4813 3188 4225 4957 2611 7929 3110 6973 1388 9502 4787 1843 4 1387 5495 6517 5184 6133 4468 667 5752 8911 9297 4102 358 7319 1436 3770 6139 9982 1275 634 1279 5938 1722 5578 8782 4302 2483 5326 1378 1849 9958 4276 9303 7315 5578 2584 6505 5097 2362 3652 8384 5392 8138 2812 3407 6535 6265 2748 9334 6289
8219 3040 5255 3565 6462 178 2341 7731 232 1585 751 5713 2377 1771 4354 4963 2476 8946 436 8319 28 911 2840 9092 6511 7583 8299 8114 8482 1309 8533 3028 4038 4318 58 2170 5842 9100 7493 2833 9573 6196 6987 9469 9568 2641 5140 6854 4600 3087 9902 2545 6868 8344 5741 3646 6188 560 1720 8871 1288 2517 8532 4690 3424 1480 4063 3602 6328 7831 1522 1490 610 9997 8242 6034 3627 8152 7016 6997
946 5616 6816 1723 2223 7268 2029 9807 8000 3585 4353 8383 9711 1826 8953 46 3198 8503 5245 3494 5349 4157 2935 175 5392 1138 9064 1827 8638 4578 2702 7310 5032 7778 9703 6040 2305 2293 6622 1738 9010 7148 9238 3319 2470 8818 301 3404 788 4125 6661 9673 10 7014 2545 6110 8683 2705 9535 3682 2797 7642 4717 6037 7524 928 2305 7661 3632 2530 298 6880 2400 2363 6411 3895 5554 6301 1459 1915
2476 5619 7987 8935 5986 8143 4681 802 7464 9681 2640 9925 1145 5033 548 4598 9637 5881 1558 3235 2578 5650 3334 7039 1156 2510 1187 8185 9003 5299 9950 2116 5779 9256 9665 6743 9222 343 1261 8443 307 3295 9259 1353 3896 262 4245 9769 5323 8012 8005 7075 4497 9930 8889 912 7903 5711 5404 4641 9516 3904 3334 7924 8403 3393 1361 4537 2195 5202 3014 1741 9076 741 6788 2246 3005 1612 5457 9756
8091 9513 3664 9121 3017 3498 4330 6301 7268 8459 4616 9496 8308 3641 6123 8902 7037 8801 481 3255 3855 5218 3979 2370 6110 1659 3945 1466 3976 973 4057 4193 8222 1764 100 7426 5705 864 5626 8358 7885 8094 9679 430 4819 1650 4987 2498 2851 6972 1354 3018 2962 1348 1816 7642 9467 3388 3007 4168 5623 7851 2924 7452 3895 775 4684 5691 3171 2443 2080 4777 4120 3046 3668 2602 1633 977 8358 3048
9725 7117 6064 9802 4849 5494 8838 970 6346 4692 9769 3244 2347 61 6052 4105 5619 9080 6394 1950 7432 5113 2026 8570 850 571 3132 7642 4314 2118 3571 7419 3177 694 6049 3526 7157 844 2834 9427 7161 8780 1311 967 4664 3496 1099 3352 912 1552 690 3297 4316 7194 644 260 5110 2110 2074 5391 9400 7282 130 4535 8216 2536 3340 1956 5039 4723 8738 6463 1227 6697 14 568 4942 2931 6823 9713
5356 217 1983 4688 7252 1030 597 3494 9708 9038 3004 9868 4796 8877 2785 1684 727 8848 3538 9523 4939 7162 7808 8524 1306 2641 485 4709 1128 546 2005 2437 9732 7184 7437 2377 8021 9744 9625 2479 677 9759 1761 2569 4595 754 3983 4618 2558 4498 3963 6681 6073 3839 911 5897 8965 56 6368 4704 9296 1063 4354 8650 1594 2839 9088 1135 3696 1967 2536 7264 3828 8000 5762 7415 1099 1344 8215 7921
898 1643 4963 1815 6040 2286 3751 4411 202 5512 4654 4885 5968 632 5965 2038 6058 5766 9282 187 226 5668 9011 993 2233 4777 6344 1342 915 7668 67 9513 6733 3862 6166 7606 2059 351 2605 2917 6939 9253 9667 9485 7549 3625 6880 4510 5981 1606 4054 8951 8985 8767 727 3961 931 8812 5962 259 6787 8425 6470 8210 5372 4214 4829 4327 8618 8331 3090 55 1452 1347 6427 6951 8142 244 8977 5050
7821 3655 9717 8188 7316 9397 6931 5422 7658 7428 2961 5173 5635 1510 6460 43 2596 5692 5694 910 15 9160 9610 4018 8953 7294 1786 454 2362 4316 8590 6337 784 5698 9599 1095 459 4780 7321 8149 9376 4597 6589 5858 7540 6560 4846 9802 5957 6411 9133 1387 4144 1063 9714 5269 601 6833 6779 1303 41 4831 9341 3574 8985 962 3892 6205 522 2437 1339 373 5140 1797 8118 6084 6775 6155 3847 8141
6433 5794 9236 3433 9331 6278 3361 9132 8128 5621 4574 5591 1981 1453 12 9692 8033 2941 8872 9260 8750 8433 1854 3997 9094 8000 2476 8262 2326 9148 507 9709 6286 8218 9949 3241 5053 3070 5677 2056 5621 5353 3258 2410 3518 1462 847 4103 7791 6330 4899 7417 1883 2562 5343 3273 334 9604 9331 2791 1032 6361 9010 3040 29 4126 6257 3946 6018 3483 2305 8704 9232 8911 6337 5944 8604 5032 4804 9418
9163 8900 8735 4591 177 8072 2663 4814 6971 4468 5428 8692 1047 6370 8360 1846 2044 9271 4973 3508 4159 2999 9989 3079 4411 686 3799 9379 364 2193 9685 8427 611 5427 1486 8959 4159 136 9444 1537 5500 8434 7052 3106 5419 3394 1250 1087 7837 4240 6666 6571 4208 2416 8768 535 4537 7777 3392 4355 4616 2282 307 6786 9409 285 9101 1900 7475 3430 3909 9176 5734 487 3214 4657 5896 8204 1366 6741
5830 7208 4757 2455 5545 7444 320 1588 2377 3341 4158 7170 2899 3412 5561 6128 7390 330 8404 697 3664 2174 5114 9862 7366 7041 8692 9936 6091 5770 6161 7118 8251 6048 5523 9567 4915 8616 6100 7574 7030 8005 1249 1948 1027 6733 3860 2820 9604 746 1878 2827 1873 7800 1306 9463 6709 2709 6886 5313 8740 7435 7250 4502 4951 6646 8961 3852 4074 265 3958 502 6718 250 3371 936 676 2485 2043 3854
2938 3936 1945 9527 3895 2503 9691 2800 8732 738 9749 4114 9386 9911 7491 1799 701 7907 667 631 8173 6904 157 9196 712 4686 508 9759 5754 4111 4956 3565 6738 7417 6225 6175 297 5154 2430 8380 8956 4334 3081 37 3020 7550 9442 1123 8644 1363 204 7399 3062 5488 2388 2008 7327 8092 9649 1714 6255 5021 8434 8262 6562 2074 127 4645 1539 7291 1891 6007 7480 1816 8739 9649 4452 885 2251 2706
5959 1882 5446 4206 9821 2710 844 5167 1594 4681 7922 1456 9509 5866 8026 5269 5044 3691 6140 4213 467 4159 3628 6733 2237 1402 9892 4379 3946 6744 9307 7968 3946 4025 3541 9538 1992 3146 3832 8802 7231 9718 7831 7417 4030 7767 280 6841 4756 3064 6360 8416 9055 9329 3145 6898 6640 6121 6887 4321 9532 5067 1860 1486 7493 613 7950 104 7480 2971 6391 6889 997 4861 1495 2242 7750 1580 6628 2854
3285 2838 4228 1648 7076 5770 2995 4711 5895 4684 7333 2905 5611 5817 2138 5955 808 4167 1448 608 6263 1513 7132 1616 4420 1965 1180 1545 7438 2438 3709 8704 2734 9284 2071 4847 4453 7074 5182 5137 3622 9142 5439 1571 3259 4304 4119 1365 5347 8020 4366 9696 3607 8308 3095 6340 1803 9628 5370 3898 9026 4762 3340 5611 1977 6848 9384 7399 4959 5211 2767 7311 7595 9055 9665 7181 9966 3322 7966 1015
5342 5330 9144 8761 3290 448 7382 5400 1063 1614 577 1733 5573 3586 6056 3994 5856 8542 5979 9943 8363 4701 8646 7467 6483 3775 677 4105 7528 6907 9961 9552 7216 4613 3516 8904 1391 9379 5392 5445 1342 4253 5679 8832 1628 6337 7498 4294 1707 1516 346 7182 5719 345 1708 7207 6973 7921 7673 4407 7170 3217 64 427 4561 2219 8293 1480 877 9489 1060 4419 8877 3251 9040 7137 3340 4537 3598 2971
1686 1998 6607 3944 1745 5260 6236 996 2704 4138 910 3732 2817 8918 1133 1500 2188 7240 343 5610 8353 6801 5743 2645 1629 5302 652 5143 1174 9691 3360 4467 6013 9997 7681 7180 1023 2885 2291 628 9313 8626 6799 5848 958 1297 9821 3982 5875 4050 1036 9074 6719 4313 616 4606 2359 9857 2021 7093 3899 1714 395 1400 5182 2891 3943 6135 3541 1822 8386 6788 1708 3698 1513 4346 960 3891 1939 9829
