33162455082620750115801444108781674792027807284164
89794635172287115275731468326270872461651692304176
61272524729160554704792262976737579702802943134342
46180406976920641875971386991259010482516917826271
66928265113669072516092027682895775264592439029051
64627033156063431262037982888978724900370994091876
42128237611010750236867724008286454025619139462775
21597211265191262104922302407782685060881073001863
29501638509338710425481712220310134313111803458607
24185576001187181400637718643164133202033991210225
73315512870096474405094071062272449815953583215112
56160857265944263664582757443528553259657920926673
86102664265283908956180590812143772535159385653353
26536884652754425475915943859866493054179907401028
72259036611074542330849644174539682987324793242895
28085303498958490394909104558104400123138985097068
31404245956687325791903595043545307726642467816985
54280844508075383890331497106782239754716468008661
94821660427883803349707289763596008514667083499745
42416776577425289527785854827228276291805285197050
32891499221615423025153367240411314028084342224338
62876527524486908013996842969223863188280619829026
47797513470503239891136067950639425287763102129099
82880940120519034373343384055047862946482740182573
81872818978714367005106652049344912094390531719537
33014421997895733073344454965711205138043407289560
64580568169606344266605593567947654308918303678130
80039414262128735824532829235218667109683773201303
43109784096504422744980890237056349873323638871253
95601400405180804051213761548342036135207061180044
36188973076708876167658283202204877001218817007872
49405790053462231069849536787576751660107868743462
72980729641505078892343715251482196521942848299924
80339179460878303355194949961913285964283362881115
59290885795165927191388462332322682696683182963924
22487401387084168669161707861993120812616851954862
56673643220317579241432235554976705605900673351115
47159296867217596267483614972505177642794109721738
65117008989420896154988144381412696006005387637720
61992181650731203657829193333574201313622502016449
65199738636555632089288524791727807701436402595322
91518561604236410315850983274555248396949167274984
89734006606433726395701543946401189175172546772508
84036804226771752319719750523737890869484393863546
95595444801743899190744734666463772079698064444433
69929749938030641802355338861038942679385809340712
95640263738316953634415742950821056464387025956941
41354693112170516333632664177832018655268527156502
84311814318967068757586709443900861714729019475849
63180021271042529439650843621660187825340324161263
18236309457177619845510338437168483155023161075892
93976892003162732778879731190519339293054792940809
67808116369310445966602486318355539320551518841504
98621529510349356343831201176088096457463541474195
53010415404862117024389966914965001372207766801949
84494063638833595561774721984613865454457962726964
71612637686920252852930940516897251766119332622621
67296170549645483319704496213852903678817511740093
62911909464489289496622001017067207806885508447249
18399805689901944621221006471390457129703131697214
29342187855437109916057062846746100219418437035380
51725326462816501076911909560569138705258915525834
63282131523559214326748621079960945834721156363489
35658042799331683180087765700883230962819004779823
56854282968276138349750999105998540462877777293874
89193233793380872387364082082413555967162434469296
18287837300100890588137379793566938459268942626255
64260011439488389932853761369060041987203001855015
63698488035915416934997931734921530670814927499515
37319168278801664870239518414117048713012993945029
97688085497678512627922390959945828989704423195650
34762783634647650270736856419631562241661792951038
74226345047234275098944639462854714561142916013779
52484260354460250224957463387706407971701741037766
88630829945469920070426561440487661450437691205351
88908632877479594171392834765033488319350180425860
11532534717029147574354515037866624565958376943551
35279966348817933325088382378604524374361112369722
85705596455728692656790790682986476683946220586545
10841105052905323015369186137595217557400844186481
35467811469074961546580777832509398884869380711274
18154428187060774437925399581227500588955129912531
13830953946185357308536509814779960521896125631088
52595453179168688352091857517144525437933133043083
56446717498326480193087548155778760755502238294837
27742009451257501701550798386456295384826199992116
52187502911064517184803221244378266657340985278671
36126206749452927403230312687606725071483117017870
46274097625520398668158173118663725702273990401615
50272787903932646380625391122695193704979881871119
70264532913355559879087068324976687190990528803098
85070417656068167694528996118480583808707078829094
39052157837989904029828339621775165184189606611629
20280317379723416852352455149219066998012834961436
91479675685607249985821885697495961413411121852319
76378374466246602613435527119170626195406541003792
63317934910251773460451633816076751983517132009325
79135233434344206263741388859907098325480389868742
75697265014588522612864203561182064549109111567492
50660063447935789824536295486878394006069372279063
