65818507276052988130747607434903335598923791414927
53977311148346788384819118311190903974269097286643
68598778381147626376431889681450819157428670505346
81352425913600143794785186896936269340878464972819
32164981796152145302795253746105785032102628047808
65451041145132973955859569419111880977948435125448
49362591154462120779747003024873355678001068410640
69420503560805820757604536422111154871147650688778
79601351845537611700002514481180590438033646017856
32908453840696040140161453833239296692275591971950
26036901602310480375665077197100010420867299376619
53769133821400932205126579413355257650166357083517
88146928473985652113200837821235380264329947513654
29786299755809688544884274299778677819604755115286
77946246467585985306959519221847758570340219289254
69615116748515697964652501181075850767284251186097
99332148043848529504498021170940544549842345443293
24153203769192534704440788733023921359499609523217
46947716131305550698050538119777418280819055304324
77995798836586730817157028204383812735585240120648
79772257612217192140807140145849887692448257515077
55256660373827991648942623275811408674234612816353
49585808358069309942415347495256942507666234071911
38112265764437669150034582761478333504926282590898
58103237404976608695557183059813133527182129461645
15528951519226840987383781383793207289757727881552
47852160804226842527972359079150985409117708113174
42487666989991497845557039400573603453998765899463
95838095648937506136448584208881036729287035637454
79132553910791613093379332143140257931597744767489
21634366468901836491087724569174816445986038538600
78628641832962460407958632500890738978966568655803
25327838352848590521521897360334965769444060442504
75484075997745241076568594641412918902125939278552
20162702517591773252811499623726573578501909934729
66105249174404608438553541482051325328191294485649
34413591362463258880876733972532120186405768616226
95082749763136331942073794253559257281044264053242
32519629185665324555797750711571437332344216550746
25717002345256768006454888159759478782245513111926
18883878093020487638690687980103415832214376052193
56004989891765909358866540929486175695348627662956
75613782808558462792207889255089652271588033634574
49982619063579534685591218635906853788500400511826
50439782303284461224825226157299763723224756064860
15209065123347548942894191737269309420084392506784
40470301394121657279997520122039112600010244166635
34298996000656593686023165306587865869679570075409
50043190913642190629010314628832647779082322857368
73775139136672808150287191781344336719336599805705
74420420122082963633929361249993248854896078374025
25089180593695639249851045078496958338734338911557
38379005321039351817289552198442380362341975371078
70798674558938267501535625289184199369678351143424
93622841285090041418843431449840332791374231143332
73523232754024338943764400452373716868292551767280
53254619333950039256891915232958370675366240375746
10082186371970521878669686592360332614064829165012
19318475491646605055483323466394600252380244442578
32163202560720596937569107125418352248963978676343
31813287275034366068651478316750687529518476664204
68028933514538106527422752253271062627527119905794
12834877080570372132545656930716171235794925432381
62513209896670135798189048303215930276895194735579
92034015830519524585328744907955805682250174409245
33903259979081864111555357684379725560647847202129
68149015092220138682941874472297385574845713033632
38322379434150481935187250767034422402316630906797
65482157097209524951803854502044266055965295631216
93673884043597787430237942930120118503000266030546
10794126745375881136375646324931135288341753759780
54921203010585370358207735438030325023298251996344
56157523165051018460634496565420269577625131225328
48790514059216289032475344747936305432849474914758
36001069269103188716971833771061304645544246696074
94775485093411915583723720258043687589424280557006
80270563905426938083946392843304962572469498701779
70117173040167049301714172139186576142628380857403
58853753153271066888841922220915083684071378929787
49308255510589899354053200949663591476086793974621
12937929474245617877820189126777743221932858688322
58694017188069796460991074043723417696304650616398
27480783559727858023072712474630780792747278374266
27915557924110187787057690043450300401523057476422
58108672328683732589777884218332164517598101559396
27543742867247876536129163847706563936368379318223
80083855574180294849152139998234258556283352773609
15326942195248503869815961604046455565749661195635
76153220049578323637460382889923436894615156130127
58630759566502515957543681098807259759096239674824
10710082773763669870195840316785816988642707355481
95170950487330323773285724067333900192204070849118
12295095370537673421562091362584187265944145499030
48033598002260978232674676234374342351887374090660
79921222723935391245692908806470546348766502945870
88751498857545032200305068273343472734519140877399
22861894167257648274451705096844069553340328254014
88048518048964322395683422345928067670004147919496
43473529083880724266758598579678703510428692480463
54288263825237691021341927205221797389850102376501
