51269155863535104223866922716486495114431431416577
44049335241649961713770173146656372253646131567257
26064243542778873767137847842133170579717536072879
79771508971671962132739378189360356448227864395870
33962121125328114843483708355095899565930538754837
48458633082570346895249153625831096681639718868251
33116936798869190469876820076328612684396194275966
40516819269326373179080011787503869012867397214715
56844805048588882132704627151305109709665473519602
80549656015580020598795299654071251938258929636806
24593819624226443169689216699942511647538349084251
77920239129997315192613130581449732415220879286308
85290924996986553734674869415763476749175894490821
30532135308075384321697720564308349889491688742644
53113715394454247770372994747490159444613035540879
15601260219135013575851557341704546846730415098096
28033238779241787985866547098021211667609258479591
70377202360119038331200245284561237588855284274021
59852473705753410485273917980915746681018121503935
12199463747264701291714428986278982024637263334104
16992562359258470571285366601339304270315816390332
10879739400320004204326597557800516747480447015509
88451960149082524084889788726718600722643590018451
27335514390261344110183630802374907648763593436811
31266993641749376765916621270708086148689182217141
27591451025414416844974329091069274721701531418611
24796958195005033483517437944035950555764836160338
44268680804741547035681268297118513504369612254832
79603544501328689221656400641456133538799887033514
35593916364137737223260595012723308690937933262711
98150583893889161826530178278444673475966557346629
39855928303734551607421402170683276698251306337008
17110475833190072934691439957359924852523523437514
45925488162428469225294142271920991654542538410564
87116923594559877817260882489209350171159241638763
80249803172673493513888939933743092944168720278789
83567769092306139014324609097190579607357924375996
37713747247582284586950256026401678021855268995382
69257645379074869862226937564794640237111461289180
50748079832212181756369048009363344437351741820472
63186111738042241913493927839547738999521944622433
48260685880123581613884683261372296600709921287863
19061894808247491924809719767276028326862894077436
93921316386504539285297769252336051162391359483072
69213077421727560090399836093049107954967482688238
11236349070652642009540255034012652597042136965720
50849242856653870378486286950782378696915445711762
59554282367424321752659921842214798947954453287669
19812840577499291663797052427144627709991965293268
69163160622784527791946595444455543335031967455762
86863533374193164833983057354975776834062790615338
16830906648025334367751790243620344341619429578722
43397764758549206408744951001775494477467623591609
99344798344025748142549566405522945843757307372772
27302158059662750119739483852597481130298019705702
28405781920865291325658913974255792804002844533949
97312337565822865473863766617487015699274214805802
39893070723247681325481593780158138075972167133909
48018593042026987034252220686656433609857128809651
13056816969801115585959447459075924114146975766236
26492857433228293263767184817751983064318515962411
45958113083278125832875610306482291357173759406314
93921948964438530722146609881330351152832339917779
28338939209353147021282231438580022028996546504007
55294038009803376497772213666245888868109610073051
79495837875229669278883999136203512459466084308326
70098480885462912620588627692053985349797061701658
70693675119360296555916897204352344071454488036389
39408907263064490302182739203423405548810231377877
47791533809580596415482119544718567643403619483931
27698365631068235991112943715569623241822605195834
27913152059113318249872737397968306510096692603833
20798917310391612536604842075286868408396492792610
94008267859787134103847408683175098649817494012759
60087867228490561805971534664106139868291061992725
94916547891363661288674031399324709084752115858445
94816136486596769649815323543361811582345948227307
23112689044571711630943371946716585029950497559413
53216191424418017980865113589562680758228558933874
33732480007611704134935995465479253217666242946209
77513652212464430359540595669907297470988109016893
93892604647549063738964114675449635545083121842111
32231116743323054201116568726289381845438735208222
46250559542212567601788611492600518302816248830056
75243134386549599971101554391774620370877092311982
89235160529624547230853176481574104551634960892351
17067326458319653715834594221871198872780210638400
53176872531804562144825151463159207377530853101558
50605879308904921938001196134492598167050248521161
85777470649511808966218075887396096192126275356147
37457488741729956963375864641510101770713426753176
57835942310463731741736922716406884402106097013458
51983187342183194073138391976989051759552752190514
42671265909060292225058820524440486733123533920694
79237680343648188185575715176276422450977124691445
27933407265316428237115305760333321417925314701533
35662379740447052399362722164081163215924336307569
59937792475402840528162410453132630960989744401851
73931902848309141836017321923711818723248175941166
65380623526219577073059401773455019659037557030213
