34369704750758752746464113197882697589377386067409
57731073176254877242658409772423291097702299237463
28258694395111817433946187455541799575549128257578
82061124445430582665343413871582996373732137767872
88881107837740675291012261661015138547629409365536
40469554213746693176825001709127760651301759319311
58555765535711171147748115956435864557025435326679
41897638818768501383165802923400002811424547937779
22523350076986271810816962699796631257492808177509
89561997226782920053638634348681065014638772980653
15150127736247147328830375677765248136529817148303
48594555071408386465616668715819579608310887926083
13209070650058132446344311413203774310771737204003
98385765470350337046398465564953942750608902555368
54296493959372627256180079364382991701592544295606
14678077425545157590898054942037963937584740925261
75799325840722952378378407240060974744635534474177
79892125731011207279492825382456169973078438959606
64784729300826017124601004552524090544819204482532
44393593978289548683090409509884706223808646096733
20337663482312817683821745149670246218323324197902
70407135757145096307814691317456867937182288200543
77397802413964917518718837491751128118243118400697
15874978693063328851559665058529948265968095603781
63176897645091502150445246030928452322686344689314
75871186016988897764255094818435114509925253998219
62758928360232193497725215526121018113635539077299
60206284867520387641760578667844650267283232321266
50135428192063970325214897726987982239021389157804
70424806538235789458293169728013981100091517318367
16507098152102895733199890529695599983905749716659
55492375175330378514282239487474890516950465246675
22978586155746615242925872574433046109557125607898
29859891393050360944998297914073708936237701990650
50084864878784053582406648195245476011210416996936
91044562913463892614844947086538229645928775372747
93674892514243961820843580007681536380403322124620
49834912261734532284746537158545420565516813849010
54386155436289623653871275323900850446678735948211
59538742111483287951167210313820860526105900795732
32402929058532746340147061574384816836831005980598
37618609896245867277883459593379020768799539015635
23993792976588075885663190684844241962282266649806
64758646249835048996916210341929400733209861156585
14403709309150310676680101229524406890580228939776
50538572432651011246983645238327413141972303352012
72365108109700233563753143251052773542087330331977
43382918503805092466109658007153955990493452573387
83850866789082004654307620203890126467783700410186
27478769339864262485061511183202198617853590354608
36072019593608001910767460265559725557652301061584
62251422030141623026765525637292279356278379319882
34465843295956730040813053284222648178827832327323
65818123485147446928818105769288108977320251115547
91615597116470734749798460587903829527843979414166
14495766975030907436862923568223991858138199560331
18207933392908536488096217392491644239502107160032
42408855449881768977007837750450305612479290197445
26181900381438423331181821989353621828900135249643
85614597834009573348570973493160828312026405451220
93129240912098074146894029146536234118330342986192
73359707501629567527512405583047854823700503806549
45668604694627202675583250298822887064678248290414
13895224081305545399179687676475654948597557413739
85346556953292895973128186348521088074833070944658
27873486920298174908758501730330996380070892757257
29295518308191493386364476947471154023176983580615
54007964396996695852366036951275916447715329413432
23351619188192703133492000980083160579106695043480
35776734008106545441649111794137407611678499111049
46993376379909596566646395414272404813583450427371
85855534254100364125952094796334143404138491753977
15784310533663598196575258156643607402151059993791
48862268506545306999955829467491178129237715186007
99025478886124032696258100509567537701056424046645
49112909062797512924142109136096269859959095804694
66465780703189878567273991737443676313469742676798
31364069471602979493703542108956939407300191303587
23546047808073067026959824683210828734627553704261
86342315635235924823282782565580808594836173453662
66755513455257143504921699020499267178603376455153
12386777552948388098111058486819800459163433337818
13414431428524877266061594238500062317993028145376
45563466008949360058149566838358131741774827193408
17259813820899014572344773390095447516895259476224
28341186537976596460176825607763210586921317094993
24776264342355178517418531968508410237598011092644
72977876115393149099202614090123631936093381679343
11612143814875907495522357212285909865437394623715
60918972016903848770283610178120967802015566743832
51888097970441939435425306651286687369097420038003
39581429493296830515325070201032126113771970273440
96029340939241516834101268651716032915136636194018
87316447602766926611505593009236882004579026463017
46990972607190816994052738985868307728630299755446
40261094433026656485016821645794031729380876542904
20638678750325836646814108896229541761594014696976
48463673541143442676557925790408692692117208041694
27113661821262617022163923198759543507390611894059
47680491448155711133092531085089078018285563771903
