72516783518385564003796013607475858030025645969145
74280844852329828995784018590186044582400464175307
18764279305842215086294343202663473311813132587010
94543581307902493084493780347450783183394139156278
49679885097035306588279269602154003149860453432543
31904038965733037860775137051005548754999860126326
97184424585033561267210898550275483994882080464197
88904909896558292619835348983393736581311713758198
49675921792828823665192879823662503582822729207276
77345772948909242337897392833267321246013269732009
48714146727988937838572313340391876161379824491767
82597439197000786419966814664278822928035882754732
97951540689784547391847134103111300211240447929377
51882941397468145318868276911288865367287360021695
13842167877487001270302964295229943372497049459378
22706917290509522765639133583917374964612872160859
50124417842447011148039490138310063185121299216177
94783378990265247560699603284797756239050327059121
42236019709094577150093049356486753052590209736811
33098650946550583859017671000784997460763991633166
77789881895278658588430378406026208082995567604366
96668005293617803413992781614601125053257248924267
65726450972824606317633028115033779555632282794064
36523982118629528864504201158042284590625756949575
73346689955239167561163741963577136106556733707434
15919001021986380145099839767706819681624381454442
11688506114512561868164310556285685213929166062832
78772678849237570616923223900215085535155966371799
38412410490138291795564950130149778885523976256730
96869193399008655219586125109114790316581960763166
14861655708166177601460244467268398876388595387757
56804211874111931692076905008588330077913680511167
51998964093062538085269612150430169174052852591041
83016881236973723060219295769699081005060236382987
45585842193478633581750650681575426757309455860926
48522434717197164222209365768140464518833535754508
48296172137530614132946958389604547153239262482273
31645646956073580043810773667349597816772964238092
87837903866801401421925749285910872751957041222940
68737249419796600772541217420968633951923696997127
23722327195250313963537251653651713551482002833093
67038555355014744357971336261029292269146057941111
25461655658493108355548713232258892816721628064589
11238995498486495919135439274743795713224154639920
86921044556930229322302746872433976520888555207457
81559910379449034832186006776325461177701721285975
62231367903063368994589242823327749234073502241458
26768728665781028770544320556201383315968660324292
35754354550289741795600177237723540293664310747283
49389610137944063732616057751397261462249390957509
93015811606015822529725027847400432377451151907724
46270726785624148489194410380576632982570378816943
87253337535611216967851763583200042599128196513649
17093406286211175092092050882983670442846349844958
71440391711931865206017629995727317483485506948590
83266796950079672847163957836949008532131972872097
97839850167901693866540369679737141512886784376845
24421298731441747530376991902581879068945173290070
81948659712509810361264568071827557729837159391335
94489047945342519319768151624619862312568583452578
61808090151261608236095712242804407504046302606606
51710700411495866520033680296503112425939426739227
36332198808074702616182855210658364519074208585025
69210816930776735737832641328288004988903058437710
20374746310404965094765199683453546357378602493614
64628271220114056123392872844333587019357594971569
74760492802657854640795934779691796636430632255232
56209142256290412702640862132102772337868887290312
71364322549565260829793269816094754316482806098968
24330235530423501092063925254688515791087079237341
20568972877747599908130657789944015552321548844942
51244287115793015009527328843237504625648584967971
27420763193390335909144795951906742749204773210308
79217775615299705496362032700166401312100933149836
52571320119923137015509872562785981497895672803907
33524341799603173614602905794696040296556446440116
88085098379532263983261821857454544458091347821052
18695698974503736042433189427430602871915691602935
41452285289223111327822896040346597196828198876893
15131149780089257679638356436267444250275177205966
93973562679284594319406201197490842831835974926117
11869926393620998967914017138885041575450541253712
42092265554575307261697067742387377692754574716047
87546376362251246960847177755383338447402257326331
19390551711972709624810892566220069662109484351084
12834331118477474082126399152782239993176982233778
85216887088304137243686924796309772824449261556263
59812036595546254946011122362031726147128914084590
25160590667759844110213746849185495481116794197126
25054793348024457138359924726116095900127840517944
60821871107459056509444222073073149961211025924409
52332483551045220362379750886250340360415157372606
56264733310239056866213348181989565510505093153137
99591496708573228605124709923004156328520849061550
14144158397658462166141331504471283042454794931177
64891669364340583682921227680965221551678393351589
94107271585870280908942793216615313829918890798056
94853181695220834863832072843595680950203295314185
46542786032804365522346808623292622913998376797858
20418617730878344617253060690419695006953661594298
