40815845842861712136536900902021421318398962031730
48623346124311474578875654761672769846097001824702
27279737251799989303135219554182568573071644576086
53157123003607809116106792171636625700403605119246
58065793832911167700945666142085656771562276081168
96766115122769220127410230301565961495681175218696
97035522081167646973059243722370377503189026804097
62550662699132120256482172164167731152062939725413
41492297344477889473414520156763933378656019782451
36646834658666812620149787216383207195025161358803
86887330101445657377466273555383497533138151471108
78377560234159340742717093440063928437723812968150
19067938809279101870053551430357408321120981480163
15606129293863097428586191896596255564838359849522
53666545047952884745967044115015615670543528428616
32522007353063094928284393594234676313211214024129
18438384800751546996804205955681074692747597697997
52267854862367672606784513859508941421182693348161
67053818532811586437059360017466796719455120464746
51864688410084449339472705542799449266197358491023
57951112460168441067233951499292879814940373543595
19359581633559267931740031803379430810876052913175
74329441770745136966416909277858769345263915696232
79013619852494556622901008648962349591024255818381
74617214737800195564012829545110253274785833224234
20783049649302987917372723384531231345809819593635
24046496863631235063777618698098270771508271291278
86266324810785365079337757857430366352016036111884
67172976261083953200097290058836208411549980155070
59195649153497530758882843312777793765836989194310
85821638052885261968878704241273447812823809597524
75008204182343761063891721350423513828485236200981
39111105990802595860300841638640536032597988007049
73114159877971912538843741019803764306212171457848
79305892136447882001665666268320609400900249977392
19485931178028237208288929091187573813415510051087
37247549484853069702618948202541012161742996067450
79180011750486741655141050094973463847934412674831
97285255624215608879206232305955055972880082079798
51978536778156739382078525203501482558877228546526
52597531299439198294379141474929943980147971152010
40313478954021478597883897589337475781045341964996
40849011968048282572561289930788389756972737957689
16034368706552253005535543891984416830356534268298
55607364464233259997751909668219766755555402360297
33882398701380086355834337710655985518910562249874
65816188745765699518401260385897229665914990212253
53602233532010434717832346298980158477243994740083
57906703639537675505154345692688840473891609359772
94487130297069317100828271663330162208674191952302
69386646954484930415574101444355539563254655466559
89211076856067392746037883862227775483774105682646
56853418281120097008508266311073418794634215542009
95334784085620047850199179370769375299563939482891
93403635770696139723194809264232677949979309083588
31010289341338055620730012157971688349085649468507
98402996043445655428646330613639067624805881450992
29928771586852343643844989792899215127454412508443
67035145741347464921567910355656277389498255928606
18057547238303274830446010654048192397824109606492
20824529003806792091452699244061297103266306668732
98628491481161517505130998778285724213241697224996
79720267522150321411994791436499785401633588828367
79800186942663857812822136369234757784044815654037
93896051735443804095217194603979584533072366834598
78914012159202761150601421978176107238548535575423
77761342221629366966446971812493357103968580157922
78119217117136464463662584909459997270427448626895
75307640656990273875620370702036418904621229356733
47975229315283409790301643003538428061258160323252
25412980920955236064726697281234012198535198534923
41700640042185940838187076963742912747722490738896
72825798282624286901470068732167620491295236141934
81331574907079987758961055436202422155679081903899
78829433684167838454368959369780229356429172546350
73957243705190857791413324137946971527527610263637
35475756815915782531683866465510043428018792301402
95174124342507352906581461341416390013491774172361
13619253967327170886216101116590132548670277979534
40101663220339934521066142456653356209312928455657
79240540735139544983184315969521847191336396380451
67694371855640440924763913897884720814176886354401
13516713842691062262940192109558196539930469215060
17711145682705117744011528111657054432771117868938
10385375607789328459218976144869073008716150887151
78950796428799365045834656255952911340107563977419
81141926457336317240480431856625948325598532967309
74483055135614956083604147704382830651976597306141
22986706048643338454648128889831091011606151988053
62375739945845833458909914423443854167311488353816
71804165493102277649117030906274770257966126948690
92272189777662942352640771964911212212404413743776
63225588537911010586801035610486844836286752068209
78822353109496708232507728189001792261396243144148
57034138352063372541419335044361798113095449016470
70911043123718184487281566470191329548994924852113
53097952344138683457161457610568664393069084411438
73267149000064551878930806685845365218996737408160
82872351302469685556501234761139604851048491876010
35224779922159757132452740622829969625987686026089
