67600248770722609298120089404328924088627816388501
39977030751620975927850026712003246652498683998419
90525456018157291388365827562667815556584989410528
63871281298517000082784265829402173962614846025626
35165385286535355108246944371439916931960564819935
62424786019166504758383322093977451386600682895298
41322110633524927064863222313432946428908249847532
61177439220200582361211438779618277940671473116537
69734422287710155045255267662116130820298924434174
77465803331875301472396982591412852439330851050316
15051974905886178517766563757931131538165908471551
44535780066916757623881212212455085777201458280142
23086450208869049630286953694869024158286578231562
43962330186209883957428605914847535887749281580261
99043226759307115158153063143334080227714452754599
47889040533903595348340689730039046937905775033109
40416057424294727931273762057944816850597954231021
56976109980161646719892352860060265390483708624653
75068161714361373751923419087735326980767103580034
38511918432502608121132652985114032173034000071494
67081115451640365475161310710154415659248747796955
55268697456441433631581797115128403781777445234237
78112572695333152206946176361411132208546597954269
54838989307416585416941467769715587923258055794808
38962537242871847922967420470865514351272863293839
26798608124367401857884683981360148774347038771240
31666623937630066884080915205498891870542121971077
48781772432407385065985238011029586561502427522664
18987314617876841560565321563406072529847207203591
43301978762138596779175595845142840280921304194550
24001475737258983932686114580089627676758189854130
91792682392731021112866254830818701843124423852409
56066535565572296719801749537822997624135352075971
16849385819899122754388421707937228384889604935204
64210670198963902792236086899923898153276495635816
56059399900733148440406773647586482027015532786779
34503734365714672274253720842294549037417764633768
74466234679008540825250492791439492513342941985775
31806911615911198559201490593758684021167517680921
12890172133419054384942133419729792601412418372690
96614312990826263014272404505765098568564571785763
21255714657452808066005337577098750355654765432298
28936458301221383253587200545624985162574306329081
57944981448876846302671109166632654023443254237844
99836920257590139856537141604637405489498260290196
68179706135228142376965107782898560901738114037940
47828692148321879654408150413854961832925848359432
53966859054411669362285725521607699038311102082326
73188936063635645027045210547149590714475707345963
79469429795112571133656736173859489658607792185203
98790131026658055618365667773846910660362435302125
64046367129295379782177894822929658709482453996084
81804743136094427471264327897948558779191387714710
30762442759276083765227800608175141476729394128259
67929720471934536105249638223337768758539790278348
94097314690497519781484734042949908591106348050642
43324988632001951076649401038061345168563823973813
99854159540865164395242072016492286146817377975277
63980192079738705649212418154620938833647734241723
73977662257490987531070067180794729154621010191115
71443134320091498073072034977651211710872534500908
45101700737181698230424807913575136430625659422562
10559192357489828651624741788821757204925790677001
48910741914751534669706376958843500649748939289561
20819491863626588106585975564217178056693166046392
29557598189431386301274295280736718850937431549944
66049075551062875281607170954646985015485835284044
68904756125054137690294852897016202604542105468906
45623045821238194545912154074132503821058577144558
69778609588402235721357245811515577276294079481228
22450742021685640166733372265106813232162817563947
26324104903017251971233823183791001118551435386179
13127854653516475071234987367465163978837916569821
65453158843684814354197015450841304789365588821865
31046744709587760502362544899238692914556234785432
52976871273564148531395600578559283270362325469915
87235165066356410241487050774896873465221968599527
41205822277539376064093861818360943640934450921945
18787336556823895662384043030593786098766406083236
42838286981254651852058367250969730775304177285230
37155415787930981453140044641842428576372988893073
27155414778841085104181712896515663228752714830591
14188165015012788516601978715200543753371487188876
85266181213659726285481446548891425133170748458515
60524155959334548952515043717341285840214287777100
13191231449629317572831237433136266210685910004733
50605624414219811282750461570385384867466135692086
21904945090709106041901170408046937203184063462488
48640764913502273076656720071058475817488831343497
35319760585222386088668662768473756867456563895776
40711538033789321175419949445755878914137844017962
30757456810637645092391206616483006326457640598223
79777491832340836491162852309411015082270243040583
79399848239249705838058396913748785192311119833588
41859079983304858183770327565668847119231826836202
41985173085604794132115119938496883487578085045800
76169888253235585757322303546190691530005867808971
67892847461868275471812130544231109887734816847416
67073526764343639687447100871078483325773880895044
34684460148872962613685525132481741678616167946035
