39641259127365826471004927965768668373324674153657
65948663735756786379094646914726487790212771034836
73642920163603469597377403057828713219376034003582
44399856422616950590983568211970510780923558673808
20430815247264827292696170180990100738917710531507
85041255491457581957556965579480766831523212539634
66928972138762092424026189194269985454455783528825
10107822719782678883429879678002209654991809762966
97665254531939931082014609041522400351945625099030
29900473855576733000521644360298763364993877408869
54892951905328248742599920451488646314063605963147
47954967138790900123618178100252302837075841131833
36467407116402984629394564716422495294816716404564
28658245314562287632771937240464750685858448390131
49151807030858775885933665839202270332065311121007
95345042819668366083679755583313693493010244099948
27565129493226059812786755001832396264658290093396
18616179049670234670229101985462669920818214063544
59118820952652908823025198305532147683172062833073
22653882880726571434360986440302071760951136380231
63058846977488606487919569393793000344453255369034
41923107596483366727271077274745048213140413265061
64270072198486154167512541224071736656173519597125
41677788278334259608524600039427180675799717071794
52207858413791608301343685165816552379852641241823
72408113771193995222199340232633315574691647665532
17649204075168882649905367034245020734707425950487
10471662901545670380252203319476365463472328402166
95277899745906833559189097126261584682372609855002
42822954494245136494361482175976423385539421831207
20533629603071564108284555680502500715753506046570
79434909755521651737158983168517222572349047130565
43436494103654262805215101753535831554508275939850
39041554594195001783059003596326826447910577995491
64122533580304281494462586630748806990664020636431
57104300030452339040998474840404110706633654738063
56682733214433713987049320658354896001183446790373
41651871154194551973167041733008990098293781771807
36631700150129915674210522211351565360992077057812
99133879658765408158801233289901633193515096228915
59560168048383172911204585661648698042632104978198
27715965836945047033736534861395602218085823929423
16098983800696929782112698538506022898028327965755
41574664411873002407917799983032277612969931239608
54593126891576227964729385860357468677444367815376
32765378330563107113359653283485214148566000075102
92697142224608589260122153963886331947690433110851
66994820374973167361210335664190873597919995202106
69758850779738757737063356725075856644278787006770
74588500001338010447075010068187796481652211973648
45094793991073471214371548164607285936810579131416
32942290307031675003102117907767374863229224810745
78413501385522144028698797991579386685639784092135
34874900094027093504321219054574577194191057673798
84315094595336210807964034403457984309970986057926
37557432089011720609323086091000667122127911954375
64323167660350387069646798799223598796367051855856
72447197083938248962194609092778417338476917086382
99505700309878778157662276578481726241859215579858
74799415644580164612750697576284430464510003912842
77067635945773173639880553738198151286464004840636
21326531553476774225067429889009227512686566101817
59621316764931638477793720064577181218824974118141
45872912618990321514591808960515637728955628158328
65613511720540956087867094071543100824252142991491
56194255761377665078417265465565762851912142205112
26662060089852897842678261838173301731964128476681
71728818452310339007636944221789708919899641899697
42136371438595746446096396686305960003060219227066
79368373066493860785426909536338337259634762139123
10904956244641681036398801647671063269775674169567
52262704055974023469825454411525896940021989571296
51050585753428939281459447680361792592436710748280
83054333330623498514006214635982174024743366997388
57095798249269113537200731193547684522367512065224
98052604718813924638313994183372445869148101617609
88867357238920418455002453786980281321968236597777
55818631785449927698420528560307451899159857754772
45187747167559588264902746141242583921744595132095
32361487600631556860919085146705525089308633072426
30530025025602034870054455992392051240532394889424
92947456608235439060833071558753412727721298834992
60848801866505479609725113320520924590724836523114
54129649388186676249013863430525717590100633611270
47667403795996250817551008967866566213519215632119
10613219568375530642827050114893834568683983795851
46545278259462487438900100918471768976620902470675
96074332877745666790198770677680949422019483244251
56340425906930717385441791323348241154154167373422
86124537348994221915902396263754544935953344726768
22855234139649154069764486814247653337383428159811
55877112877931994372908828321598617197348988563823
32670732981827189118006532817830519165406867937431
78137254514309217921560040082047665997918574150876
20662667541651013935873115799794661396154116984194
83043604500975571390101595002225712659594172739688
16639192237137635219131104762134211396583605554418
33736915247795838860537600790127627537650306128023
12782061413602370323226347492752881782728342369843
21780975790976474882334103049648785235395477254244
