13230982300079756041781589999219366826854080912823
19384966572897745880537488227145971131742980954882
21657142116245635716943982903313897298069208706704
74005669381384384725842497666418923567558533344967
90689791963829565135469454812855672460334806742844
92049786030647883467595298976269438568742796096642
42247823555372694907639957583843993652682922950871
16680000676152421884633740533285582964613045493957
32278479572685576761077750605296762747228317364367
97766262158632637901106295430322869468396756987680
98195714321267664034150755755708952018140842074130
55542219637030956735843654898800954942017182502709
97683816689478435210483320384765529891525357054269
73534006479283203766846913047006565023774085374514
97275986537540041142775037883216260244689490065521
87066949155522124926299422378059007540703708512416
23496952332017904564612848207183717008173069232141
82460304887464099621230924576836258647870607486731
19240472914775135982456233091511004276509930032165
50490471554592010704384205140330912792787898810908
25185381885355043674943862916864666192402236653067
14949335363044764292129206884478367229444084780278
49689477168678930325302611294820376512896075197228
60164107239488010620574123839264637415713947357428
41492335248186927415372366712168824156413042689525
16046168377545473669524807669727957345445641634849
77488051462913373142805260143947587865486043638052
96196497548525043460932607463103683917365443384207
72873668821176296411712613190440835862746903496898
58834076724874992330002910432280644288769865160892
48683600338907852339253875713361637035242763759977
73455061727452292934563374926395192541560208709025
96191741271630871887521571527596458206897194021584
19160429257792870461689553023772466866061787968519
21232217925677419705656558554106332606161846515806
35041490939793424581019312877462123513652234440960
14166652077632690751816227946766099051063592240600
73481501822392349111999278323862802007240885215256
11561315262651151039820123681789148909964994688191
25809320994088341261918554127826454329794774404524
49834331087700383453036354788035609784474260497901
29526132746383065047159906280399180086452731603718
62351779855274115025459141727627897415931960932053
61826872118077216767375613273537748775468756247966
64793637736791300338879309553993954439691450798095
43465475982525274764106360783003769930597097633456
69934252951645535509763600793994876092488473557116
71461882158589518180474560105359945262683074524349
87680741392103982433498128156968234256680445216028
24617891840357087130588659300654248468474001174827
31836295412463084013160684733586449520174139278288
64069131330097542569702194045239272666543148353719
79152360822914028970690846768204419348906411353861
23417687867607989182340598540385648999031288061725
73625393088484609858404119124338818551952215525862
30913161629821522974379347382699813314795194182080
73839817772721667260338388662127212967017489923118
68760117935408785929424661721037679053665659049398
99059500212028554156432931885586292476067199172531
93107644843949529500606991456441102641171191386375
70863105405708715871392403169870620397286442962845
65268343319182308813869459443689419295890106451007
76508793455446086923599068462181752003168259735959
53920796367784934645158481300874355574361804867682
86599324986909030502162715569759775343740326149857
38729782838416870823652732968201122264507117816990
95564248199345594650371491558961449859115491622126
87285999884373846173586126361206957866783088872466
41113287652654795569125210215579622533506978516946
85173797916989585610339572111239346217804157107968
31617567461728888707884216788568925961123031857596
92652420860673437174219037957541385724321938300434
84741059178633544554173781379219877672678691313023
44855465058782541444533520555772421083918007199522
90342266169125510079141958336665109159866892271004
93706063095529936277481129385929951193767707228044
63294479025752822851024799432758728396380296250630
61997032294111836434741712106806973600360499613278
55457323975545026784991535029275129632468948554571
98761090112434353832898141411178245289444363438342
19354643951243926135948801133669817678057040720504
74572038544584760846290959276963434815201900321219
44804764041505336261681181249196120355009429782266
33075017527821952972707287817255345330928533123151
25832594129108224845937762505125088725680581286088
85934882553457532091579720623370408098433196269844
95429574976344535341595097874743707745811706806912
69438321758754535382718828374660817411588211618673
47071383403587442996249901161224358419219329355495
46335307482164164600425772001545868230207443665074
71144517990497506491500330222271716513297852666483
86065030029675433508126514209739337738735049860471
98458786251492882325252979791134281152046493831816
56770278920004778911918602996440305847699181125507
88178696225187994956049927112958218799042521067285
51813321765149686021021418345515669638827490960633
61647483829803590273517196222960478578093996534284
28216385004743809584681560179524400672906163938490
53479471176533394642975182230817733236109287946204
48012236128000641958189738563294458233534687625747
