32662376466765566660114596730213552386593253063103
80579323426453884660768577373929150542960580415355
27807675147922690629504511560801152189619019707258
74316879368937473919161908926469651996654278761652
12893327962973349542022728142724890705241436734531
94029791049481932743404888079036549184485899125731
23150570549545848625809316698598100999993745779948
84133862084977462635662350006696306353676652559546
66942544294713158481112912916151425733977985357183
90419660884210919122265937043885309414563768198911
56300411964859775445342701215130858915933767630249
53895316842458502542584494783921686559908299646442
37641088135531968184556006446548767190725832296123
34608905536363319593219075177874210470989909375117
27762934753969084761098729900899401400819480027920
51357245680264810206222212553967839997652855569425
22175149055560389258261478117073058387262097425080
61142127896983614797329095029276769798590784447637
77578325402527506324556011742235085106705764121753
39892173435309206927289280594430916842149382468053
81668813809193196588482853395516487128901832301810
36314541052092149302334307508545751407185501974162
66605922694557647142902275393011611720068961052382
35064939274369300148629823542777911299805545219467
53146362049242817708767644448465392994509345713448
95640173851557041716095239607957226611068942446499
82952277651510402536556647124038150383563938913740
49461565503660250790006474560604945584771639907949
94875926911079971959789391412804267141375646252079
35597436274787299485434521283151710030321303028282
73912741649508105102153540712622302545924085369697
51302596273510733441127253453588788879331010338240
36734193551941767877753760070918876736311098530824
70429361559429557547826698064067347948189512005311
28884843862652828641670260442569711379528278649881
96977452203933443493170525385751213741204650961740
97408114376626808560492857100235241571382204500390
86528172969432476593411177917118145493990501139037
91763760525697926534171453107419639660689503426209
20984428857193341259740304398153849540504108048940
97714869611986305177287596088546888496082347158652
38606179658856378709829172953505798112215029880808
34811019013918654484422820173766182315862755289674
90504816406157415846507345561276016099938411399216
65920812079497766686470380707994254981741565900074
77428014809187774567154774280826933148188810043551
74596064139140129696793648786251992723589863579845
90005832313833806702726804902879284513029185423099
84992027987716547940824821786327698151824653116500
40453058700331415784124010691986093035370282180436
36179290969485184189938858340371012696756971105978
61272707230426209528398219455940169194601195117210
22731173779237027853742919344582164859477365878927
60888455194997163138383310481411063733246985503169
83678531947724511746975646344282243197127353771127
12230046686475338652465250980076810328329521788001
32649600442684940693585298458485160684811981282837
27347356276395254169301294242816747595445693655244
19736277836060620856354455686463981438917737344972
51889141762479817430368005377344893654197600935973
70673371457897353439058567378595916314635542431925
24024002605020038372619729549638916050641988945294
27962342590299019230365726039877716155266891411103
47092899423003649996507829460665055332303865551982
95601664499818331807071658293886604827162753473363
49840015266983498764701500216307324234096209967648
68010905653382827480294880885454004332879696097085
71482275457323000951674752932034840691560307701486
50252403623567393998202279425632954598881472687914
84674616463643993772493353362520135053365221292051
67425788379498670110478499868017423915763312712313
86235030718434192207766243136265759673523956063000
40734872340078182165057268701168658274645017368042
60314952750030555407526853994093723543839758911877
68488349643391459228401415417245243330724118455459
90554359429946751988195417587701104545242919032428
37027284651084290669408702579127505275156768162767
44777880723455906323469738558071897723877466550792
62698519154465309720950408220343894759793322888462
56566103773982158373975487832144632775669802425282
41246150444225927653039403455208156352276912761148
72033555806321009435188466921193317859840350457285
88056984470713850842912666411253926666666201191270
25750403645587020714835817318280721301807836824945
37954527058570979257615689502529922997252414756031
13806069728280417362975009389268668664823078394516
63033561881738926483311038842557466907767032095669
83947768564707594121490039724342673330378811283361
52995159318738104444114519066452987620047898358755
35756384095511929234419435834495560711197527274058
37383892967118838869731360469794565896182748115015
23533673333270058339051163861525685692320926403192
34639979439525453531001128258397293964042269181016
78081103680108975378255039228477133387558592225083
35916483116400599378857789351761989188572695163970
45008244373670891733246289879634326076952513096624
64848593488511146470665765994470688006162736148147
39312882693501775395149926980188857949051007498091
53646388272068363744259432237678425973552224356770
95684684070517818564334890789157065680446570405685
