26
9 2 4 5 27 122 131 180 195 198
8 12 37 40 74 99 107 166 196
8 8 10 49 75 86 109 141 146
6 25 64 78 81 108 123
6 5 118 139 159 177 180
7 3 6 89 118 120 176 180
10 3 12 21 59 82 87 153 167 185 193
7 15 34 81 89 136 170 188
6 53 56 73 76 88 96
8 32 111 139 145 146 162 171 181
10 9 14 78 82 98 120 147 159 172 180
8 24 71 111 116 139 143 167 195
8 32 68 83 107 117 150 179 187
7 21 64 79 128 156 181 194
8 34 51 96 104 121 162 181 192
8 32 35 39 65 76 93 134 165
7 24 94 95 108 129 149 192
6 21 30 51 93 117 144
9 11 26 74 132 140 169 174 184 197
7 5 13 59 70 95 176 199
6 8 23 54 82 140 175
6 22 56 62 115 134 152
9 4 21 33 61 71 101 141 143 168
7 54 94 95 129 130 179 186
9 8 18 37 58 69 72 107 124 196
6 26 94 130 138 177 182
