25
8 37 39 49 102 105 126 136 180
6 3 20 108 111 117 119
8 25 46 54 96 115 144 150 197
10 8 18 37 42 44 54 116 126 148 150
6 40 56 60 133 138 188
10 18 30 69 71 90 102 107 109 148 169
9 23 29 60 63 110 112 123 140 151
9 24 60 71 73 76 87 132 146 153
7 3 11 13 33 97 104 171
8 4 6 17 59 71 119 146 155
6 48 94 97 107 188 193
6 27 29 49 108 115 170
9 9 11 25 55 98 101 109 164 178
8 30 49 53 79 84 90 91 131
9 2 7 17 23 49 54 122 135 159
8 13 21 34 64 76 154 176 198
10 23 29 34 42 77 84 104 105 135 179
10 47 50 51 81 141 156 159 170 171 198
6 56 82 144 164 181 198
8 47 52 63 65 67 75 103 154
7 9 18 47 72 75 105 138
8 13 51 63 68 134 149 155 200
7 18 25 57 70 80 180 193
6 20 33 104 142 183 187
6 37 71 75 76 107 131
