50
6 9 19 40 83 90 151
7 18 56 80 86 159 161 175
6 4 46 65 146 165 178
10 3 13 25 111 113 117 127 130 135 178
6 24 32 42 77 79 168
9 22 24 51 63 102 123 129 132 169
10 9 33 57 74 99 117 123 143 157 171
10 26 54 70 86 96 109 120 189 192 193
10 6 10 102 129 145 152 158 161 162 180
9 20 64 82 87 97 131 170 182 193
11 26 39 78 91 101 105 107 136 154 181 185
6 17 35 39 103 123 199
11 6 10 14 29 32 79 126 129 141 143 164
9 5 45 71 72 106 121 128 134 175
10 12 53 80 102 106 133 156 158 184 197
9 1 4 6 19 29 46 64 86 107
8 32 78 91 102 135 139 140 185
10 26 30 41 55 73 75 125 173 187 195
9 8 27 30 32 40 54 64 87 146
10 11 13 66 74 80 82 84 99 111 185
8 20 27 40 79 122 147 157 165
8 48 79 86 110 124 125 131 165
9 38 46 83 93 95 146 148 151 186
10 13 38 47 62 86 124 131 153 155 159
7 10 14 51 60 88 121 132
7 51 120 144 161 166 177 197
7 28 62 63 121 131 156 183
9 4 8 21 34 57 74 81 121 146
9 5 20 37 49 69 102 152 168 177
10 80 94 140 146 150 166 168 173 183 187
9 5 7 80 102 142 149 192 198 199
8 1 14 20 32 57 95 145 161
6 37 40 60 68 150 179
12 71 90 111 120 123 147 152 153 156 166 171 179
7 18 22 24 36 150 159 191
8 10 40 83 92 131 173 179 198
7 2 29 45 57 78 97 141
9 62 65 66 129 137 151 155 183 186
12 15 22 71 74 75 91 92 93 142 145 157 192
9 15 49 72 94 96 112 161 167 174
12 3 10 76 100 112 129 142 150 153 160 169 182
11 22 42 68 102 125 140 141 144 147 176 185
8 3 38 47 51 89 95 157 194
8 1 20 33 86 94 105 144 189
12 19 51 60 78 111 171 172 174 175 177 180 188
8 23 84 88 98 152 169 186 199
12 36 44 74 90 93 117 121 127 138 155 164 195
6 10 19 37 83 91 157
11 1 48 92 112 121 133 142 145 176 180 197
6 81 94 103 108 167 183
