50
6 5 37 82 96 127 175
12 69 104 110 116 121 143 145 147 153 154 176 198
9 1 15 20 52 55 115 116 137 171
11 35 41 57 86 104 132 146 151 153 166 177
7 11 15 38 66 68 70 128
10 13 14 20 38 85 137 138 143 145 163
8 38 61 75 110 126 140 156 192
6 3 14 31 59 135 178
6 14 18 33 65 91 151
7 78 133 140 166 171 185 197
11 6 62 64 69 76 82 95 136 142 145 189
7 25 77 101 128 147 178 200
8 66 98 99 110 133 134 141 161
12 5 23 30 46 56 59 86 129 168 170 180 191
9 32 41 46 113 118 131 144 159 162
9 5 32 52 68 96 98 141 151 193
7 25 28 70 106 111 128 157
9 2 5 27 80 88 107 145 156 166
9 38 48 52 94 112 123 150 157 171
10 17 18 54 56 89 95 140 162 178 192
7 2 36 40 53 61 70 200
10 43 48 57 76 90 96 131 164 165 182
10 53 55 120 136 145 153 158 166 192 196
12 21 28 43 45 51 52 74 78 129 156 162 190
10 4 6 17 53 59 70 74 118 180 193
7 2 42 73 97 134 165 190
11 41 42 45 54 57 63 90 101 138 149 183
8 3 17 140 152 172 176 177 179
11 5 20 56 79 119 125 159 160 161 165 200
12 1 15 31 46 56 59 69 119 132 145 149 190
6 26 34 146 156 163 197
6 9 21 37 61 174 176
12 4 11 17 48 54 85 100 110 147 175 181 183
10 13 18 48 51 75 82 91 136 165 197
7 4 66 122 130 142 161 177
12 33 57 58 88 115 116 118 119 161 167 177 190
12 15 23 34 44 57 58 80 153 157 169 175 186
12 7 59 66 68 70 122 135 139 141 144 161 177
8 38 43 69 90 128 131 158 191
11 24 27 32 86 107 109 111 145 150 169 172
11 17 20 26 36 92 95 118 139 154 166 179
10 8 50 88 154 161 163 168 180 186 191
11 2 11 12 32 42 95 98 111 116 123 175
9 30 73 116 131 154 173 186 190 192
9 7 18 45 57 87 94 102 129 132
7 18 53 76 77 88 91 126
11 3 17 38 47 67 87 98 107 118 159 167
8 38 86 109 116 126 140 149 170
11 13 32 56 60 112 121 135 175 186 189 195
12 2 6 14 62 94 103 137 138 148 176 177 192
