88
544 330
567 965
498 950
174 273
356 817
287 869
827 507
795 9
864 691
1000 635
792 209
387 106
381 812
460 800
415 723
617 429
413 636
878 849
933 209
156 78
706 878
902 108
661 681
985 641
677 469
966 201
494 256
108 17
272 594
452 792
630 645
58 855
850 592
291 705
407 950
851 800
557 840
984 256
770 386
932 100
206 18
893 881
243 745
202 503
351 753
39 858
856 705
242 41
863 326
522 930
323 964
868 183
462 368
638 421
843 479
40 306
924 74
758 480
76 200
776 285
238 739
366 383
897 64
261 630
636 231
268 988
403 237
318 137
403 854
44 647
714 55
4 680
566 199
677 216
508 186
133 396
149 643
318 625
39 785
223 656
541 250
664 181
92 954
650 787
296 412
644 449
996 731
229 998
