79
477 568
625 124
552 399
354 710
834 347
286 356
216 638
709 843
290 504
657 670
1000 118
205 239
596 356
384 150
165 908
993 159
351 458
323 735
703 183
37 976
308 612
314 393
684 106
973 52
305 211
689 527
883 149
345 946
419 109
750 528
587 393
850 176
275 406
578 204
388 43
106 784
832 938
997 991
682 698
227 255
828 213
93 512
430 102
14 68
717 827
936 143
941 507
802 854
490 640
902 121
775 933
532 209
379 962
992 597
924 158
938 243
848 412
832 721
167 33
548 907
942 844
851 834
196 953
38 361
583 465
541 915
680 243
954 824
117 596
547 224
298 979
646 267
420 418
860 14
159 730
405 362
739 653
396 935
275 301
