181
666 39
645 57
774 783
458 442
552 209
745 244
33 109
804 308
998 754
258 738
573 637
273 572
643 451
366 911
319 413
970 855
561 477
148 879
566 363
732 669
28 147
754 252
38 479
11 766
107 702
997 944
964 754
284 171
545 80
276 62
577 89
737 506
804 481
245 209
717 319
533 624
62 960
756 19
408 808
279 344
915 769
634 403
460 64
769 177
586 524
642 861
621 581
111 908
973 796
157 795
149 403
205 223
589 734
20 128
95 36
173 203
472 635
171 485
893 529
638 733
621 770
761 133
845 874
368 662
174 16
265 885
824 863
494 581
777 780
239 691
416 878
897 757
645 589
186 532
523 776
335 411
448 459
523 213
398 84
105 29
416 431
164 161
911 59
82 23
866 63
854 554
164 755
794 112
375 268
947 725
479 253
414 862
329 345
444 488
847 493
409 830
916 913
919 221
624 75
218 648
837 344
441 16
805 340
317 337
401 87
388 948
386 76
762 8
876 24
606 535
962 631
401 65
718 221
8 364
633 724
589 957
830 189
343 792
857 379
47 275
769 782
508 970
293 675
255 130
743 156
299 774
490 281
552 187
40 276
262 778
847 865
768 427
341 491
681 845
767 116
788 857
578 835
666 281
436 346
956 758
966 55
434 172
699 944
629 579
844 517
195 516
613 335
569 853
369 126
845 977
466 102
616 133
504 825
57 164
198 582
152 182
647 40
762 797
628 956
537 664
3 464
984 701
193 403
849 691
218 445
647 704
140 360
375 112
44 68
54 421
798 569
163 453
183 502
861 663
745 388
133 203
822 408
373 478
936 406
707 293
681 240
