953
612 962
236 871
785 627
860 648
499 100
644 579
328 222
642 521
256 323
641 230
162 707
104 594
39 737
443 824
224 129
452 301
248 286
852 967
120 917
74 229
866 336
363 361
757 191
729 700
188 628
823 577
149 532
678 248
794 880
82 934
92 399
819 75
148 695
283 793
363 296
446 876
147 245
169 981
164 710
322 752
559 582
247 785
244 570
769 390
524 498
608 525
120 498
167 238
126 953
414 985
528 170
264 584
344 876
497 293
937 65
141 193
19 179
936 841
735 885
736 43
448 236
629 744
7 132
2 816
825 556
935 29
320 757
595 93
499 32
394 367
999 7
165 875
614 997
330 319
208 493
160 474
44 711
799 195
959 720
922 33
932 397
541 576
939 446
796 682
734 499
931 285
443 926
301 907
892 721
364 800
932 459
702 331
914 926
648 246
788 119
407 410
805 3
842 845
80 113
826 205
600 561
735 498
677 656
461 907
41 806
220 2
210 799
878 744
149 877
406 975
336 354
941 122
375 679
464 825
849 90
755 66
738 19
580 155
456 443
538 571
988 45
700 483
125 817
962 956
190 767
109 936
309 309
515 593
477 632
19 431
65 774
843 322
601 472
459 367
873 696
12 867
946 48
471 77
634 988
597 12
26 921
226 590
233 123
977 208
154 60
973 42
31 260
385 309
274 505
432 474
146 189
981 159
571 876
548 260
810 414
5 149
329 270
2 745
628 362
698 965
318 68
445 731
612 943
141 450
376 764
648 47
810 280
497 316
876 242
891 566
821 11
609 65
579 84
17 389
982 481
318 173
810 261
332 417
52 607
743 647
179 425
495 719
929 373
99 806
797 162
833 128
867 881
772 103
903 822
837 857
257 810
127 58
563 905
639 393
758 877
622 623
275 20
426 175
298 227
415 575
146 768
213 906
29 415
136 900
635 40
228 86
365 977
504 680
248 695
44 170
149 357
792 497
890 367
51 16
552 319
802 235
60 82
237 177
682 27
347 142
177 199
310 725
397 488
961 155
195 585
627 984
522 652
374 696
871 954
947 144
136 914
396 540
224 238
534 546
384 26
34 436
930 207
826 256
327 406
722 699
291 847
251 604
765 112
611 373
881 403
285 781
759 89
869 305
355 53
15 292
907 106
634 987
926 490
53 753
744 796
999 17
833 289
996 263
585 408
167 162
480 714
863 696
685 994
69 891
16 723
664 212
431 138
530 882
939 141
90 996
908 369
735 684
225 710
38 822
20 860
923 298
205 598
47 98
602 384
902 29
518 278
487 96
994 853
356 51
761 542
649 750
926 341
914 118
925 674
49 1000
829 259
883 997
956 633
57 565
317 162
143 173
445 946
673 73
37 483
758 482
175 624
365 202
161 947
161 959
613 50
957 248
458 37
856 134
218 792
400 161
39 972
635 419
258 709
610 711
643 489
139 718
374 336
660 16
371 598
440 331
278 932
573 223
624 277
291 938
683 775
362 236
678 488
874 420
882 733
994 931
917 457
187 939
561 318
95 820
975 161
431 239
33 422
195 930
487 348
966 189
798 73
485 51
108 181
218 235
195 116
958 31
940 452
511 707
101 907
208 644
280 698
204 119
679 99
677 183
410 999
566 979
462 402
231 694
488 47
605 59
469 998
845 906
268 444
66 246
689 274
277 238
619 680
362 713
524 643
184 192
785 719
917 926
491 23
406 938
726 911
820 408
849 809
655 227
775 210
236 758
306 149
994 515
704 699
164 32
446 709
81 197
467 288
102 41
959 957
340 100
967 598
317 219
95 63
187 319
112 172
111 25
735 439
53 295
798 89
464 122
986 599
83 513
794 270
687 596
941 412
961 209
230 43
713 780
882 324
527 346
837 612
544 213
311 127
732 875
47 439
911 877
977 641
227 682
127 528
543 500
532 354
718 793
15 474
978 192
876 738
977 632
894 12
416 973
477 330
891 780
887 722
528 698
775 579
465 761
631 612
204 411
205 764
501 570
964 408
130 404
733 989
256 510
780 790
107 739
530 742
503 360
388 406
240 213
328 123
9 656
661 418
605 594
89 538
105 4
650 465
381 502
680 693
527 645
776 113
852 436
524 47
713 397
917 835
935 338
86 638
653 766
971 327
787 720
501 59
801 826
266 718
590 598
655 627
470 986
36 871
906 363
609 889
5 357
7 215
741 265
651 781
579 38
402 945
183 305
661 123
925 20
274 696
16 777
812 655
646 370
653 276
374 158
744 167
742 566
277 715
309 841
441 576
583 30
989 84
10 36
554 409
914 824
352 616
34 623
823 111
791 462
503 147
844 101
183 995
320 594
412 866
388 799
530 25
768 629
517 477
827 370
969 97
173 605
45 251
459 407
102 829
245 323
478 169
177 807
507 391
271 226
969 116
417 354
331 780
834 206
918 725
627 326
214 715
854 778
586 392
382 538
614 458
949 168
808 618
802 274
160 949
544 974
33 366
897 19
442 630
327 742
792 468
439 301
533 80
297 23
840 65
951 304
283 24
495 251
981 496
872 961
905 670
339 131
698 168
752 957
1000 397
159 333
711 523
248 434
839 794
100 488
962 354
488 870
942 100
984 439
885 704
755 783
269 812
889 793
135 570
736 338
221 495
954 383
965 630
724 958
275 907
17 668
250 499
335 966
779 17
806 247
831 178
288 677
338 173
506 813
567 582
95 232
273 337
797 12
342 203
980 31
793 627
745 108
966 680
930 291
396 460
622 541
700 843
514 128
707 738
994 932
780 387
66 334
792 436
741 736
928 844
36 657
559 542
293 170
730 308
960 867
636 717
847 387
557 164
180 14
985 45
745 578
228 458
856 76
169 957
924 676
376 829
221 962
167 578
97 426
90 392
117 772
835 991
803 413
66 294
702 584
647 605
786 935
820 258
318 132
877 664
614 658
208 459
393 491
162 527
698 253
590 148
635 90
997 444
130 116
81 606
753 571
480 627
821 430
83 273
343 299
793 837
49 574
315 993
157 745
591 742
570 238
235 528
326 491
189 416
185 50
600 808
493 242
34 421
727 466
525 279
69 26
319 431
289 556
489 64
785 639
558 537
973 227
699 433
354 577
825 677
225 23
768 196
949 878
97 235
304 534
744 391
750 464
198 954
61 333
134 937
91 276
927 797
974 924
24 215
655 557
305 394
861 158
190 788
60 220
975 459
339 570
830 448
498 330
900 750
320 900
577 918
239 76
39 825
112 198
776 944
4 550
864 532
345 736
644 195
967 736
799 522
660 252
412 462
27 103
383 634
538 326
735 764
774 261
494 581
982 75
677 784
41 461
601 307
259 618
117 223
43 229
734 758
484 14
969 998
333 581
990 284
486 986
142 373
434 351
261 182
110 317
800 947
263 869
13 815
832 861
3 710
305 360
261 209
341 620
551 155
467 964
90 509
697 875
224 11
330 955
705 532
277 371
667 37
166 760
354 958
645 431
260 246
812 37
784 392
581 36
385 529
286 991
277 408
739 921
147 611
615 903
436 734
409 95
898 497
831 463
182 399
368 892
768 309
210 421
564 31
366 178
603 759
830 369
703 360
859 572
388 196
654 673
16 684
87 591
507 204
568 160
69 367
639 1000
155 933
180 381
357 217
739 411
851 553
580 290
509 533
205 503
286 588
458 197
246 276
693 748
105 286
906 53
91 737
20 111
591 280
424 872
488 507
969 818
909 510
113 292
27 130
170 534
152 609
473 415
293 952
19 982
220 196
918 969
72 895
322 52
856 471
451 221
411 706
55 381
109 527
696 277
236 607
720 905
917 686
432 76
103 839
238 217
573 327
409 492
437 993
831 271
745 340
727 502
271 370
646 278
488 252
74 207
80 240
683 80
642 705
575 413
403 502
571 137
654 302
49 136
562 114
690 849
74 750
515 30
420 946
414 834
415 172
697 88
554 236
591 445
30 927
932 2
920 817
656 795
653 510
96 212
733 555
619 973
393 547
40 211
376 425
420 60
908 788
741 180
175 896
951 445
229 751
704 28
314 528
261 449
958 83
576 79
460 833
893 877
426 753
597 986
855 215
930 814
295 685
885 911
489 670
221 986
243 332
445 486
999 653
993 2
208 948
597 722
934 959
349 446
697 260
617 171
396 813
283 342
463 355
827 910
16 748
550 244
879 507
264 785
448 977
182 898
40 343
629 345
735 403
752 392
79 948
332 170
626 669
271 64
325 55
309 198
774 652
603 54
457 384
714 451
423 434
87 602
887 86
16 933
891 851
706 904
882 312
243 672
942 86
949 980
410 308
553 916
394 105
896 669
423 95
829 158
791 712
255 999
520 674
136 303
174 548
