999
996 935
944 401
481 739
39 550
159 37
826 581
107 957
201 717
416 125
261 733
827 398
656 408
90 210
870 647
985 164
334 53
350 21
592 686
917 368
13 179
850 136
271 381
20 391
440 983
34 582
351 604
729 607
10 163
414 849
686 728
38 512
745 234
769 691
109 163
598 458
573 486
550 643
375 344
907 572
778 647
699 286
405 219
79 204
181 319
216 919
260 756
695 270
144 800
16 559
964 904
513 135
594 583
524 168
878 506
623 40
433 694
526 597
260 798
768 68
895 20
977 503
437 27
139 955
583 880
665 844
214 970
818 840
651 567
199 396
86 450
576 910
799 756
529 532
648 610
643 978
454 407
242 193
410 205
544 355
261 996
213 113
391 474
111 507
776 403
692 567
357 532
308 88
576 864
914 633
252 463
460 837
782 712
85 879
705 227
874 282
800 435
281 639
670 217
774 795
350 872
390 450
740 528
985 746
292 355
59 623
151 634
225 83
425 367
534 148
623 895
31 695
978 155
505 223
309 394
288 252
735 608
880 235
352 89
992 326
412 859
100 257
31 795
132 226
596 47
952 707
914 649
319 962
38 855
350 45
732 39
117 618
159 677
934 678
765 493
265 93
883 610
736 745
453 244
36 943
74 667
139 471
146 5
747 931
778 444
715 903
322 386
561 225
70 491
952 589
266 280
245 699
407 401
108 808
150 745
42 255
56 866
886 828
924 594
258 613
328 246
754 44
476 438
192 244
927 513
171 464
755 547
300 249
175 500
589 724
978 333
475 746
270 4
641 506
732 440
842 35
203 83
23 709
99 326
367 408
698 462
27 55
721 809
625 765
290 624
963 449
158 984
630 284
45 856
560 189
487 358
605 510
26 496
801 397
775 780
871 576
605 277
499 854
420 798
245 638
984 733
917 805
640 521
729 839
671 803
261 630
829 340
79 231
967 73
492 846
927 240
75 159
682 811
280 736
551 39
215 549
662 923
192 435
493 278
928 372
236 323
410 898
487 549
252 123
692 75
160 655
529 670
52 504
348 324
202 90
879 226
668 276
414 964
736 828
419 902
952 187
334 138
211 388
549 262
482 506
348 498
402 246
365 484
344 23
952 801
243 241
787 232
554 883
195 104
844 905
885 736
123 467
28 933
824 216
458 547
228 8
718 428
390 443
759 335
533 730
241 839
707 702
769 381
426 696
135 771
416 87
361 580
470 263
266 462
983 876
583 120
254 916
989 847
637 827
808 139
950 318
239 683
783 857
748 734
382 179
708 177
590 202
128 365
952 187
644 84
29 593
418 398
914 772
29 287
558 126
336 409
644 827
379 876
880 644
967 686
2 72
15 847
467 206
499 565
576 913
226 199
934 99
934 676
24 713
539 284
382 37
56 354
759 357
147 785
760 819
335 852
519 583
652 43
568 101
704 876
792 586
416 273
6 961
323 537
851 197
382 121
699 637
188 840
420 144
112 520
977 734
133 219
64 118
441 207
844 123
911 492
794 655
960 775
185 94
382 523
882 737
477 382
532 428
112 253
605 406
26 178
555 41
869 284
587 880
724 314
867 618
244 439
444 297
548 528
238 758
528 54
411 139
101 861
206 259
698 361
951 139
318 605
980 261
648 280
365 149
928 13
35 657
564 333
495 930
197 187
179 112
885 173
717 715
78 933
229 872
791 262
293 840
959 646
961 229
357 979
62 838
804 649
951 315
263 783
486 582
374 260
415 824
361 294
573 848
15 691
562 707
282 94
182 13
464 7
245 196
804 363
143 798
483 754
695 115
415 359
335 226
514 54
969 93
949 374
507 467
521 718
535 824
288 854
66 231
618 992
847 204
588 6
615 811
862 235
536 857
109 188
816 338
554 793
384 665
434 664
135 291
43 323
61 114
593 264
523 75
960 523
225 4
61 115
993 751
103 332
736 566
609 215
938 829
32 17
15 531
819 801
621 555
824 450
479 264
732 764
427 747
456 394
731 274
460 383
400 406
414 757
714 739
352 66
191 834
572 764
763 141
837 146
351 105
245 808
709 62
227 778
903 896
880 885
942 319
492 250
804 373
702 781
670 901
400 440
455 581
471 342
473 208
813 235
855 780
232 755
376 659
515 958
448 305
798 559
73 473
212 433
371 661
30 623
65 899
321 509
113 237
293 528
204 348
209 410
599 205
282 126
199 278
234 930
848 686
545 769
192 479
757 339
884 401
715 459
845 852
4 859
338 385
1000 720
937 574
346 313
727 526
534 896
862 410
755 115
82 618
75 956
872 724
530 429
439 486
800 931
426 297
741 698
54 176
461 552
443 295
970 481
816 459
645 646
858 652
409 932
431 754
126 908
584 482
383 470
227 924
446 681
52 509
356 817
43 107
405 955
754 859
145 603
842 452
488 756
987 768
471 904
714 339
868 834
968 3
538 395
208 433
8 540
133 184
10 29
886 228
543 428
820 133
272 126
899 505
444 220
416 488
22 494
870 43
994 255
303 699
776 67
927 266
653 291
383 576
149 655
975 321
302 309
505 15
520 169
990 457
121 627
230 593
327 325
887 779
494 687
855 65
239 908
200 139
986 645
657 221
481 991
79 305
76 12
61 748
495 683
173 644
742 260
417 369
534 740
602 89
372 910
579 202
994 499
25 540
40 749
536 356
274 170
68 983
177 710
410 12
244 756
91 471
321 307
412 48
684 121
370 518
488 162
160 926
32 988
581 426
911 439
713 590
887 407
203 113
301 614
535 844
245 139
885 159
951 809
837 777
393 330
553 157
909 792
752 193
175 658
48 566
640 770
742 885
562 899
591 318
381 370
596 299
778 340
916 339
610 640
6 889
766 83
127 777
690 709
40 474
966 537
215 630
327 514
615 690
877 630
176 777
910 519
163 414
829 178
38 765
405 825
287 293
191 823
517 639
704 945
564 740
67 52
529 322
284 815
964 791
987 773
445 967
904 120
179 190
190 919
580 450
982 869
572 983
360 652
687 674
346 332
830 63
148 80
737 324
128 784
951 236
467 984
48 38
364 2
894 884
681 486
703 458
782 607
21 863
623 171
427 973
131 207
843 552
198 721
483 641
576 96
381 861
930 454
257 464
314 442
703 101
72 866
547 8
931 826
662 923
867 8
755 160
542 761
502 559
76 930
79 999
83 7
70 705
289 303
311 563
380 568
364 611
229 260
56 223
718 542
453 167
172 628
762 745
379 341
391 533
265 724
558 77
490 278
608 445
117 261
746 915
410 712
848 4
89 205
229 659
353 546
94 271
442 137
779 891
168 224
660 670
93 251
195 8
661 798
868 458
75 547
966 189
860 656
270 927
496 800
556 955
475 31
680 331
482 867
605 771
975 819
386 120
692 484
687 2
218 685
459 312
683 623
885 732
210 36
690 998
405 216
904 6
965 218
489 706
148 222
790 932
624 900
874 633
613 811
639 221
283 867
914 192
177 416
565 725
595 847
675 976
203 12
350 261
226 277
489 413
868 526
495 131
756 346
877 140
163 583
266 543
611 515
102 216
904 654
438 112
925 297
382 602
245 753
938 40
370 759
469 265
536 918
398 861
720 446
718 11
200 629
850 437
469 741
824 965
189 908
484 306
971 941
66 8
204 160
23 418
934 491
153 426
185 712
440 248
356 878
772 966
977 11
688 860
232 185
924 49
354 143
455 586
228 877
59 994
85 539
567 653
417 250
229 53
503 991
597 615
445 81
778 255
279 776
55 654
522 931
332 420
370 41
179 443
479 658
614 40
81 426
834 987
503 235
451 859
190 982
326 237
533 120
968 65
417 108
260 21
41 480
665 863
467 724
679 711
852 427
29 509
308 731
762 720
56 851
399 870
155 80
303 572
77 313
78 683
262 374
394 256
90 686
781 895
419 288
24 106
854 599
171 358
875 507
176 334
543 603
785 501
456 584
512 26
714 545
136 873
128 836
341 30
125 884
253 836
846 160
983 56
400 49
263 305
9 343
315 266
570 624
344 739
768 929
376 44
187 823
728 849
248 471
390 145
250 347
491 277
632 363
337 19
867 975
451 272
334 152
386 127
398 507
334 578
805 532
788 318
671 160
921 522
938 373
831 968
815 222
913 492
762 934
250 889
738 703
976 482
905 711
993 565
384 91
217 569
923 351
960 772
69 524
385 173
340 609
839 389
335 238
972 572
831 68
339 299
996 756
77 379
580 322
263 741
935 939
431 298
160 595
679 610
190 367
62 742
752 891
902 145
194 625
861 883
132 871
800 417
532 707
792 528
850 557
143 925
127 939
95 845
687 379
673 672
848 899
991 849
554 137
341 893
873 316
715 980
272 175
998 196
179 114
441 453
435 461
457 191
537 307
270 790
316 880
113 808
809 152
149 909
946 876
566 177
262 363
216 471
969 678
152 573
420 368
857 811
257 364
608 369
212 771
638 207
423 925
299 236
155 574
33 462
265 128
553 570
651 11
208 193
959 66
904 64
925 206
696 694
132 529
162 421
801 989
225 440
742 973
233 229
223 433
895 851
430 662
149 256
