971
326 616
839 83
350 367
312 914
325 194
627 168
16 336
769 538
594 544
26 617
389 841
413 672
188 903
845 47
184 258
219 828
540 506
554 104
877 215
525 866
933 758
212 471
757 384
153 282
574 192
649 621
997 423
159 251
515 536
597 145
11 57
648 957
783 671
557 436
58 243
578 428
848 136
12 421
796 197
98 361
489 289
50 924
568 171
187 964
94 482
389 8
954 390
216 143
243 894
537 130
418 255
633 327
489 380
379 77
429 696
395 997
420 22
474 258
17 971
754 991
344 439
546 838
988 289
277 656
615 933
62 152
331 288
487 683
780 705
587 963
845 503
981 666
815 927
723 472
329 221
859 18
60 465
255 334
671 377
703 327
482 616
405 563
345 676
532 381
620 165
277 602
904 198
696 449
597 199
825 127
977 305
299 59
457 667
502 699
89 914
563 780
659 528
807 176
312 960
663 694
136 270
339 67
45 32
792 654
81 692
146 38
606 699
913 938
223 55
876 316
330 580
112 433
647 340
331 572
944 739
80 733
999 950
195 134
415 27
430 58
218 212
901 742
470 203
390 308
968 529
140 371
252 706
961 164
517 655
535 712
839 545
990 295
14 832
934 775
224 178
299 102
428 172
772 108
857 274
435 235
407 120
977 293
442 374
937 708
645 6
292 701
893 512
979 447
675 635
466 986
437 669
7 488
761 609
708 607
76 692
273 179
448 982
457 683
726 642
507 970
827 42
576 745
431 61
535 529
421 903
508 92
594 843
443 614
627 25
51 277
959 886
593 541
201 968
986 23
979 714
118 339
127 719
699 357
445 104
138 312
416 912
238 420
948 960
317 350
489 26
315 400
455 37
407 65
757 111
103 859
65 219
174 476
873 730
56 683
770 47
788 806
382 676
702 769
451 405
685 332
822 68
389 931
23 739
206 614
428 757
370 907
698 399
393 116
450 99
296 344
519 293
568 399
820 202
141 828
400 69
969 875
140 239
731 994
547 724
236 960
21 216
648 330
758 243
31 899
935 78
161 502
552 528
212 937
89 756
20 387
789 763
840 950
395 97
778 716
823 4
589 938
525 965
669 33
172 514
209 353
843 1000
688 280
981 659
415 843
761 671
6 25
968 398
528 296
249 24
119 471
475 833
113 385
237 672
266 653
134 896
300 605
661 6
177 646
773 922
933 845
95 941
595 993
796 754
26 500
498 147
403 905
247 533
86 132
883 799
101 912
342 540
10 157
159 900
482 109
312 679
561 655
997 764
266 87
543 383
832 387
862 505
635 959
214 918
771 807
876 413
889 371
957 807
385 73
252 332
27 133
161 797
741 658
314 183
116 949
662 737
674 784
113 717
326 48
700 88
713 867
924 194
565 293
141 246
202 976
530 853
271 241
870 379
234 715
228 535
459 582
195 684
329 312
27 16
498 32
30 297
231 576
992 106
32 225
836 443
454 9
918 49
430 913
781 78
912 227
70 895
446 642
663 482
649 862
142 994
119 219
628 585
611 758
300 719
793 172
617 945
16 758
15 75
336 220
240 467
559 537
414 935
835 736
82 554
908 865
106 602
243 706
276 140
517 361
708 436
900 758
227 922
361 971
832 545
386 141
855 964
950 930
898 906
892 414
472 572
375 289
298 448
103 116
380 893
188 310
445 396
847 550
182 155
569 421
625 213
140 948
587 576
768 960
947 579
225 700
52 385
591 537
599 735
900 575
589 138
688 798
186 49
722 798
370 212
464 134
995 603
985 255
291 29
18 453
668 162
163 6
210 827
909 814
396 4
498 29
966 556
671 899
645 328
705 55
210 970
471 919
722 148
183 582
319 728
794 621
726 402
857 637
666 126
908 495
135 581
599 743
613 951
321 197
679 601
280 372
57 638
999 188
336 362
847 34
255 897
370 351
976 645
600 401
372 450
75 191
913 230
725 458
535 6
813 639
898 521
314 310
686 90
90 137
245 976
431 436
161 485
764 951
559 844
550 926
96 178
527 586
440 764
532 857
148 248
917 771
665 2
115 308
397 59
77 341
696 825
931 164
221 785
392 187
743 886
83 683
629 210
197 90
29 934
182 262
800 707
108 495
371 291
121 759
588 457
696 773
396 710
558 778
332 598
925 210
722 465
727 170
908 780
46 703
688 844
364 820
660 103
431 313
764 804
426 588
678 951
158 362
227 161
458 753
401 369
787 456
88 240
33 948
376 966
651 815
765 383
594 478
463 894
624 79
249 866
46 306
542 560
660 66
819 123
143 173
42 627
106 23
175 62
598 875
131 205
71 713
115 30
188 66
601 345
134 464
789 477
386 630
353 522
16 561
734 58
906 678
354 597
130 566
105 951
494 650
310 662
235 185
830 755
185 118
243 910
749 753
546 97
907 728
735 280
899 428
286 30
695 282
998 852
611 5
156 407
528 828
989 513
152 41
629 438
19 179
806 236
81 162
290 143
921 754
879 387
689 471
878 630
786 181
504 550
727 550
599 574
980 985
403 183
27 702
814 406
684 11
195 489
296 396
803 611
158 587
399 491
568 999
317 164
449 128
551 975
184 96
752 7
246 644
996 922
818 432
293 714
315 408
275 136
734 659
149 319
844 827
259 487
840 681
262 632
807 466
82 28
703 440
134 57
288 395
536 455
74 526
793 54
33 377
640 773
898 208
730 961
316 522
888 667
835 969
704 769
685 526
210 39
436 244
118 990
276 623
892 629
532 32
407 538
23 641
26 66
850 783
744 945
321 544
842 957
536 683
723 98
498 920
751 299
190 948
971 329
834 279
712 312
98 351
488 364
206 453
860 426
967 954
908 228
416 39
616 536
400 181
160 104
268 165
45 592
977 33
857 835
769 466
663 76
420 660
664 129
100 529
294 457
357 96
748 792
916 779
143 318
345 894
20 775
104 615
438 512
795 715
438 549
951 117
679 961
989 931
84 195
225 312
65 671
731 741
452 485
916 728
175 159
780 795
758 757
119 780
460 504
232 759
92 557
422 383
451 726
20 531
928 191
393 117
926 444
989 380
326 628
282 633
425 113
868 341
870 988
241 421
290 619
539 396
301 593
194 846
476 337
745 908
825 62
956 148
843 536
639 956
328 622
442 638
674 316
329 730
348 806
120 703
471 216
488 591
940 771
650 366
41 640
942 481
99 646
455 218
869 980
630 620
135 549
848 746
416 257
567 440
931 378
447 711
925 549
437 564
577 876
276 389
673 752
169 486
921 437
736 371
447 551
630 878
940 15
852 926
358 84
508 276
579 360
667 360
979 132
757 532
265 19
677 289
817 148
309 831
176 953
569 98
783 822
545 378
724 576
738 500
925 307
776 204
485 131
511 997
473 149
568 232
784 129
989 431
544 44
437 615
376 345
570 574
424 121
321 878
615 850
349 906
775 639
639 395
568 504
227 490
247 529
79 10
101 832
226 932
290 616
958 33
69 962
40 511
657 431
680 800
588 468
223 127
143 478
198 235
63 965
777 451
476 467
709 317
529 982
356 423
317 166
755 229
714 641
45 286
607 333
439 197
72 165
926 713
754 781
402 541
866 527
231 17
622 27
630 515
321 954
780 449
185 263
912 80
435 613
434 228
380 844
649 383
186 339
710 46
820 917
681 761
658 940
895 252
426 660
192 793
279 615
650 263
224 518
476 831
322 681
993 959
591 403
259 826
851 304
954 584
791 173
812 514
575 690
233 216
794 74
134 273
91 396
693 351
120 369
876 927
13 205
153 429
369 671
937 507
142 69
805 608
946 221
860 463
41 771
628 576
528 663
708 739
388 28
994 882
866 854
334 875
167 685
241 467
467 459
458 922
511 15
193 617
507 604
689 287
141 776
477 496
427 558
257 566
421 271
650 606
719 473
666 36
739 625
393 342
597 760
354 180
317 655
242 856
606 424
968 131
828 974
674 105
98 83
184 662
685 823
218 739
184 43
698 839
852 633
479 27
754 80
534 346
862 458
383 450
637 368
420 617
167 954
933 69
205 268
727 156
281 493
802 791
779 807
809 254
901 584
804 964
873 402
44 688
68 725
824 328
215 170
477 915
806 533
673 338
250 613
234 112
265 938
321 142
594 326
870 985
634 786
87 909
440 739
913 880
21 437
424 944
215 230
534 49
88 913
320 580
324 963
645 950
695 432
709 615
378 326
591 194
6 854
111 76
213 708
920 921
471 973
955 308
30 18
948 588
152 795
681 936
298 681
690 950
642 254
419 128
170 639
636 505
222 234
121 195
722 17
798 15
949 104
245 761
663 339
854 955
327 659
182 809
67 659
328 279
559 446
932 787
746 933
811 497
484 280
847 959
642 191
900 849
320 915
143 647
47 602
410 789
194 393
734 120
959 789
882 569
541 988
585 567
800 274
210 680
964 982
131 598
768 214
