10000
8972814
2461804
5242335
2328672
7151112
7931054
8914744
7526970
3846199
8281393
7142415
8688354
1612556
1199041
2061485
4826483
9167684
9502649
1928616
1496393
6675222
1120718
5138775
8272491
3086307
5994941
6800738
3206518
7692828
8282807
9524697
7380223
7732513
8697830
7587407
6955350
7067266
9981221
2367800
6697900
8461542
4997072
5326982
3179440
9354033
9797523
7868169
5275316
5262337
5411056
4284141
7060175
7864029
7627137
9262812
9429096
4295229
1506963
5924049
1900896
1698983
9886222
4970286
3043874
4929007
4678901
4972707
4847795
2965808
2266416
2706693
9598703
9221301
6501231
7361951
5391723
2534380
5264043
5667555
3350555
5476443
2000823
7120388
9312247
2058821
5290255
8861438
5125094
7749193
6148585
1483240
2866425
7579072
4686953
6035625
4797395
9444850
3914582
2087752
9186587
4882207
3226257
8261217
4132344
3876508
9532340
4743050
7119678
4475372
2834907
8466416
6280627
7438023
8590386
6886051
8042087
2843652
6146424
2866578
9420416
2667326
8293791
1224075
9438863
6962907
7051496
1201665
5528231
7201241
2020820
2639289
1774014
7111788
3013963
2709219
2611956
7582260
2843675
3381835
1991076
3580529
6563549
4819533
9812767
5130900
7186838
7505866
5325279
2213171
1202444
5568557
4718249
8186598
9333255
2121112
8260345
6835698
8512744
1296211
6214118
9996235
9375147
4662360
3165315
3806681
8328265
7963618
8822603
3117120
8130499
4320276
4169791
4920520
7837642
3651969
6444719
9968514
2418015
4299142
2155372
4294731
5725375
2611084
9525375
2776549
4165384
8425849
5703881
1880153
1553756
6504388
1202487
3470823
3900855
8783726
2850396
3207817
4921026
9758416
3268234
9383545
9895147
2520809
9938715
8897736
2903753
9567307
2065013
4126635
7761960
7606609
7746877
3388983
9094077
7108403
8893089
5194501
8601692
7282927
9545273
6869102
7455092
3373240
8440632
1647783
3067104
8194939
6438690
3468129
3765664
5001220
8862569
1065182
6602276
4906703
7335000
7817226
9851279
8611690
7154817
9782666
5925338
9199242
2804408
5206021
6768460
4900719
8470507
6983403
6666846
3631503
5288073
8461164
5898493
2044383
1870358
1858621
6125652
3482420
1228473
7869713
2520124
9607717
3148408
5410322
2868575
2761273
2632890
6909161
8610761
6516352
6202549
2129223
3275742
2040869
7483265
2236139
3613294
2200402
5782631
3925480
6495645
8721900
5373483
3607251
6086638
9879950
1176487
6500166
8910561
7758468
7448788
6026078
9850452
2395562
6328311
6699380
5912443
4952729
3896386
1978166
9575877
7601466
3984108
7596980
2106223
3375157
6491070
1239829
8797934
5865181
7517668
2970653
4295095
5221054
5484745
8000568
6551844
9119146
7548161
8290345
3350065
6392653
1282249
7491000
2850479
5378285
8361002
9566410
2787767
7909152
5840255
3857089
9622806
8103682
9424965
3777688
7787692
2440199
2450696
1434227
1694574
1062864
8431495
5018228
3858049
7403991
9637997
9652156
2829078
1628238
8447170
7492291
1535854
1496234
6475212
4211308
2383056
6426984
7440605
7875187
8648720
9461637
8932806
4469552
3074033
2626437
9911075
4249727
9965209
6984036
5640171
9180185
1449065
9686748
5795625
2641556
4277525
2078859
7608103
1983934
5992525
4042883
3324216
2735257
8006963
4547111
2470323
1688612
1318734
3897714
4669079
5841475
9022212
6608702
1563443
9008370
6053393
4869830
3435027
4116501
1778742
4042853
9179053
9634962
9864465
7551808
4176181
1701436
3156330
1009432
3960613
7848412
1823177
2741644
8019023
2771296
2695063
3372984
8692978
1458464
3404930
6693415
4391724
7670702
1412090
5345805
4669659
9894936
5359533
7676534
7149770
2159701
4993168
9759517
4621403
2359478
6954850
9831006
5378239
2701849
3046975
6751567
5959546
1859757
9398793
7894625
4627617
5785381
8525223
4556128
4460921
9801205
2543070
9422352
1942506
7392463
2718189
1424347
4088372
6450166
9589694
3263301
3793774
6108522
5083888
7606053
4146395
4954907
1202818
5275897
6958648
2111929
8525024
7669232
7068685
6280096
8094591
2509959
3107619
5213444
1513842
7337557
3102974
5887151
9926269
6559828
4384981
4470540
7290660
5595753
2875357
7793804
9668166
6128441
9942288
5329933
5835362
2433320
4013960
3791933
8942951
3569433
5466051
8911491
9623613
9427522
8478981
6406299
6345983
9634949
9635423
8003258
3660770
7072223
4193331
9153929
2807189
7142497
5601445
9810267
5344669
9132515
5369583
1142832
7213353
3942324
6172414
2767270
6745355
5831489
7282498
9673881
1772519
5417685
9447723
5311421
1959555
5711571
9094243
6796941
5401613
1930334
5079810
9312638
1333408
3395619
4392067
8348202
7501615
5470231
5907706
2995625
1870158
6097551
2486975
5359800
4508038
2232314
3986865
2855025
3194366
4336576
7853424
5343627
1102150
4718928
6095256
6535743
6642974
8518709
6253189
5291610
8934414
4868422
4232221
1620285
6231105
8152485
4334607
1264538
3732875
8814488
6837770
9122110
2521940
9632631
8044132
9659398
6926250
4823014
4591058
2943997
5140471
3866362
3703963
1113285
3276093
3640845
3938900
9879270
9236091
5270015
6737793
4511138
5157127
5712433
6196304
7283716
6185646
8467680
6804138
7684016
8251311
3310769
3099642
8359566
5865002
7746475
4750021
9642755
6025106
8520042
2154095
4156570
2058322
4043703
3691019
6938485
6360089
7320956
8201248
5533509
8821408
6623570
4384363
7709764
3307391
4679040
3863193
5158527
5502057
3725949
1561254
6616162
5154210
9769492
1775106
5337147
4286159
7765480
7691910
9387420
8939929
6643605
4985769
1764813
2714106
4470318
9379288
3233168
2431581
6101792
3920413
2174738
8217755
8213498
4357236
3919406
4841889
6480666
1689478
8307236
1940544
4916373
5899418
5234649
2478607
5898820
2050231
4308004
3630539
8829289
5063435
3860250
9518954
3847269
4452556
9065225
1389988
6286425
1248826
4169517
9745470
2964436
5965195
7131369
7465111
5851650
6867214
4791525
3514259
5471922
5086759
9261571
7874420
1638826
3548240
4890109
3657551
7672640
8553455
9446112
8611211
2845877
5863717
8594716
9024291
6913927
3740217
1475366
3223309
1763685
2712960
4135803
8819615
1147795
4670935
7780777
8897465
7152624
3673062
7422811
8226911
6292377
2375030
4582830
4570022
3309261
5151534
4093317
2888801
5864949
4427382
1910532
1713390
1731504
3441726
5625035
4350816
5205651
2225520
1762828
2830413
8645798
2309354
4181389
2461988
9280687
4180844
7876504
8682590
1359723
9709797
5166321
7296197
6697043
8097663
7537263
2824698
4399407
9006098
7481331
5804383
4416219
5210846
2006970
2126842
7053443
7369989
3428634
4230073
6965259
4066613
1629917
9718146
1914690
7277108
4670242
1223885
6321926
8724878
2975064
4698751
9065624
4275217
5788553
9728604
3501479
1070638
7350029
7560361
9014295
5624583
2660236
3773173
6587064
8796968
6731618
6458774
2196524
1539005
3956506
9537085
8131191
9157025
1699583
3033243
1263599
8368431
7877607
1287558
2262995
6146264
7930352
1964210
8016277
2406385
5483802
1909712
2917582
2370000
1108050
7142371
1137236
5221520
6712968
8413542
5766173
1001772
5450591
5742507
4764927
7166075
4386411
9560006
6996504
9739377
3018659
1393169
2406613
2661566
2819280
9248830
8915359
6681546
6290200
3699242
6569098
7855589
3836240
4052941
3773168
7198106
4750734
5019364
2161991
9485395
5061898
1330602
2349870
7374658
7268403
1199548
9907488
4937140
9177787
7829429
8447862
9361618
7067171
6415975
2978945
7205015
4649021
6517130
4890580
7270408
5867757
9487790
9633608
7319698
2547841
5127415
3489452
8748813
2076557
4558828
2106598
4217588
3065362
2691961
3989345
4857427
4511746
8277318
5728129
8978950
6396464
2126275
6949164
2954443
6307985
9298919
7569570
6473454
8312095
4688635
1052507
2657220
6430190
3670077
8921674
1713742
7027680
1792820
2390954
4089837
8153212
6773930
5736614
7973239
4298244
3227111
8741575
4341825
3877333
3114399
2256254
2627125
2282210
8751341
9327760
8420327
2299223
2212173
9911439
4622676
6561090
5875604
3281257
2041206
4843543
8654851
3331660
5365834
4171270
4846611
8649937
8656341
3038381
8678344
1957113
5298631
9173525
9967848
4113237
4131358
7804650
6978854
4602724
3320319
3167421
6547498
1923082
3770684
7125419
6785276
1356814
4188476
1797301
4321969
5635604
4453651
1955420
8762821
6010379
3172948
2985470
6561278
1946564
5316886
3744348
2354966
2482315
9518402
3175574
3863103
5063705
7261766
7503588
1481160
6843975
9085001
1193850
5583692
3161661
9745279
2593618
5072443
4164722
3426098
6567346
9098067
4910409
4621592
3887667
4250025
8072852
5670162
1842408
3335754
3824363
5364091
7732629
8584584
6561351
3647420
3229221
4739970
4283483
4178646
3846077
5353709
3990581
3511682
7491157
6700413
4576778
8134989
4944537
6525241
9336145
5985282
6165728
3742916
5359998
9664411
9977657
4379025
4652160
4424804
9895178
3804400
8670547
9708630
3165728
5723037
4795452
8588442
7911406
9862524
9401955
3098379
5621653
4984243
7792599
2424992
6474732
2881910
4266929
1896433
5536840
7170336
1094465
6502556
6661465
4738559
6142589
4057480
4768582
9310845
5610138
5283784
8949612
1524276
2189270
5450626
6276528
4645258
9963720
6969578
1173570
9722872
6897999
2018014
9731162
9502201
1115978
1406244
7847682
7891698
5080569
5187293
4404386
8781269
3583249
1941388
3811412
4402021
7210087
5845012
2962670
9545997
8898314
6147680
2599969
7363256
2110346
4065998
2370347
1944967
4338151
7663555
6051935
7993863
8486046
7967118
6308527
8598597
5905956
1753980
2652343
2825686
5548440
8915152
8072405
3817658
6525705
9422947
6195136
8395958
6378307
2495550
4314857
6294974
1838777
7037871
8277477
4392288
6185124
8941097
4562324
3609221
5680690
6529761
7105242
8486043
9377299
1072868
1542369
8581156
1290158
4716459
1222669
6087236
2262568
1997708
6261681
7135453
9767702
1740767
4704309
3642396
8406684
3865797
1748610
5805141
5229656
8415211
8693316
4436620
8149550
1811182
6024381
2070549
7658752
5427307
9336792
7296986
2530948
5489067
2103171
5832780
7097149
1389919
1731539
3278418
5464961
7496978
7617436
9654254
6295522
3676070
7696167
2738412
4965961
3718665
8111012
6343692
1710839
7882145
8934758
1175052
8097285
9920721
4486625
3404531
3817297
8258581
6430417
2877040
6566768
2837301
3846227
3136069
8759686
3735134
1130883
7070324
7786277
6034108
9198124
6354675
7452209
1737435
5099989
4658388
6635780
9877647
7946297
2363120
9972898
7509172
3533469
8750315
4330590
3313338
1766910
8445793
9434066
1186623
6804442
7364473
2245266
3274783
6844295
6651493
7353301
3440868
9379929
7357167
6800275
3997151
6823253
3912849
1751655
1494439
3418204
4281433
9220514
1464107
1485863
2925432
3648006
4493807
3381081
7393420
1847368
8514453
8299305
7028855
1736409
1057594
6175911
7692653
5670382
7212365
2089241
6498634
9419335
2050423
6874009
4860893
1970434
2299650
3071223
9075539
5944409
5289499
8587736
2538952
9819993
2621590
2283854
4403364
2674396
4483012
9665304
5511099
9042424
7076499
6353883
6891203
9921210
8387013
2850226
5980807
8576265
1630416
5048503
6294893
5240439
6044425
5633572
2127138
9076805
9245555
6033830
7355492
6669039
9880939
2688480
4332183
5025964
2991202
2632242
4012026
2379332
2551008
7750902
6458894
1152272
1423722
1141776
2496548
6937012
4740375
6787591
2267748
9940110
9643297
2316805
4903035
1902101
5767239
9334770
7360576
5724383
8479816
7560018
2864490
7234364
5619223
1415127
3349931
7797490
5196657
5562382
8713667
7732349
7855610
6242503
7859896
1362972
5445148
2943927
9597904
9124121
2128474
1584430
2598042
1036424
4199672
6504609
4962086
8593421
5319137
6108100
8337819
7531076
4595357
7849482
7696459
2844511
8893474
9281548
8672162
7041608
8159577
2034192
1770537
3341334
5173499
1216467
2217109
9991184
1739849
1663557
6394665
5196130
9366453
5273498
4914765
7873875
4803462
5314521
2397213
3395597
8660305
2975251
1273650
6857830
1906636
3908711
3148285
7526527
1658022
6987741
2731978
3376502
8637418
6256295
3621581
6448111
9458572
3343942
5070963
7883521
1954032
6284668
5496619
9625124
2781819
8521940
5070800
8578235
7602509
2608048
5099672
1168204
5733378
9673964
5174274
3163883
4493870
7483945
8953066
8754116
4740130
1410802
1661524
6164428
6308580
5190681
5968125
3633070
5805561
8712345
4987686
7034080
4461499
5789805
9819307
5778420
4480647
5758597
1835185
2501370
4943609
5024737
4369688
6049398
4037935
7781617
3481520
8148875
6744728
7943097
3415062
9806353
2694168
2422790
9989153
1446027
9592319
5817268
2699776
8943350
8395184
3130021
7353224
3528546
2083863
9727738
9375738
1352653
4384300
8116120
1877423
3309254
2550936
2756136
5292867
1099746
9970020
6421349
8957621
6206578
6193359
9912573
5834154
3328153
2983259
4373105
8145340
6602694
3496356
2298984
7078028
4862160
1581863
1401190
7907226
3655096
4156845
6323796
4581226
2665638
6353080
3065742
9588712
7991856
3717466
2896539
7924176
3686900
2724225
8629666
7827086
1412466
7676648
2464499
7845100
5140017
5370574
7024600
2331701
2734600
2156300
1376793
1276986
5407318
8997751
8858048
7534019
1381364
3421083
8403391
5949919
5641235
5635430
9850529
2711605
5697095
6403844
4056006
4484580
2532803
1209843
9061438
3522842
6815085
6233536
9884201
4858070
2012066
4957614
5409307
1092274
1615726
9330160
2085329
2942857
9107833
4071351
2360447
2441591
5998407
1829113
4482492
7905834
1301745
5056718
1011859
8884735
4479893
3852791
5992390
3716006
8467416
5679063
5961649
8851367
4129088
1609307
7220047
8789941
5096613
1961285
6242095
3802751
3503941
8437748
8233579
3482285
6648992
5145207
2310120
5222634
9891312
7626905
9234611
7390078
3341954
4158413
2060073
9026153
8786997
3071143
1088219
6852155
8366239
6441618
9515938
5952768
9489136
2458837
4005149
6656389
9847886
6410744
3171983
6871178
9531111
8759319
7764208
1669655
9273907
8201817
7806833
8923036
5136135
2648501
8899999
9193793
2647395
9838939
8593397
5707904
9790292
7288864
4055737
6794525
2253554
8325074
9040132
9040826
8811276
7663725
4689700
9355603
8303044
5803509
2783267
3597263
1145746
7370929
9364346
7133136
1686392
1301174
1646880
6892785
1896880
6295236
5385858
4263038
9118128
5170984
8129979
4911996
7261134
4649341
6972860
3712841
9148262
1619830
6379607
9975719
2282276
3999626
9652454
4138628
5220181
3765087
6409118
4439215
6654598
8919431
8745583
9364600
5007753
2569161
2565995
5208782
5240438
1110932
1220978
3141217
2514261
2516043
1792280
2326241
5473230
8708287
6478621
4187082
8255968
3506364
8672495
4688632
3172759
2967368
7494679
6444851
7472619
3832451
3774846
3137113
7680794
5215130
1062747
1353895
5163159
4052427
1953331
9702037
1900193
5501115
6552820
4449420
9115974
9245103
4909983
4474995
5138730
6581221
5082389
2298833
8606889
2790209
9534790
7926713
4855690
7782794
9958388
9027931
5993652
6439780
7171442
8664654
6381812
9293925
7747525
6272792
4824453
2351701
3668906
7137795
7907492
5806685
3023780
3755272
9136601
1825102
7222005
7407007
7716171
3081182
5858301
4998784
3936307
9461115
7684769
8163991
8337229
2599628
3206024
4508178
1498746
3433221
9261311
2234578
6857842
1281728
1990581
5695177
8800479
2278068
7405867
5728274
5813538
5061598
2304374
4441231
6046682
2435844
6028461
7287661
1901027
7585267
3090888
9618235
2056406
3548581
7696778
6334244
9680462
3351463
8457527
7199498
4502372
3887161
6543778
6711855
5328661
5971417
8846568
9365959
6710193
7629986
2760169
5839280
9458531
3662246
4529451
2445235
2124322
8354644
8926873
8335549
7808541
7253458
8317629
6272374
9825776
7639659
1545771
9557274
9759111
4905208
4449995
8215504
5985939
6875662
7792571
2773099
6184844
3213504
4798082
9309224
3381321
4353033
6973134
7092429
5644356
1488546
8199182
8852457
6794769
7814062
9971372
2173274
4956947
7182715
4654764
2599505
2766029
2763982
4624766
7070490
7825759
6790133
3131524
5294489
6186423
7422335
1722650
2974604
2980292
2708759
8357055
1455517
2005072
5928376
1833763
8975602
2899146
9565589
8380034
4479227
9950238
8745047
8702069
9793281
4977188
5777617
5955960
1933141
6852999
5001966
4455524
1862403
8511552
9798125
7020856
1684147
3280533
6324912
6573294
8456265
1859293
7539184
4649209
3748774
6766922
2938537
5236873
3641191
8530002
3446258
2331557
5316227
3039859
8728138
5567524
7948101
4717064
4337925
1073014
3708233
6995654
9951455
9601022
5758920
6419881
3813112
4899266
9664983
6478682
8259642
6196726
7705975
1599338
2600418
2223544
9911381
7681611
1444581
5903210
6462194
3654143
3327473
2008771
1103794
2375486
2348008
6588374
6787221
8257570
2704008
6416406
2649294
7949895
1008125
4428985
1832742
1379037
5913914
1877603
5021536
7920876
1416465
4209588
5095537
2124557
4300697
3059554
6289734
3838195
8867091
6480565
8919618
8957348
8494433
9547739
1827926
6084329
8805372
3091377
4032603
2492511
5188272
7783252
3411866
7439567
3433413
3187042
4869083
6818509
3595193
6690469
3664520
7983791
4270596
5716046
6183108
1544219
8982377
1331370
3633821
4340716
7728323
4898907
2536937
5398436
4752308
1464711
8898894
3830607
9098452
8359123
7834240
8440490
2762290
8504663
2395452
2454796
5165630
3447767
9556166
2753879
7759452
1137058
5365893
4755646
8037919
5077794
8744683
4258768
4440736
4425132
4405779
4449604
8781818
4001668
8002135
6142946
8529938
8688433
6574774
5354104
2007331
5345371
1854833
3590528
9612168
8571244
7744803
4397663
2434074
2199465
4964784
8559746
9458870
7316215
7114420
3306220
3208848
2303030
5689802
7175303
5755110
3838437
8087340
3632888
5212713
4822955
6591876
3205152
1840093
7192293
8615367
1222086
4091014
8632694
7430479
5658184
4232028
9212656
5479161
4419722
1664025
8064761
8079906
8313569
1481023
8946650
4162350
8644892
8714486
1804391
1042279
5494618
1137871
2362471
9029521
6681615
8949273
8085813
3490214
1886022
2528588
3081408
6249887
2324590
3386924
7249293
7581350
4944557
5854019
3439864
1564092
1048670
9845614
5739213
4383540
3976283
1613469
6583722
6749648
6254430
6246167
3140611
6775156
6862026
3490784
7983861
7073418
4419148
2173598
8362137
2005791
2191879
3152894
6764318
3033409
2670124
3186058
3990229
1050810
8851947
6445881
5338339
4644685
9425633
2271814
4021620
6012292
2973190
8377635
2274267
5123587
5073572
7414733
8778529
3930909
7572583
5961032
5613604
8140827
5746882
8352325
3804100
9509330
1768537
9718562
4237007
2616590
7175961
2577830
6812323
1465296
5283557
2256616
3505906
4200243
6470910
3212559
9247696
1097331
6692666
8737479
8074947
4948562
7911613
8696825
5811000
6412195
7491555
6760287
9427336
5473155
7997452
9145009
8428746
4962313
9459187
3592478
4134785
2864652
5407267
4602140
8124381
8574902
8698106
5466369
3001191
9629770
1267802
1403976
4232559
4734923
5893572
8070729
2889816
3134979
5002869
1359795
9918995
7345020
1598452
5555892
2228958
7220730
2482272
9422977
3999189
3013049
5099209
7299303
2409323
3108003
5446878
1679295
6704466
2704709
4954185
3733643
2837543
1010252
5657513
4333995
3768939
2270688
2977478
8827683
3418446
8552991
6675375
1089302
5516935
3990166
3054179
6195082
4831945
9997032
2730919
1213617
5990122
3479385
1091091
1233715
6255345
6990106
1683068
9661056
8506638
8271595
2987417
9967554
8981018
6821425
8803132
1123322
6167871
6915886
5827546
1871839
6684703
5819497
1141849
3780354
7885914
7112177
3941448
6536354
4313542
5740248
1061155
5942844
8597651
8117940
1987506
5652158
9731126
2455034
6584038
5142549
5234796
2718905
9771376
6366970
2519795
8988502
9794509
5974759
8020798
1710050
5188532
7652781
1372849
7120283
9291056
3311590
1435050
1689709
4026519
5245746
2771770
3689448
7936336
3667540
6776763
2839781
5953876
9700360
4214644
7575144
2840423
7941653
1128973
2747748
7748079
1988854
4182386
1784440
9964956
1091902
3937652
7666270
9049508
1553866
8426267
7654244
6009349
6877614
1246763
2749179
5439149
5060421
1555911
3271993
3404535
4016742
4487621
9739094
1835125
7372556
4105214
5574953
5683164
6100711
2812626
1168633
5818892
5727822
8027758
3089983
4652449
7639619
2006523
8646707
1332567
8379779
7145529
6528301
3037929
7070084
5761814
9782060
2191501
3508369
4539329
2662439
4713483
6738204
5450324
2935253
3237203
4658050
3014987
6140621
1462177
5512234
7716208
9447906
2311516
4441092
5518594
6094422
2817383
4137277
5768008
9095242
7675622
6765329
9348029
4447144
2667321
2914414
2882059
5469977
7667993
2665657
1218904
2616324
6256253
3688466
2115188
2154514
5499523
1870302
2212592
2467772
5047854
1805840
1064448
6015344
4046684
6566272
3566932
9501026
8235694
6740286
1639490
1009973
6720567
1871460
5982251
3240407
8487821
3621442
3638979
2091519
9088367
4743993
7647400
6903838
6963732
3223532
9170751
1338851
3857387
2006605
3611323
2124150
1579695
6551659
8836825
5125916
3876074
3432991
6166059
4059880
4467886
8324192
7179851
3710976
5637139
1204480
2274064
9282391
2891616
7519555
3122198
5359610
1828892
7771032
7724512
7633008
3375958
8679999
6486630
7129752
2050312
9920587
2140080
3364248
2782270
3237882
3899243
9975410
7342358
7145728
1376169
5695299
7975043
5661375
8693204
3611314
5073299
3077959
9580764
6944300
9973894
8907744
2559637
5591728
4622144
6749394
5382871
4607774
3083338
7293435
3544388
9390005
5614308
6228678
8840315
6079341
8657546
3958346
4958636
3295769
2499236
3132063
8760432
3708923
3504577
9984482
2872039
5917081
3749665
5648696
9784450
3976501
8163402
1063822
8753574
4522057
9595693
6473588
5939730
5196043
5964232
6100388
9752207
1016856
7244548
2252261
4809095
4803534
9904663
4939796
9423904
7116581
1096402
9532304
3054652
5838082
4647816
3683126
3860523
9112526
6032097
6264789
9224278
9710105
5184492
7753261
6423739
1629830
1987051
2891585
1156629
2399230
5118103
2746936
2094259
8557064
8924515
2290327
9459015
8287977
8981415
7699925
1205844
4252178
3987993
5820898
7068738
1833489
4346007
6826258
9334716
8408357
7316048
4721953
5730991
9934835
5871948
5992644
3497309
9384566
1666501
2437200
1723173
8807370
5493647
8001731
3661265
8326576
5379819
4334944
2805080
9460577
7833572
7120960
3505173
1196598
2720445
9885699
1554642
4182072
7868906
8640429
8287790
1597045
2194359
1354328
7661851
9979219
4800987
1852541
7532969
3007532
3915701
1299140
1374711
1365985
5266645
1070780
2723582
9033020
7346514
7093199
4014453
8301373
5140520
5493121
2017763
5146778
8005460
6738924
6838445
8476623
6215283
2367640
8567636
5197000
9805199
8506780
5884008
8251364
9204395
4978592
8799957
6883461
3513873
5976005
1177462
9266613
9797798
7449892
3741267
3488100
6679356
6049032
8508415
3171454
7097781
4825307
9420728
5896597
2486010
3865806
1476520
4587857
2969218
3830613
9193756
6320485
9252999
5426903
6209451
8398172
7579930
4119517
5654534
8218365
6483079
7651798
7073837
5948549
7455767
2456580
9670613
7460897
2778523
3453960
2711596
9459904
7437516
7364546
3647833
6647206
2738772
8264365
6873136
7640085
8243797
1196260
3461870
7428117
4682253
5094040
9276655
8169945
2726742
2880450
4557321
1525378
8747863
6210095
2002743
5650373
1195668
7742912
6483523
1520640
7726957
7609065
5290780
2246627
4157775
9820401
6337094
2986704
1954551
1298791
5797924
8761551
1467276
5925057
9520133
9532379
4991492
2697985
1567431
4020791
9387670
7615381
2510979
4857861
6273773
1330465
8495189
9388416
6864615
8476663
6827475
3961028
7173593
9044422
2263575
3773997
1366721
4811047
3655303
3714723
3954184
7145262
6216925
8803736
5397568
3400885
8301350
3933521
6751439
6817770
6426292
2870015
4049751
4345700
5718636
1485061
8219757
8333219
1299376
1647823
8492209
6305681
8799961
3070235
3364023
6440362
9044231
1261591
1565668
4901653
4714434
6988419
5978397
9755415
4966768
1701055
3502627
3994215
3449603
5390836
2698140
1098691
5605321
5856131
5687025
8677193
8528147
1944045
1073161
4852151
8848956
6597085
7515024
7659922
7646594
7466978
7602990
6071633
2900584
9072013
9557910
2198502
9476824
8830524
2059468
2081451
5073594
4967130
3405674
4295344
7624987
2524466
1972235
1962200
2291086
7832442
9511659
3779006
3780059
2845653
4733393
4912079
7501981
8721330
5823295
7376791
3727967
3888330
4036695
6966304
8957037
1354623
8569780
4169323
5069167
9387306
1218205
2052036
5421424
3127975
7345191
3118659
2730618
7661509
5992888
7031577
3026330
9093159
6823988
9519377
7942435
8660943
1202455
1347481
8493253
1253335
1064818
4456879
7397996
9633906
1448979
4566155
2842359
8355608
3740845
9169945
3979744
4897443
9139354
1474161
1038760
9947435
2228134
9532707
8803257
2474572
9556928
8428452
4693866
5935048
3812423
4690911
6351183
6705389
3631837
8381694
6955620
8782019
8734151
5176452
2695557
3379359
8974513
9883561
3437870
8384767
5168283
2077601
6032692
3830580
9347391
8986965
8948944
9951449
9518173
5554336
9295603
7001412
2156023
3363723
4535608
4981721
1522377
2597205
6822825
4207542
3167251
4754605
2723009
6593923
9121399
1489248
8489722
6322674
1765424
6023032
7286701
8633803
5397352
7564305
3624257
7952956
1732399
9652104
9448712
9550630
5002373
9159738
4251282
2289814
1790892
9817562
7587321
3068027
3233084
8648287
3176827
7630398
1316498
5387216
2294537
7518714
3184706
5580370
1353060
3867763
5502105
1673482
4019041
9453590
7044477
5135990
3795819
9061391
9517569
3706522
4300874
7754867
2471391
4270156
9550446
3143403
7782363
9931862
9038295
4736329
6869661
5937884
9275343
9335961
3339034
1358680
5320019
6913309
8060457
9290081
1436480
6743141
6095909
2372506
9014370
7240597
4991856
6695565
2878627
2737950
1225918
2518390
2272246
9521893
4619436
1587291
7338587
1224733
6606618
1610632
7337364
5397781
6288904
5284541
2352657
1367935
8959349
7368971
3876213
8720434
5317418
5286232
3771002
2582926
4494036
3614783
6975770
7490559
5197741
1778322
4119742
3130230
8178889
5203953
4004319
1235552
8880565
3810188
6239498
3647747
8429622
2810782
6235673
3559124
4886177
3198973
3225819
7494654
4984626
7463824
3095934
8595143
7364698
4220980
9967153
6988890
8862464
1624467
9519364
2135140
4633942
5838688
9270362
3671697
1036492
3213176
4829693
4513125
7703269
8501507
5717631
1295037
5432226
5237042
8069571
3051498
2052732
8683128
6764366
2953767
2550092
7395980
7222991
6708813
3770560
2937296
1912241
7384959
9047767
2520938
5418519
7933811
9269340
6348056
5752017
4603104
9723696
8298234
1870327
2428878
2424487
3067794
5829358
4873848
4539346
3630419
5510340
2465970
2552320
6249879
7192650
9883669
8410393
1760982
5991703
1370033
7571352
6667424
5300602
6943458
5559158
5511605
5669989
5058877
4965212
4504688
4257086
3620418
8594247
2353199
5409119
7029107
2045934
4528804
5354432
6917246
1213297
3418510
4054256
9858685
9441740
7631481
2666585
3176513
6193942
9567376
8012391
8595141
4439792
3484721
3659517
6809391
7764098
9859162
3030345
4213129
6557273
1775735
6925993
3968204
5905920
4158497
6906508
8043730
4563180
9760594
7650256
4736764
3572360
6938404
5183990
8690690
4282641
7100936
6696291
2005206
8644318
9445603
9225566
7079033
5372955
6682526
7976425
8620087
3246804
6660442
3711546
6532553
8471499
1962499
4119818
5665374
9801525
2626067
4695042
3272601
3206625
7473256
4235752
8163196
1032638
6033376
4576806
4459063
2936553
6710514
7758869
3332665
3050604
9938219
7326199
7549612
8045929
7092390
5878580
8976053
4618750
9825987
1353708
9048167
7414096
7925927
4739574
3861688
1579803
9930082
2574686
8063822
6226704
3924333
1055747
1345904
4086850
6834508
6216852
3905315
9729448
6959416
7965335
4146631
9100099
9593008
5524799
3210563
3221456
5752250
8930178
6019978
4670633
8494363
9504752
6424532
4601490
7842939
2278985
9905578
3994589
2586952
3070102
4103184
1586955
3266714
7084349
4659737
5613009
5120377
7257222
2322729
9553793
7969462
2045089
1961079
3781753
1462758
2183320
8682732
8710493
6402418
2216354
4577904
7077660
6765432
7278640
1744223
2976812
6845515
8242852
1259817
2759950
9598235
9646487
9920931
4673165
2663855
1689638
5740275
6008519
6573567
7823185
3488586
6876251
8356080
5643326
9193312
9144864
8672261
5432254
6954816
4408634
9944568
1286013
3151660
5001857
6131347
4867804
7635319
2755463
2165048
1442289
6354098
5861156
4153761
7971249
8572765
3933749
6703215
5637543
5170703
1252617
2220335
3631089
7380726
7496864
8994608
5896884
2484625
3874634
5534325
4455248
1747709
6901024
2939039
4007165
1032547
9864007
2563594
6453581
2241086
9113054
9412977
5134526
9327968
4791601
8715301
7040602
7874932
7958055
6953331
5860648
8989464
6100731
9855314
5091856
1274011
4563842
9339185
8269648
4762080
1705328
6299252
4181277
7792000
9668945
9328149
9447397
8540271
4195543
1408315
7688948
6084046
4084978
7060444
5037026
9635464
8796709
7200838
9652712
8014190
3342634
4054979
2338154
2631086
7709776
6261370
5945536
7893296
3322369
7506014
2758137
3005858
9042249
2667902
1328945
5238027
1437634
6188498
5605636
2612075
4539918
1864404
3874058
4182458
5992294
3992891
2124784
4951683
8377149
2728553
4826626
9754721
2316808
4112360
6285780
4074542
8638907
1871022
7045604
1257843
5697273
5943411
4340934
2261174
2589635
3198776
3547332
6740934
4302128
8311335
7400519
6202131
3313858
6569418
1718134
7271758
7724687
4027610
5291292
5749434
6148600
6722163
1973912
6124931
1736044
2786693
3135597
9252830
5384027
5312038
5489131
3877336
1353944
2114095
7220846
5590938
9251518
7563086
3127636
6870315
9068752
1484312
2338040
7401549
4296480
8293923
4334122
7876829
7246572
2895044
3102912
7676368
8977036
8847332
8157141
3064624
9607494
1187237
9311571
5292642
9559287
1304058
8029945
8736561
3071146
1146160
4856394
1772904
6493433
6060336
1612655
6168949
7988744
9297798
7419535
3620266
4498029
3829574
2269166
8557611
7548637
8950531
7151568
5994698
5091900
6735539
7205119
6347900
4128099
6316812
6888104
3923729
2214742
1973182
2205317
4947360
4475708
5903229
8939698
2894392
4106259
4296793
8513768
4023844
6000861
5088699
1403048
3168554
4053399
6873272
9783334
7537715
9826132
1850443
1526140
9224476
1926116
2592236
3528424
9433992
3558722
7957515
8952519
9482509
3529788
4605153
9927193
1179538
5517310
1514370
2390751
6237785
9240955
3977521
8384252
7844087
1822755
9179843
4825085
8326282
8770916
4235032
8151318
2440413
3258793
6567418
4265732
9548812
1379536
4511553
7781138
3960041
7314620
7734129
6104786
9347424
5810356
6027474
5440951
4592254
2028073
6525777
1738754
4390829
3836050
7755029
2583070
7292386
7474989
8294876
8644894
3630196
8681343
7134232
9145623
7647608
7358349
1326633
7575335
8552069
5678930
9761365
2767666
6231473
1021662
4617796
5671488
6288234
1835044
3086246
4781667
4988485
1219718
6320150
3308339
6620767
2489533
4302651
7358451
6920044
4878924
3421560
7026715
2414385
7744168
6336141
6262411
7137944
4818691
7118574
1618168
4530045
4989441
3042954
5000229
1407640
1893982
4544901
8343155
3872983
9824059
1732759
2462512
6853005
5417462
2558244
4994743
2431164
8387290
1985386
4820586
9869771
6696859
9219188
8775879
9390822
6134623
7603126
9237898
8932281
4783068
7130083
5960635
3507824
7503085
3632274
7871100
5730765
2484485
2816079
9128279
8802193
2113334
7171815
3517954
2671758
5853452
8829653
9851229
3169691
6164853
7966003
3388212
2059466
3582228
6792499
4356166
3727891
1179862
4550746
1123467
7844531
1908416
6326232
8866291
2407074
3283652
8909105
6811282
4302828
4938675
4216957
1973171
4883608
9883018
3929510
4638657
5624242
9692908
9981941
4545494
5554944
6808566
6657838
5816079
2765435
4470152
9137455
5536597
5516329
3854479
5845584
3710584
9893327
3019273
8661061
2492373
3686605
3934108
5962823
4564188
8315547
1291971
1543377
1104788
7457895
4668900
4329210
5886724
4917658
7051185
8048912
6197741
2908875
8776671
2283772
4759406
5410886
9291913
2453119
4325577
1159498
5668707
2534713
2930095
4442713
9186869
4748366
4594793
7188708
3864630
7822864
2335284
1874225
7957652
3091470
5240379
5664248
1567785
5898791
6301374
9020723
3463606
7170381
8906271
1513063
9678120
3051464
2496688
4895952
4029519
9582981
6055016
1807706
9069944
1731715
1444410
7305052
1895627
2343205
2873208
8112579
5238961
3332104
5296318
4721597
9149723
4751385
8906420
6208006
5797230
4881576
2682888
4619967
7987799
1588577
2371888
7054148
1162739
7372406
1664286
2676748
9835035
3514832
6908978
8319538
9471516
8018344
1010405
4944810
2590362
5855789
2347721
2764036
1186798
6793006
6393795
5104704
8843122
4848658
6450628
9343475
4578731
1505793
1744803
6259578
2036807
4835136
1554208
6541641
5546726
6402538
3938992
2471878
7533559
3103471
5645381
7374316
8135177
5964902
6046483
3622788
5479847
1387887
3775251
2361762
9088689
1468611
8948469
4116869
6012638
9068157
3637233
9004363
9675911
3795018
3505281
4205677
6372918
5520347
5108323
9186706
8652807
4323854
5262703
6217854
8848497
4852406
9068030
4905956
3354739
8925766
8779740
5555277
8849996
1426002
7906650
9004551
9843495
5096182
3534391
6313992
5806583
4762205
2535922
3281067
7464727
5806018
8029563
4159422
3974452
6403043
1195207
9927860
8873963
1747334
4843516
3128255
1736199
7927051
1886023
1119820
7680411
2377035
7880362
4745926
6147173
4755395
8995261
8310686
8336784
8632596
3395099
3177750
3280947
5250527
8436238
8143058
1438341
5850272
6236572
8352219
6315733
5996954
3043937
3091209
8241504
2500403
4097806
6356643
6268729
1195812
5053983
8323973
8761036
3729384
6414517
4716542
1339859
3456005
9931616
4805802
7535445
4700436
6576379
8707706
8917173
7142221
3706982
1059179
8535580
1333366
2163446
8757124
5458023
3371648
7253589
7699760
2446377
5966046
3922161
6824358
9293725
1624233
5984781
5373105
5833518
9491243
6727742
9196923
6562138
4180472
9013607
2164403
2281700
7352664
3620028
9159107
8313254
1586725
7368174
9665570
6951598
7289165
2449278
3458996
3014480
5971395
2679055
1890450
9625241
2231398
5628239
2952251
6261482
5048952
2754913
3332634
9541382
6204830
4440120
5416379
8875536
9912687
6276301
1660707
4608043
4875577
4509048
3733327
6566013
4423348
9501842
5411262
8176067
1479340
6969764
5230296
5889936
1603171
1391199
7363978
3511118
3210097
7865613
9594613
2623513
1732832
7015963
5183404
9405724
2701393
8095722
5725124
2805773
2669350
5072104
8740632
5530109
5866123
5106695
2769630
5962552
4406874
9521171
8360105
6694298
6492588
3703039
1644493
1678412
2945080
1808035
6229757
7455764
9384775
3469936
8064575
3227088
7912165
8147644
9945697
2430433
1976999
7891127
8078928
9440061
1792694
2384716
3809357
2333002
6826714
9591989
3461215
7709775
8561131
1327806
8513941
9874937
9211924
4743452
5482842
9093221
8807471
8351965
2779965
6960245
8970151
9934481
1342064
8799958
1939221
1983634
4313294
9700166
4226114
3264162
6161659
2791817
8816954
6238306
8222708
8207206
1294178
3491808
8608671
7966500
6344058
7220929
2025021
8782555
6061826
5946431
6810459
1163772
7156134
6288643
9874511
2877479
1587736
1886055
4365150
8658896
8003059
3355640
3462913
1707857
9056963
9970033
9715878
1596520
3683455
1594310
4548206
3085297
8335423
8631816
6612016
5987572
8991805
9235734
9178008
9163601
8596958
1388691
1959865
6558192
2893058
5785295
5604171
9486990
3700703
7396360
2605745
3356180
4259362
4209795
9239466
6556123
4601768
7823209
5492010
6823887
8480045
1864694
3429774
8843392
6563239
4968525
8923083
9747393
1606314
5933947
5531590
4459666
6531419
6335081
8344162
6038019
1756914
5346530
2507149
2570749
2287228
4437572
1591845
9380529
9013661
9228466
6283058
3312201
9239930
5907434
3888204
9692078
2455793
5734950
9562243
2564253
4949807
2211235
2417557
3903703
7054597
6615601
9774963
7325938
9030948
9750364
6281511
1247417
3735412
9756806
6162844
7805358
1515653
6440658
4467228
8589199
6096141
5376076
6732460
7083125
3680006
9037630
8095528
3699723
7910854
5028145
8048714
1485133
6055999
9764115
1649398
7606902
5299307
8503153
3284261
5327980
6557650
1661124
6452065
5111060
8705519
6728138
5177423
4100712
5549141
7186440
2508436
1572390
4392308
2571964
9791579
4041335
7009446
8610075
3302813
8793120
2154539
3329190
6242614
9681193
5575931
6699048
6776481
8825547
8319335
4768226
5166226
3309240
8452934
4965927
6605199
2474058
4824680
4353657
1523617
6335488
2857211
1528002
7724793
5788287
9901952
3510798
1570204
5736457
3478855
7744961
7620801
8666852
6441588
4049915
6084927
5157765
6461295
7002633
4775737
3790036
8500149
7552128
8475425
5485440
6242617
2103281
8685029
2877034
8494127
4447055
9515995
7684368
2672682
4336050
5498440
5516270
8982306
5406878
9514819
1845683
3256404
1896572
9690904
9939156
6325006
8426232
8800955
5553093
4897084
5479830
9011166
8472263
1170400
5946298
9642693
6923007
6504291
9459686
3394635
6681870
9348630
7061748
7560539
6689353
4175491
2309724
6437675
1910156
5694136
7605676
5056789
1862300
8858905
5804368
1309023
3736450
5178120
7841791
7305880
8481203
2404580
9960926
8902371
6207691
1699407
8969828
2499085
6994917
6007893
1436719
8099915
5908693
5638062
3160930
6101301
8501021
1380450
8314588
2763540
2757748
6085752
7629485
8963276
5789797
3126937
4507360
4255092
7789505
6229688
7388071
6743850
6579923
2730876
1823989
9654533
1111343
2498420
6355313
4568234
3828039
5985991
9204542
8486211
2654230
1353323
2420678
4062819
9577591
7545748
3658112
4766700
7028314
9746473
3940033
4956443
5367932
8189472
9280774
6705775
5458747
5320143
1641587
6443963
3476536
9174422
5076478
6496676
5424219
7747445
4036859
4741141
2286440
4594901
7647649
7462933
6732022
8374898
1479313
2483069
6778808
3704031
7525266
6583551
4496466
3220925
4268876
2693035
5955752
4604570
2707977
7737397
4712075
5448219
6370408
9326557
3010152
6198088
2621686
6744547
2388487
1193595
5220267
3773521
2627397
7161160
6992956
1723612
8042928
1082600
7958302
8019918
9724171
6482897
7098758
8396822
6105196
2513640
4980723
4512707
4607511
6855200
4878842
6405445
3028554
2702206
8838299
2984654
4888540
1246950
7874898
8691472
4493999
6912742
9822436
9227080
1685204
2174121
6316847
2331360
6332691
2391492
2666003
7453623
1528777
2166464
2594933
7148851
2761661
7541612
9120881
8407576
5557061
5301842
1647190
1646567
3778265
1583430
1379658
5359984
3407142
9018361
2571110
3236983
5258499
5408970
2414441
5796918
4132567
2494036
2493177
6404041
7128771
8649173
4000366
4262926
4784241
8602175
3144245
4918323
3203141
3077469
3871318
9963366
9314413
1063771
6643537
8462505
6282566
5892709
3894326
2103381
2353494
5554249
2108440
1988826
7685289
4666041
7624390
4008172
3892512
8801450
5294018
4163647
5157195
6720276
9743479
9089271
1869749
9849280
4566002
1995814
6433961
5331740
8506108
8036591
9949688
5042792
1667783
4801211
7093603
3575379
5512516
5198613
4666811
8974627
1484061
4082543
6191561
7447786
7430555
3348166
3222590
5758622
8108773
9418810
3933734
7942571
9548549
7312521
4571246
7131644
2092207
1110850
5078134
4272183
8133498
2475390
1988427
1955104
9811626
5721204
1067142
7142396
4458692
1302784
2970291
8393541
9698098
1054706
7908680
4924763
1542836
5803219
9605042
1676397
6360361
3836510
8265782
7871162
4013993
6606753
9228808
2922138
7193211
4062518
7331187
3700461
7849279
4501095
8489070
8127210
8410920
6782308
1895249
5908994
3759883
9876711
8431591
3297300
6264442
2599913
5124398
4841631
4541082
4836193
8440117
7442106
3732766
5225124
3483500
6384631
6766864
2066546
2598236
2904416
6714490
8330545
3648618
5483564
8265278
8915882
7473923
1633525
3179845
1326794
2760585
7891536
3648919
5317635
9726231
5356561
9048560
1710353
6403845
9389746
8674942
7729463
3743093
1015532
2491012
2459871
4602869
1034432
4737246
7869764
9274246
3323631
2819554
8253395
4262495
9733339
7808327
8461276
9020288
6341400
9421526
6810958
5641315
3791288
9811470
4641940
6588843
3535052
2859773
4467211
6412366
7967495
6758240
8089518
9318635
3598177
8231162
3241766
7973549
9458459
9946887
3390651
8618921
1952622
2532208
8303059
9202211
5339285
4776717
9306628
2022290
8448002
6556653
1097079
8545120
3508095
4657563
6646509
9673909
5060276
1059455
5258427
3667405
8159211
7530967
7643607
6149102
7450889
8908265
4053337
2182390
6773995
2871082
9485536
7114699
8909865
6697189
6223259
2849710
2211808
9912442
2290664
6932174
7502939
9269458
5824977
6090240
6977977
1189349
5221026
5273682
3663877
1865300
7179971
3570738
4301031
1340621
5557202
2862077
6639519
9069014
5405403
4726894
2217191
6335134
3474958
1942592
6351619
8593235
4415920
4441991
2501775
5187194
2833800
3152388
1811277
5850113
4040683
7702895
2812770
5214645
5594981
7495998
2774402
2113792
2759455
3680005
3601514
7851379
8578399
2061114
9381231
3562630
9639465
3073452
5983276
5937348
8637355
5667213
5941525
9971388
8984785
2330185
8868834
5501344
6159992
2489783
4185793
1926706
2595889
5236089
2132758
9257522
3521412
7391261
8416898
7166079
5488592
1488836
3778014
8095469
1381435
9162948
6595272
4805513
6209635
8111514
6282699
9245468
7084735
5473993
1085075
9155728
5907003
3365492
4559743
2882499
6195172
4378650
5772136
7282645
9460587
8181842
7778564
5764194
4416881
7705932
7032147
5739646
7076793
7115728
2208146
6069180
7451040
9577418
2658121
4141293
7821975
3042637
8851683
3238386
8493617
2152254
6502146
2783535
8663892
3350461
8051053
7500091
2246367
8249407
5293498
2459410
5295005
3146573
6443165
6016146
1143402
4439706
7611002
5041008
4215703
8650964
5429704
8419394
4912098
6530288
6448208
2819961
7732513
6248292
8461392
6457911
6866988
1075122
6429361
6136118
1710619
1008843
2828150
2503156
2146406
1270049
9303545
8515887
6391935
2166760
3926772
2071080
2562781
1481495
8432395
9210201
2875461
1078109
4186325
5299017
7893855
7251807
7061708
3885795
3568274
8044398
4799176
8342947
9090924
1375600
2023563
5126757
2564444
8628815
7571787
7405476
4150616
3652578
6800059
8861064
3866816
6994265
5842157
8077599
7754170
9304734
3171852
8827083
2921475
4085550
2836738
9198190
5814916
8329249
4698508
9735240
5386518
5919120
4738295
9134213
7316237
3575906
8101067
9051708
6443397
7434454
4399233
6880761
6150542
9094567
7630419
5908327
1949913
7562855
7091996
6021890
6991607
1632114
1580603
1396650
8694221
9460358
8015818
6050116
1346639
1650040
1402232
7672596
4536134
9291675
5936795
8836374
2385304
9597621
2549119
4717946
2652056
9123308
2472742
9412257
7129292
9112157
3719702
4810329
3832176
7463791
6380203
4884670
8075460
2404011
1053437
3582890
5556860
7286066
7485614
6522344
7436797
6357518
3321247
3687637
4702303
6598260
9344475
3567448
1486425
7722300
6648005
9028374
1190997
2392448
6339462
3628186
9191324
6664238
5333354
8353109
3412563
2879549
2886808
3876106
7752836
1421226
1042848
4946687
3987834
4742737
3961623
8425814
4498712
2793242
7159921
6610035
6269742
8845015
7517730
1810181
6564249
2581505
8442120
1557231
7845466
9601098
8475796
9319423
5640093
2713916
6960801
3755457
8202364
8176848
2933171
2987092
4986339
2795454
9927422
6603468
7416187
7412163
2675620
4943220
4459404
7593880
2808148
6580009
1080570
1976140
6651503
8554036
6474360
6589087
9759792
3646707
1698277
1590764
3129118
4194483
5450947
3676573
1065044
1660437
1750631
1023204
5150162
4386384
1084788
5547686
5006270
1345807
7155653
2941662
6417881
6549296
3286815
4116130
8914754
2699356
1507205
7598703
7518444
3372527
9527724
4821015
1986602
4484282
2709137
5599717
3407612
4156366
7640571
8268536
6877296
1070527
7163784
8424244
1731177
5677337
1716380
5858612
7295770
5636874
8664318
2578625
3027789
3076405
3170731
9702847
8776684
9753653
5057274
9381280
1028039
5496112
4084192
2011485
9731008
9069393
1198447
4620403
7759028
1155043
9663816
2142295
5699241
4087365
7469293
5846605
2648826
1253612
3582745
6966123
3553245
4728189
2223851
7587790
6532068
5893151
3108738
4395652
6776537
7546710
1219234
7946340
8917944
5354968
3926028
1112365
6042945
4605457
2079068
3117142
3159345
1223161
4879528
4520226
4558216
3325750
2937618
9486835
7143676
8191778
8819968
8259578
5182424
7360516
4931480
4872400
3366505
3495019
3030084
8676333
1811820
4848156
9715025
8667868
1916053
2942875
3116826
1537344
9506439
4763536
1038631
3154468
1754006
5904304
7183293
6373942
5047652
9184518
4857574
2042175
9967309
4090126
9758466
4294897
9818486
1799054
3106158
1004107
4239703
7734215
2848728
4976605
3250045
7884479
2421582
4020273
9518507
9925701
8865964
3999427
4088926
6385635
7789740
2342737
6016431
6604607
7518478
4408202
7524960
7930529
7741524
8200124
6568669
8066837
6502486
6832758
6263486
6591556
5705898
8686286
6491853
4785361
9888157
7775689
9603882
4087473
2451926
3408559
6659919
6647449
5665158
6133869
9108818
1473023
7490151
8758209
1374729
4287251
3074484
1753316
6899821
2719496
2985404
9309414
4995640
4600851
3174401
2121902
2276803
4647836
1165720
5006153
2275551
6826095
1449405
7299169
1802809
3892271
2145047
1668881
4398616
8544217
2963958
9058783
1208638
7061498
7290875
1219319
7285843
4979282
7764135
5244657
5732400
5108923
3129499
3348432
4518006
9883221
5589938
9355034
1461779
4747300
5963971
9462326
4696152
7167382
7697383
6655527
3536616
3812659
4064030
5590477
8148735
1485297
5054722
5205553
3146808
2366522
7370746
8737236
1302044
8874683
5268712
3943170
3483060
4714500
4393770
8179395
2950888
2776245
3256792
8540926
9982589
1632451
8640292
2740060
8513247
1644247
2642122
2297540
3799635
2360730
7708318
5435004
1340320
5950833
8844244
7004595
5422965
1120016
9565427
4467549
4715322
5570962
9825946
6770930
7767151
2454082
3870482
7702321
1397161
3041263
1340279
4706828
1606972
9015165
3982030
4053350
6120449
3147582
2807765
6975964
4468166
3147515
2959963
8736891
4312731
1778487
6513000
9354532
9958579
1428933
3033060
1816240
4511279
5957038
4892949
1810850
7024091
8417895
5347210
1114677
1551984
5255098
7084266
6326232
2307745
2545316
1280761
5691322
7094129
4920856
8987944
8259278
3236188
1016700
1115387
8112592
5815837
9170346
2096858
5704369
5303003
1203832
2742160
7618009
5595842
8264239
4979912
2757708
4796337
5247786
4413086
8324730
9770709
4784821
4358882
6012926
1748663
6411772
9615452
6392045
3133479
4956951
2020005
3061244
9275301
5499401
6300171
1488203
8966840
6081048
4790978
8216458
4532964
9442004
8763722
6156389
4377794
7451981
5892151
8237153
2070283
3003867
2841333
9743346
1944063
6873284
7492581
7582059
6756190
9268663
7452665
8870676
7099870
4548503
8622029
2123079
2292064
9661490
7731434
5095197
5631312
8778927
1612205
6153050
2548880
3588338
2222553
9847888
7597559
9299638
8720299
6374078
8550534
8085758
9017526
7894486
4207525
2991092
3088589
3115882
3174935
9106262
1715586
8613174
8837008
2352716
1512582
8271529
6505329
1144074
5839294
1646134
4134275
2374548
1000091
1322162
5028963
3933764
4629444
8533024
1983630
6950537
9455617
4331712
3757499
2957580
3718840
1298972
8113259
8581232
8669578
6827414
7418286
5666260
8247426
7366903
3968398
3516334
3076157
3444626
5460151
2019778
2089222
8161736
5391795
1750887
2656170
5637020
7916777
4652779
1619163
7446802
1748023
8069582
9813941
4209532
5879029
9888872
3200650
3052210
2775086
1468047
9564515
1575893
3744269
4239391
2131524
3282366
4852053
3179118
1138539
1284192
4038712
7560483
3207200
9884711
9268988
4448745
2395601
1259394
8874359
1898862
7015423
7351565
1626318
4098576
8878947
2487353
1556066
2130007
9023138
1559372
7953400
9077919
7045041
9400663
5478971
9353869
2646237
4478322
6903110
5941353
2522883
6098036
1077845
5599118
9186755
6507931
9742930
2222917
4591390
6962411
6575220
4821554
2673000
7483459
9726945
8461397
6576045
6807219
7383007
6611903
5845757
2837864
8583425
8057158
9532588
6307866
5294639
1295487
2000050
7401025
8692021
3309209
5354557
8575233
8518592
5656871
7419626
8845971
4790488
4877123
6756609
1381696
9974029
2540923
1392791
8983290
6791518
9688796
9826401
5103199
3365799
7314865
4289405
6506904
7035961
7609430
8398231
6041000
4976587
9507565
1474045
5139063
4641556
2802290
5159280
8387378
6411809
3187367
1076569
3703730
6483477
9386863
4562426
1136983
1321289
7388734
8485716
1484987
4052759
2582100
1531764
3395815
7301087
6656671
4848046
2072228
8183536
1073313
7462056
8538645
8765866
7128792
8424428
8165751
2890099
6776805
2780823
6270856
8070861
6351970
9982827
6029925
1098562
1615488
9821300
4951159
2774237
8847691
9409020
7377303
9434321
6914582
6626118
2758743
9657687
7179294
3697947
9191104
8971259
1073456
3552901
1112236
1534084
8378381
5414482
4939451
3705422
1572805
4214632
7965315
3894451
6321400
8681500
5493565
6517703
8941226
5537535
5149905
1649573
1147615
2778380
9818549
2049186
8668547
9378750
7256143
4591278
3935600
5666036
3325505
5908551
7615952
7658868
8584853
1971745
5982080
8831418
8574061
4585691
3211918
7127896
7985096
9389579
7935430
2981051
7166926
3559314
9724095
8328465
9029399
6372479
8176094
7137453
5641514
6383857
5746188
3879546
4841922
6622731
2250280
9597229
9272452
1234792
2301575
1434803
7091525
9474810
5729810
5306230
8095192
3236875
3297347
1377618
7093762
6521696
4019225
1588777
3245795
8588563
9990484
6146140
7230269
2881913
9943713
5413214
4576798
4172622
1937610
9027478
6876274
8700527
1911822
1251703
1087466
2216232
4682909
8658076
6722985
2029921
6563475
4169549
4919304
7478295
9719734
7696539
7925434
9001966
3344193
8110457
2142314
4240411
6611761
7540843
4449729
1490306
1545760
3880163
3267965
5581075
8491064
5412670
6948463
9501129
1895905
7980660
6619864
8156144
6288057
3821268
3353336
6543913
9459733
4656180
4317172
1121892
6852715
8319492
6414039
3086871
2157681
4988630
5476238
1691644
3188859
9065660
7496010
8834679
4981702
6087206
1210770
1428148
1643996
4606919
3880738
1730779
8882788
5069285
2456923
2561544
7765202
5029340
5648486
8459439
5831821
1774280
5350136
5586671
5049149
6644089
2467538
7540098
3341398
8140628
7917106
5816504
4175764
4093923
3600417
3267456
3818177
7131734
6910658
6394203
2303342
2710987
3003309
6644611
2861438
2818731
7978105
5370214
5973305
6261246
8169750
7743750
2052829
3623922
6140673
7622577
7684032
5347350
5577666
6803597
5162137
7812614
1028471
9537899
5381921
3051317
7810278
2017633
2277981
1884911
4951325
8306987
9717526
4605428
7654268
3092387
3259222
8029559
8503034
9764759
5841936
8118225
5623027
2977066
4234788
9950996
1805944
7072445
3612046
6683452
9207752
7857944
4871998
8283092
4978664
6798243
1675480
2596199
1505621
7095531
9272890
1386552
5509947
5273803
1125619
8435125
3001685
1406659
7483452
6730721
6184049
4579106
6572269
6028260
7724105
7627143
8121577
9577108
2082835
8551191
7882143
8799853
5386484
1553529
8225176
3470741
5296385
2623371
4645662
4631247
2585766
3117891
5527633
2154894
8228282
3603602
9943322
1640250
1427389
5993451
8174719
8806062
2451382
8266464
7346367
4268066
9936648
4763635
5934239
5667728
3561208
8799588
4440394
7556942
5235807
4020345
7999620
3324307
6542702
1164836
2554775
4452546
2007525
4868164
7599569
5720071
7838394
4877678
3670136
5848761
4569841
3316191
4884816
6348329
2044428
8166120
6460419
9895819
1918182
1249655
3956641
7246665
6952407
7463172
3147536
3244763
7045448
1961158
2746961
8330792
3987877
7047724
6328659
9774958
5325701
7783751
8526855
1327310
1635796
9551586
7639697
5517626
1202210
5271547
6454451
7088640
6322025
9490469
4813748
1552303
6074417
8780189
7448156
7454052
6879542
7358951
7128960
9435552
2690381
3136556
1616582
6327368
3871774
8133167
3485139
2411855
4319522
1756203
4708661
5805617
3981162
6907764
3408119
1092113
8957951
4684762
3985223
5997714
3732571
8992756
3186530
7026102
6707894
9671388
9514241
9030176
1432176
1163845
6771876
7983679
9857108
2755641
3447112
8348224
6419111
9050964
7658148
3188758
1268713
9756152
7433573
6266307
6279086
5844129
4673942
2696843
8290770
6240867
5185542
4148249
7651830
3739715
1382300
7610018
8077927
4727580
9682070
2495485
9635184
4603377
7902640
6146081
2610871
7911418
3796044
2397142
5300071
2845086
2085979
5256464
3508342
7951925
2957722
1638621
8370424
5529666
3534277
3639730
8315378
4969030
6986524
7510380
4598065
5226675
2624591
3596806
2787531
5844662
3041887
6113681
5395485
2770182
9109442
1539116
8263648
1176202
3810417
2714387
6189796
8961634
3421009
2911693
4948396
6749673
5925384
4141234
7637680
4141118
1098653
6449400
5100372
6058682
9471660
8735887
5695880
3509947
4048162
3402734
4207485
2375269
1081468
4526426
5404849
8183622
9250350
9712012
6949252
8226873
3271898
3217790
3546561
7791731
9258156
1071981
3162407
2435468
2253775
8020322
8329604
3836395
6011957
4604337
3316752
1097070
6109548
7619531
1315218
7080587
9736057
8434133
3789872
5780505
1618960
9766029
8826910
8840533
2716701
4695020
8896702
3165759
6908504
1191651
4558551
5434596
3611195
9169025
8682679
6146173
8672850
5537064
4109237
6162616
7888508
2731778
8937165
5542350
4284564
5426001
3219760
7875884
8764062
9417259
5823063
4623885
6295263
9155187
4941842
5779845
5660847
6717145
6972486
5427722
4663964
9950739
7234208
2046245
3858006
2203356
4854002
5416023
7161752
2556975
3784352
4798671
7615176
5001690
6339948
7549055
2608293
1716787
5221798
9895463
1720234
7362352
9817360
2595147
4803319
6543033
4202262
6839641
5543438
3053336
5019797
6199226
4986009
5828642
2678340
6426032
2379341
3290365
2258217
1627814
2363104
1816662
2900434
3852425
8255482
3143468
5389775
9675950
5147796
3336247
4416987
2339497
5929576
5230896
6068334
6594148
8112645
7400988
6512189
8813826
8269716
3836392
2063447
8234656
2894911
7394860
2035864
6928097
7680170
2954591
2949143
2505374
9808090
1976562
8046251
4711046
8025087
3297269
9891242
9852367
2067118
6672724
7055572
1520609
8805937
1206743
4981557
3113700
2594287
4102773
9075099
7411951
4675750
5787271
4361055
3846373
6277367
5546364
9866521
3206788
4456313
1214895
1936949
5303629
2814973
4121085
6922009
7106613
9187341
7369698
3244497
7774682
9304748
3722916
6720388
3164147
9731450
5882479
1242449
7713799
4419300
8667346
5907751
8116568
3254358
7560588
2877527
7954049
2175066
8521615
8908256
5909303
6062161
9546420
4202686
1571271
7730594
5227927
8739348
5364106
6978545
6857753
4410530
3120296
6569096
6172294
2031331
2035614
8459507
7152421
4410085
6989323
2061603
6863027
8033690
8088739
9130016
2783617
3254035
4179307
5140682
6791534
3619250
8197270
3254734
2206904
8180171
2553702
5490659
9070243
6607854
2870217
3991362
4222063
7488320
6693082
5621785
4221760
1627247
9703604
3214487
8735422
1421250
9432459
8704859
7364053
6741150
8340540
9155718
7807035
1244510
8238121
2817361
4749072
8698771
8204525
5665722
4344131
8804699
1542125
1823860
5371275
3243806
6856547
5852693
6127794
6882880
1700450
9813296
8549187
2199440
7430461
7856780
9114194
8291259
7940776
8071736
6101305
4519418
1640528
3845186
6800599
2120450
9546898
6677578
3661636
8505983
8089543
6647043
6919170
3725452
9353416
5272135
9614382
2131318
7850753
4978351
5355078
1904028
3049188
7082773
5006999
3418312
4926260
1307422
2712354
1900828
8088586
1335020
1611324
2146065
8982731
4498347
9297714
6153869
2623709
8187297
7972457
3634620
8960614
8402791
4245941
6974968
7140672
9966795
1845324
3532936
7161879
6687163
5022189
6344742
5079829
1645137
2599386
3596972
5862613
6969182
5984187
6173966
2735455
2012168
2009034
4184863
3018218
7895146
1418671
7841087
4013931
8137282
4983855
2500506
7060575
7873307
1511054
9479909
4041894
7316304
9774416
6968963
7707069
1137357
2303174
2923480
3168818
4512008
8355724
2443148
4202144
3599062
3319151
1959377
2154187
3120235
2297532
4144499
7425360
9393801
8981049
9524912
4780896
6421083
5137658
8515638
1137575
4129651
8866188
9177370
4904835
4332725
7290543
7124905
7987837
1062941
5562318
3623699
7970332
8428053
7241042
2077172
8468698
4681859
5212039
9723482
8155146
4051529
1727084
6019296
2041109
4328089
9626679
3344664
5761503
1847413
6598559
5383023
2841603
2024761
1013555
7316276
5044189
7776542
8570018
7755986
6307756
5145443
3205527
5562147
6818828
7692130
2001105
3374351
7406177
9497338
7739396
4003636
2643689
6518565
5849013
8813509
8460442
8927747
7842536
1277186
2925454
7973833
1078077
2237388
9022417
6081619
1079125
3939796
7248149
5812058
9851057
2925787
6911772
1485864
7267014
5989055
1482896
4013313
2588741
7205646
5788302
6575722
2631706
6721322
7063540
6055391
7099207
9141855
5014138
2826927
4663762
1933309
7374324
7863988
1448292
1197719
9542691
5944768
1625158
1741440
9128321
8853757
4622373
3887954
3294699
8978671
4092585
4353730
8235928
8136755
2570901
4596289
5477327
5829400
7305968
9298928
3718352
8869808
2593238
9671078
2625516
6019959
6369050
7535760
4116799
5234389
1416460
2708336
8209143
5349798
6276470
9394715
6440904
8014264
6634104
9075699
9094424
5366160
9869608
4971793
3460102
1403804
8579579
2539694
6509050
5285522
5913125
1869558
6200511
8130056
8568913
9627651
1659447
1381963
4742639
3003673
3459951
4845058
9300980
3284733
9541391
3533455
4157769
2914460
8500465
2105437
6787661
8501468
6228034
1662709
1441539
5183876
5462461
7451375
1428031
6776644
5048420
6197451
9587937
1383287
4119456
3944179
4123670
9916270
1905978
3888900
5215052
7379858
1313974
2519584
8331842
6844357
7582981
3140836
9723398
1567976
7579227
3882743
2447357
6404690
9517314
2752658
6432587
2913386
3307280
9027487
9358121
6227438
2556057
1300179
3774178
8936029
4401181
9411293
2016609
3016574
4657028
6641473
9033831
5995201
5957345
7105070
4144118
2518669
3617334
3124244
1607443
5945171
7133656
4154222
1069914
5532934
7917965
7891024
3930884
6042847
4312634
4382606
7325429
9262076
8626289
9829898
5867257
8128832
6133851
3514284
8655065
4675612
7346233
2469224
5196859
7812928
4827808
5900091
2926747
2241302
4545025
7264403
3214388
2528033
5457928
2337440
3624297
5547544
7759408
5989067
2991610
8782814
6714186
1965858
1948361
6075197
6044565
9125528
8727579
2091788
5862994
6303125
1733703
4500420
6128310
3620436
8729156
9038835
2790298
6137713
8916371
7750370
7265925
7289186
6586155
6650529
9596698
5810061
5127538
9296569
2453987
5280363
3447953
4082588
4198147
6909786
3909114
4635519
9681852
7157092
5784329
8045302
1141676
2136136
6288405
4688002
7901991
2070077
1527500
1530107
1600479
4797195
3915607
6851137
1795599
8676740
2896303
3823853
8151874
2529307
7013040
6935351
2928535
2844247
4915620
2697646
5170808
6623287
3134658
9851926
5729161
1927397
1842089
1342371
7357686
1621049
4731914
5598328
1240463
6431608
6035074
4552255
6946448
2926914
5974036
1826980
6993300
7345893
2933395
6710600
6331365
7032588
4090589
1541796
2872096
2003306
4432294
9495504
5482053
7348877
3150693
1384485
6549819
4954071
1407641
7187325
8645330
2486407
3428078
5079872
4069962
1693036
7833473
7515326
4747669
7560988
5629008
6098029
7205837
3098090
2448688
3639479
9636931
8458424
9828524
2558356
4909113
7446324
6191799
5236017
9900566
3533589
5891046
3145762
1362164
8203972
3101137
6293695
4272225
6145061
6257587
5880947
7935399
2235930
6258055
2333775
5593624
5757079
1282649
1094816
8463810
9031451
8752606
2293519
2051143
5553336
5290541
5082011
5315191
4510641
3132210
9584483
2598115
3485723
3145973
1809707
8905358
6968078
1504277
7528937
3564772
3028121
7651192
4567099
3304032
9091683
4820999
1186875
3237663
7379477
9930275
9577911
1696666
9312965
5384277
1070903
5760811
5300454
9179328
6707886
8636110
4541595
7687366
8229280
7357856
7599120
3949263
3005305
9801227
8589278
3025147
5885701
7464602
1493788
8843700
8915513
5286194
8340558
7866452
1507699
8225122
2916876
9040331
7301601
5491717
3711280
3664421
8536026
8287485
7796210
4850266
4957306
8897515
9679801
4903860
5538795
7096009
5736788
3299829
1228139
4150369
4868039
6544985
6907349
6121036
1194931
8470116
3415994
5841752
2700044
8679209
3597222
5197057
6801321
4632721
5202999
6652338
8321943
4199756
4181041
2870222
7878479
7840762
8070569
9426583
6631575
1808161
2905309
2710671
5653484
3909445
1359948
7184877
3744137
7837911
6286370
4546619
7796446
2138686
2454990
9298314
3902632
4849572
4351911
8722135
3572884
3347264
4021188
5294298
9659289
2342742
1207102
6856613
1144609
4259768
6747891
8301070
5122823
7241181
4973718
3511852
9287694
1050419
8446581
8109268
6717007
8631339
6783797
8424704
8535935
3542655
3375595
9023096
7374740
9883785
9922821
4696000
2847326
8321717
9405231
3030236
8482265
7782127
6596294
7084894
5729409
9589958
6477638
3776330
8200838
6428245
5800860
7868084
9468970
1376139
8238255
3667563
9003785
1989973
5931615
9226875
4655640
4133115
4464650
8018698
1001275
7721680
3141489
2501612
1882346
3219373
5560241
6710452
8702610
8822392
3209524
8778011
7757744
7176525
1531083
3296278
7541867
2514190
1839660
5271245
1586286
4111770
6938416
2361964
2639187
9148538
6275873
5819530
7281284
9834598
8547425
3684950
4513873
6392467
8669691
8793476
2750859
4179943
8397452
5405123
3149408
9218830
5885309
8901603
5981230
3181642
6480547
1464081
6210701
4170441
6976291
3513078
8242285
7094437
7825364
8150131
5114496
5658622
5850721
2807882
6668297
1883605
5246835
9590119
5384127
2832677
5586282
5234012
7247896
6191083
5066381
5345592
7786955
2400530
9958276
4134282
1827419
8705305
3844903
6792430
1326797
3328370
4599484
4697116
7901827
9497045
5110485
8689149
5922144
2550443
3025349
9248605
7562402
1331918
5370411
1834321
2456841
2007447
5859661
1875955
8119267
4871023
8263983
1647124
6196779
2788117
4843072
3904339
2156789
5290365
2736131
3529846
4109073
4359568
4658025
9742838
4288542
3168268
3684831
1390980
5985805
9459122
1153164
3562128
6430074
1600792
7794554
9161567
2059599
4684534
8258740
5554410
2378683
3955819
7141679
3285087
1805173
9896148
7468963
6225773
3923937
4932318
8300782
9748298
8414300
6885969
9993706
1542063
8797450
3863401
9148761
4762745
8233870
4314764
5210946
8009512
2679570
3477521
1132179
8445452
9000947
6051618
8271751
5588444
5917413
8932234
9079088
4033585
3099169
9391478
1933842
5549424
1126989
4834305
2046910
2602376
1704864
6205575
6505701
8110359
8812887
2152152
7679101
7132727
6454192
6788293
9876968
1346820
1399699
2794028
2725882
9237761
9726955
1655224
8923589
9645614
3282797
3914335
3924542
2464874
7732910
5085069
3960872
9082192
5263656
8679864
7979450
1373145
9246353
3846046
8451752
3103197
4880238
1699330
3385608
5033574
4103875
1119090
1485525
4275149
2470540
5408043
5836774
5102605
1686008
1116641
7619805
9642266
8823519
3449144
3690978
9395695
3337204
7749359
4882815
2204229
8942384
7322864
1558696
2076665
6037966
6118403
2706521
2188678
8853367
3616185
3242505
7061526
4403566
2364205
3657239
7110742
7058341
9605498
8839987
8512468
8141568
6179805
5466501
4467804
5655014
2708548
8306868
3753447
8699422
7591885
2672596
3926792
3064958
3957602
1927343
7517793
6044598
8168066
4074426
2248138
1747496
6412068
8461349
7211707
7620644
8407470
9584595
4513376
1392087
7586453
1688723
9921307
6387669
2555656
9074441
2512012
3700651
7211839
8538193
8777648
3892169
9188487
6656092
8580075
1906321
1808519
8298529
9155855
1771808
8807763
2954710
8618689
1001161
7065921
6551074
7198927
9789177
4494343
4153793
2210636
7164328
4534249
9822401
2143779
6170567
4881577
4145825
6917597
5693816
4336557
8196422
9924986
3577527
6020114
4831305
1651830
5448093
8926272
7816962
4378727
4627822
4314643
6189556
9867533
9591147
2791554
8040222
6541654
1560557
6273452
7199806
1568913
4016036
2399904
1201899
4306356
9856335
6863823
8512331
8647501
4874118
6597765
3237242
5858192
1447071
5128280
3745818
1026556
9919866
1564095
6119385
3014717
5630919
1635648
4089821
6727135
6031342
9145166
2736742
9460530
7702809
9117828
5649457
7990257
6095105
1238637
1337531
1329491
5770348
5955705
2174450
9204299
4657559
6184610
2101161
9234095
2542002
8630286
3117723
7999134
3545524
1035400
5294970
9883226
6279790
7323138
1433750
9903672
5861025
4664699
8915398
2775344
9765469
3113214
9410787
9066368
1033389
6903773
3749592
7314365
1359536
3504105
1006988
2739023
6389386
4203753
8764578
2357221
1682398
9129538
7079007
3403833
5346861
4491098
3249261
8455958
6967390
9468671
5476166
9152500
3754683
2635728
9904318
9654037
2075704
8818801
3898228
5850067
4436383
5459626
8872956
9400256
8150964
2145181
4690856
1111686
9229674
9872555
3247089
6980828
8480810
7023481
3690727
6605676
2580173
9750113
4478609
2495162
7226719
3137453
2226442
5990609
3927398
3394902
5998464
3750970
1677568
3292563
7019302
3024511
6117014
2313700
9308495
9622506
1684185
2609919
1977013
6875031
9007645
9149717
6068619
3205873
8379271
8483912
2339478
7090696
7717958
8688831
9832409
6112343
9047590
8265466
2049744
5019532
2272971
7098527
4910176
1024436
9401724
7316533
9508131
7618588
1084076
4633981
2284613
3333134
6013890
4732776
4556031
3620297
3435688
9678193
7137158
2101237
1205545
3248881
1501012
4630737
1928992
9743607
7324427
4702071
8164689
4122290
9852517
4388285
2511957
7521730
8118623
2126736
3281768
2017367
4587411
1609633
8704442
4729073
6467811
8981162
2578943
1993342
6737707
9708498
7382479
8007337
2603301
6057429
6666449
9556319
6197695
8770278
9499659
2044154
3538027
2125397
3153169
9097991
8136388
8707681
2039509
2220747
9277005
4681682
9425944
8599438
2391300
8319236
1762884
2016988
6761677
8272251
6404508
9931245
3644509
4619915
9721181
9973528
1046879
1311918
7485574
1513053
8687238
6728862
2258989
2151475
5133370
5857220
6325649
9309210
3052216
7682562
3617928
5110064
7609406
9338715
8704746
3667562
6681442
6694896
3064570
6691166
8316242
6221355
7034721
7530736
1220068
1726990
7747305
6493199
5543000
4774149
8930931
3707558
6346246
6894380
6899960
5385099
3011459
8449913
3898046
5371177
2546478
8389491
4615114
2179547
6442029
3732878
4148597
9438251
7425478
4590504
7880024
5416063
3172196
3980415
5188433
3887254
8837492
7611927
1593351
6831522
9492509
7522322
5799024
4440615
3644088
5758105
6462149
9217232
6427317
9379216
7204380
9552946
5436308
6804581
5718062
3636352
5456348
4665987
4217223
3772309
5633621
8091927
4995892
1527293
9192025
2222538
6865150
4517743
8310215
2863287
6810740
8235956
5516838
5698124
4799721
4083481
2106816
9599012
7728438
8679262
9947911
6272727
2377724
9426519
1065974
2628058
5061606
5322927
5734523
5510097
7432764
9456019
1067379
7176233
8401582
5394484
6287159
7691800
3964207
3522464
8369875
9823085
6559909
4682950
2404929
9391731
9008608
8282049
7729873
3883742
9385741
9385897
7832501
7264836
5948751
2167663
9768121
6548261
8409876
7086716
1845440
3827651
3156327
1764732
7783311
8919814
2657280
5281979
1004086
1024548
9110218
7005187
3967010
3720706
2733323
6457010
9571547
9714304
5399474
3188090
4544886
2105010
5027783
4272383
2261469
3625952
7503613
1255617
5231810
2963557
9282398
5073249
9040916
4961617
2340121
7576557
9585847
5107484
8267625
5978467
7839524
9944230
5515190
7576409
7121247
2670591
9086128
9986310
6873879
4624466
6023660
3165708
7924211
2165041
8352170
4385901
6440574
1528731
7664120
1238985
8091444
9889286
3753253
3906181
4449223
6303572
2447756
4912275
6264771
4868805
8685204
5617816
4144527
8022339
7305900
5542057
5184198
9748775
4924788
4243292
1247791
6067897
5425229
6983909
9518366
4261287
2489455
9812683
3020660
4710222
6693079
4166136
2045512
1296261
9612312
6608952
2296146
6154731
3275602
4618231
8519012
4395320
3955337
9592585
6324818
3485037
4599769
2283628
7559089
9943318
7335177
6510150
3032192
5924470
4011343
7709179
6912001
1364014
1199672
4895398
5194999
9787117
4198166
5367748
1546711
5781482
5587728
4741500
5356135
8918449
2240192
8479606
9186246
5450110
3235718
2915722
6490218
6266399
4713142
3894904
5945515
2254459
6220516
2288273
4533970
9639273
6845518
6389437
5551396
2790149
8110814
2225141
6420378
3780961
1449584
8010516
7651578
6946086
1599112
8097620
9249238
5206860
5450786
9654478
9218588
3888211
6535338
6689878
2460049
9738187
3102556
6685120
7277828
4367249
7126499
6300502
4343928
1835311
4444218
9230845
3001208
8181418
3331724
6808949
6950719
3574490
8467499
5157264
2953300
7486991
4959326
7825953
4122156
3474633
1522997
9126339
3396194
7680879
2413040
2645048
5534554
7584733
5299198
8220595
9216319
4654956
3795619
5720239
7873707
2524717
7152574
1634139
6468689
4223503
9156592
9128480
4304643
7126302
5380435
7797908
4526600
2747042
1485121
1783421
8794048
8302701
7476203
9911578
7502256
8172821
2314156
7682616
4726601
4583078
5240904
6560927
4467403
7812459
2828850
2871415
8299313
8556500
3366702
7854266
3982556
5300575
8345539
6981985
5464553
1637793
1120022
2812645
9837350
4296448
8906464
6922076
8644248
4104624
7602044
9286630
9602801
2458266
5570310
8304946
8126425
6851814
2109275
1447155
1797739
6015893
1577137
8227100
7576090
1304192
8321105
8880670
3553576
2800514
5665321
4479490
4038720
2003668
4800129
5252512
1897634
2345345
2358375
4329741
9132781
7087254
1731690
5112090
2278625
5938569
5814639
4351959
3383825
5862949
6467515
4860728
1691216
6739639
8117460
2096428
8047776
8951077
7596795
6980558
3120850
6737435
3431887
3721044
7121114
2761346
7694732
4723658
1357633
2478074
8617536
8896745
9099962
9460568
5496593
1346237
6285832
5706483
4999421
4292430
9917608
8687321
2468344
6817517
3527575
4953714
5980415
6594433
1976782
2266745
5203414
5333029
1431688
7035578
2273507
4966302
8332179
9776571
5424440
7535815
6626340
8392363
8819902
9581339
6148501
7747060
6773223
5261613
4829552
7640100
8243418
1878330
4024545
3226270
7842780
4820077
5338804
5218098
3166716
2587687
2173115
1845977
7749997
1552167
9142324
7037375
4303668
9090845
6993824
6224114
8712785
6475290
1163861
7398711
4873224
9141642
3180061
2638020
4387421
9624824
9865698
1766024
9705362
8157784
9373280
8534541
5655040
4480175
7681704
1569157
3880978
7031592
8765394
5705711
2776046
8848167
4662969
7884781
8338230
4493024
1786721
5567474
5229045
8397054
8589554
1136989
3322995
4414750
5115974
1247036
8168318
5251326
8521616
3325101
7964273
3964754
7680839
5387244
1492672
6719338
1937926
1277916
7485015
4142992
3527148
3668331
4402218
5403497
5429722
5398251
6555092
9478961
5906898
4521929
7250535
9289696
6280659
1178785
7158739
4847024
8141182
5398821
8059265
7999720
8773247
5638591
3713693
7170790
4712751
3046336
4910539
7304640
7797359
2238418
6419638
1514925
5527447
3140866
5266469
2504136
3007517
9253709
9152488
7739709
1467150
8436797
9265763
5413515
1376018
8515034
1340537
5880354
6093855
6135200
7031532
6468639
8904477
4797971
2755048
8912939
4725961
8309173
4152316
9637043
7733263
1627017
3134383
4799249
9973400
1467308
1867982
3313956
7523439
8214901
4405788
7835177
2646586
9549733
2212206
7714968
8261060
6251760
4822575
4148277
9375526
4221236
6932387
1726135
6737323
9031702
9648333
2369561
1491018
4359033
6587605
3150207
7221281
6995595
7950446
2575586
9762523
7634942
8615880
4049244
4382433
7633962
8558148
7589542
8540677
7055697
1644537
6386833
8246735
1119540
7494827
1474200
6724794
8156534
6177582
6439524
9542995
4798992
5778887
9996513
8303314
1368489
2336658
6969643
7653497
3175951
9342205
4657158
6047861
1610838
7456139
3742345
6462404
8706618
1826852
9472261
9930927
5464805
8160430
9495239
5250922
8106977
3949813
4786810
3030442
4681046
1031722
3849169
8345155
7672286
2160409
1620121
1932865
9415615
3165221
8816353
1909146
3641552
8108736
4713473
8549820
6863768
6348155
2463832
4933958
4302528
4925416
9491319
8384006
7544277
3177892
2861197
7949681
3654778
3842084
2911909
8009079
4068455
6592681
3118260
2373826
2811953
7795481
1401271
5501336
3892873
6572476
6476924
6739599
6955648
7194289
5926295
9066613
3716544
6500171
6571556
1334718
6952428
6800820
8148311
5791926
4238759
3430502
1637738
9889523
4845659
5833995
6237621
8633487
8410923
3236060
1136353
6807425
9708711
5096027
3302669
3401199
6540758
4410520
4882625
7150577
4961748
7434357
8257023
8697263
6424090
6254545
7989651
5772253
5310048
7385399
8265108
8040688
9420039
7097612
2451717
8958816
2315415
5285531
3324244
7075354
6783054
3560637
7972167
7438732
8605528
8660408
7687199
4658755
3081979
4026070
8706495
9632901
7706845
9962685
4962743
1456754
7203219
6042256
3355850
9666367
9911864
4725691
2908022
1777642
1690115
6805432
8282167
2601463
4281864
7383489
7796895
4983748
8543745
4678574
4969447
1968687
6642514
7618591
9220822
6914919
9103096
9896046
9704880
3806955
8763163
5786691
2436431
5789161
8948766
7949424
8146492
8647623
6536183
6669622
2056791
8841163
4611126
4124831
8196225
4327236
8384578
2561064
3856185
2755479
2006986
7452406
3682313
5339814
7461496
3956717
2801519
1095654
8795588
3203621
8373815
7840075
9118486
8480039
8323668
3578492
7146962
4585607
6656388
6780670
2112602
3730124
2838329
2589163
7316218
3211231
6192011
8654536
8565064
1798088
9637183
7519653
3825248
7921770
3140413
2356063
4261241
6793975
4272341
5048165
2451257
5796910
3775066
6955849
7480109
9054928
2319877
4954506
1917577
4240524
9846938
4688067
2692826
8703635
7388684
2806964
8413598
5611492
3341715
7846752
3026279
8727422
9545605
2061635
3356033
8116179
1042062
8915491
2138877
9301496
7337503
9247580
1978332
1964096
6715038
4702112
9788116
7824394
5132195
3132791
5715170
9576301
7956957
9430728
9477262
6395615
9454879
9650344
1868237
3056409
6340944
4349370
5419884
4769040
2620491
3129550
7416474
8405570
6171140
9678355
6773967
6200494
1226262
2465209
3434060
6407085
7924439
4436713
3911209
6798990
4423876
2865682
9680165
2878154
4931289
6092586
1256214
2810494
6490761
8429263
3320239
4434207
2910832
7855839
6507556
9572155
7203227
5609354
7293056
3030455
6911355
4492687
5946606
2655853
2656394
5920049
6009959
1391696
2516960
6874510
6333807
3834186
7698985
8278535
2091983
8001733
4535282
2326970
5859996
4860196
3490720
7088490
7041931
7465926
1009998
8863121
2845001
8093302
8900353
2156437
8085086
4576423
4459383
3583885
2541312
2272355
9778953
4045199
8995251
2522139
9929707
3307968
3462245
1938976
7562617
1141327
7678816
8736645
6822735
2954669
6676467
3329099
3706572
3500314
9156927
2384602
4616197
5038924
8855750
6479962
8954575
3943695
5245354
4872828
6171385
9074623
5001700
3236051
1107261
6384466
3549714
7897865
5023431
2389538
3995192
3784755
7743715
3932489
4351455
5201205
9669506
6035073
4117532
2090136
8791118
2984570
6360279
7536600
3170210
4485703
1379254
4387385
9585009
4223182
3828102
7808464
2923444
8085558
1513695
7305217
1305640
1851927
2507392
2144599
2800773
1430757
9480786
2148502
4404829
1303883
6337349
6506035
4254663
3980025
9820644
3095606
3229568
7833824
1503747
9901305
4458610
7225946
6277892
7306263
1998655
1541905
4613848
6286791
4018118
1271244
7123149
7043413
4574726
9185067
8509016
6856844
3721854
8578537
8723075
5076758
4030369
7372766
6914332
9935309
3145703
1335979
1710311
2807663
1961662
7245087
7846106
6063304
8708197
1368362
7908940
4254157
1990723
8208066
2369515
7008267
3973023
4266046
7883034
7152142
1112564
4099227
6243486
9469447
1381044
5786040
5493746
2507364
5914562
7537074
1703390
2518045
3338832
8943857
3143988
4316057
4049119
4786741
8017864
9597147
2449283
1923491
2844359
5006047
2822372
3997066
4173204
1938744
9393062
6261930
2458678
9916488
4296403
2511908
3460687
4020550
8353779
4364986
2587727
8816837
7034341
4091522
7517529
9309406
2361876
3172458
5091891
6419486
4549693
3133474
1716279
4919998
7843413
9506785
8352695
8607489
5609297
4771536
1371917
8255523
7258878
3733660
8059020
7209958
6318871
7867383
7325908
5175790
4087284
6285595
3963826
7750630
4764480
8143650
1989049
4171841
8395609
6091192
3086605
6155604
4476116
9940473
4716276
5812262
6806817
2840763
9166095
7666615
6705930
2422315
2519048
1058125
7973743
4470773
5665628
3037316
7028923
6990105
7058716
5296749
8410325
8078706
6061504
5662392
2171085
8482213
2911485
4858464
7879531
4736388
3872977
2733238
5292320
1399825
8360509
7415287
8314101
9519057
6646618
6488302
1587368
9461730
9246185
3352878
6644716
7364140
5944496
4850667
2008077
2765392
4637202
9010425
7650730
1439112
7627460
6098487
8732326
9924714
5573980
1835191
4688968
7059220
1463212
9254207
4136524
5450111
8215629
9603194
8651890
2446855
7745822
5702827
7519603
3707820
7501678
9490285
1228918
8730677
7938632
6196012
6397411
4388156
5049915
4754143
5148507
4048688
6339771
5741764
2053868
6377436
8904990
1250292
1628239
4744520
6312548
5774744
8404547
8469996
1923668
8396748
9908100
8996685
8552738
5563020
5368945
1623456
4873613
5307548
6236863
9949179
2100023
2301600
1090774
4101117
3088594
8151947
8543809
6849738
8616671
3088372
8820450
3787790
5717760
2206632
7214896
6617643
4818346
1339561
3583386
8673756
6797597
8181880
5226221
4365404
3073477
9181890
9821425
8198573
3388220
4128289
7585418
6884673
3055404
7846263
7438294
3674141
6509832
5380994
6178569
6253216
3988894
8832492
6606992
7379882
2936540
1371219
3788150
5205414
1874288
3013548
6369391
2195372
2218638
4831172
3891509
8375203
3877171
8209002
6928096
6012508
6759653
7944577
9614109
3133513
6037508
7962836
4100789
1018531
5702588
6051252
5011299
7472240
6660731
9063154
8307655
7215188
1604689
2889659
4241795
8787606
1760116
6699219
3127120
7863133
5934896
1316611
7820591
8788336
7328313
8123897
9859674
3128495
3975262
9129277
4073478
8976455
9969375
2049415
2434234
4918512
4336957
4152109
6635040
3224993
3928201
3630303
4005332
3369318
5673878
7230190
2243174
8391357
9280294
8751973
7556616
4708368
1399886
9897061
5997601
1778315
9140546
7233722
6700657
8498180
4993352
2242476
3944455
5501671
8300596
2510052
2485618
8343640
4728736
1961151
7450551
5947652
5682877
6856324
2577544
9226179
1960768
9668651
2935759
3460831
4332250
5381612
4323457
2613501
9750726
5270594
3029345
1532716
9284172
9445217
1050280
8353469
8907718
1245707
4797568
8585458
4908923
8456975
8915068
9310347
5666624
2947310
3255563
2183412
5109989
3783955
6717101
6955157
8984472
3265517
3669151
6005637
8883039
5671855
1006066
7574428
2090908
1345526
5350724
1553471
8481843
6389386
3669301
3418538
8687642
3425412
3786019
4936270
4375910
2046541
2486254
8270017
4359068
5060670
3796120
8396418
6809179
7235807
7439641
5681894
9914023
6184102
2153129
9958440
8828785
2156742
2630712
1108773
8393018
1517588
9666179
5266335
1510853
1646800
5510809
7631091
5871436
3575963
8191801
1732742
2190207
3560680
9005674
7617398
2183673
9089035
8674522
1953198
5406560
2122210
9316534
5440035
5765143
8438506
9589278
2640785
9153984
8206246
2075773
2127740
3152730
4453483
8393202
2117644
8393021
6711801
8578193
9588118
8084875
6227536
6216977
6713429
7936409
7140385
5793363
7755876
3060959
4668837
5616720
6690144
1617570
2940516
1084627
8732001
4827835
5519999
7093209
8661091
5680568
7777742
6032898
5650457
1418953
1961970
9741380
8180881
2823869
2134918
1643306
1129958
9809890
8684932
9754781
2003556
5998363
4577131
9702446
8472607
8860668
3132956
1352799
4857686
7402659
7519341
5848628
3973745
9200288
3795061
1457159
8197810
2005411
8719124
7440792
3113852
4089941
8064373
2950718
2215845
8891676
4088788
5754768
2824871
7927806
7362683
9152124
7741320
6368550
3451085
6795546
2259776
3781792
7620918
5163733
6884557
7936630
4129808
1359641
3434335
4151699
4448171
6723897
3935591
3005996
5099315
2616354
9334976
7384724
6879519
2052729
9410654
6061143
9039138
6096639
5306439
5924294
9649506
5305185
6326063
6840207
3147918
6140300
4264139
5587611
9102210
2831526
9773654
6615466
3819094
5888671
8506356
3231893
9594580
6833791
5453045
6871564
4684852
4683218
1823841
7343621
8825635
3222960
8920631
1213572
3708657
4217668
1902514
6086540
6742377
1204478
5238493
2931538
8240656
3221238
8048916
1093762
1078955
5292556
1599520
6975275
9837760
3548013
3329856
6106178
8850126
7878787
3697989
3289547
6191836
7085782
2039180
9943751
2035737
8414295
7525955
6179033
5394685
5152209
1138607
4197700
3568796
1801834
4719719
7283442
6064454
3088124
8326205
8607334
8835048
6322183
7163386
7647374
8167796
5925025
6972062
2675738
1677182
4733931
6099440
8833688
8518665
5798912
8854924
7116809
6527398
2153472
4895080
6516595
1322065
1932613
8286895
9596885
3433694
5075304
8880602
9405087
2463400
9598924
3415188
9247781
5718443
5244713
3713295
2616277
9249023
1175632
1405110
6409778
3609767
7876347
8718414
1115096
7605474
3653147
4881043
8989445
3692866
7298416
3182606
1414450
9825233
1155459
3914370
8071317
8046841
6110036
8113351
9896773
1458764
4563465
6116328
3463649
8853074
3660935
5678294
8143591
4008819
8924623
2498650
7940155
1082104
8328038
2733921
8910749
9896681
4502061
2584378
7508303
4965923
2774186
6159534
9969867
4369758
6837583
6263040
2481166
1415083
4805223
1822131
4139534
4150075
3264582
9448897
7801458
7470757
4862240
5833902
7920357
7800459
3897815
1867059
7086539
1687285
3017301
5215156
5800674
2594171
5583848
9465806
8579408
1839304
4237209
6481232
1161845
3926938
8017168
5248158
8986249
5838990
7760557
9209610
1282037
9559450
9287754
9487635
2758280
8580991
1476066
2942243
2794288
2737025
2765332
3427270
3964548
8233964
2664727
5810711
5398524
2488699
5695825
4457789
9698112
3146314
3660151
5115851
3209693
7142702
7523794
9098404
9179893
2362096
8831399
5039148
3845429
7314714
6725902
5308278
3539210
5424680
7357741
9665030
4664317
7919310
1069070
7788106
2854412
7121436
8779028
9452470
9692678
1721216
9384712
8703094
2058867
5734981
5168255
6222335
4264188
5205961
6378196
3742617
7496568
7187511
2077729
3114620
2528783
6071680
1763134
5817510
5469536
6982274
3097173
3475419
8901873
1106536
8086983
4098611
4657457
3074931
4946033
7178418
4834369
7867882
9902132
2230208
6367775
1257871
3158473
9146201
3461823
6622254
1186305
3235070
5566891
4084611
1435535
7635092
5052371
1289207
8453688
5639764
4057406
6079408
6661085
7048808
3126668
4802473
4452253
7539085
7196687
4982779
6836423
6854862
7642456
2647017
6990764
6428896
8387959
1184395
5938462
1459748
8041854
4323330
6632940
6256296
2560809
2247087
9287883
6323623
3894427
4298480
9520418
7252023
6289107
9444311
1871262
4116697
8355287
4343933
9079903
7662150
9555003
4233397
8423596
1245192
7028640
8101681
3622606
1399644
7183721
4809848
8554488
3898478
4034547
3065470
2519489
3611778
5591799
7753195
4062504
8626435
8801294
6905085
9021055
3213754
9293657
7101781
4230064
1756466
7745958
