10000
3444529
7457091
4076094
6610635
6943861
8065941
1011680
9012508
4720116
5334334
1216935
7968223
4466662
1316000
6477270
4433932
6653382
4222081
7327637
4008614
7085107
5263288
2261648
7169268
8687865
5533690
9923293
7829441
8550794
6601210
5090282
6359086
2280559
8084216
3702232
9316829
2431339
7606678
8300489
3323228
5986733
4610355
9885759
8009664
7170165
9340444
2941449
8303430
4351835
6558454
7351780
5406416
5875894
1591075
1378076
1523080
6569142
8283174
4597272
3947476
8078837
7222215
9290090
7650514
2533074
872590
3729326
245292
2679122
5603662
6300902
9809548
4674879
3826872
8226542
5281531
6957548
459388
3053333
6944875
4523160
7108408
2997612
9843636
3215793
942894
4907089
5561666
9358102
4820644
3846337
104781
6745134
2106666
9201610
7094727
6675316
4605052
4881327
6660191
9137646
7744754
1073614
2348485
3517532
8589167
7793579
2099570
1192856
7340553
6962259
3268112
6769767
5283104
9418502
412336
1286823
6428949
5362967
9614817
8331005
676900
6443484
300743
4242497
8802738
8790186
3178
3923000
1697649
2262219
4562885
676038
8143171
2798798
3598795
3617425
3008097
5394354
5765363
5777942
871333
7324452
86894
2292330
879657
6639001
21639
2423165
9109370
738125
6104378
9791024
2287772
818822
4737183
5387131
1260558
3210534
1487788
8375267
6338067
9006809
8842950
4558969
8054137
7486711
4065589
5380058
3382202
3723838
7382445
3426675
9142513
7050223
1576685
918950
9969540
3094277
2224379
921439
3413200
8043646
2258870
5417547
2694192
3297186
8547977
6936504
9592239
4082196
4139808
1208546
4621459
5362732
6569082
8796553
2845593
9106674
9475454
4003797
3312794
5388918
2543556
5643724
9086784
3088653
6763597
2432967
7272486
5414741
5350473
4756377
9530388
134115
2344389
2244854
9291434
9013682
6137410
494302
6140118
2040486
787106
5276251
4449802
2756301
5199259
1758158
8502704
456951
9574521
7172094
5281218
1193081
4831901
8059855
3022124
9602145
3367272
1572319
5589096
5703267
4807845
468040
7246463
6597210
8204001
4847105
8757825
7775008
8627878
6561483
6272780
6576769
8102424
2491301
8663713
8651678
7833628
5258963
8430428
6285540
4785978
2900180
2798556
3148092
1384877
9119655
3004345
4434963
1746035
9484321
5176396
9984770
9374224
925812
5197746
3918104
5084329
8409140
8386651
6455119
2964585
4847711
259040
2850345
6800645
2829613
9672358
6389107
7812803
785006
4337527
9456137
6113070
3125853
6720192
2352650
6990483
4162547
7107221
20967
4114060
9667456
2624526
2985992
1063132
2368957
2378363
6806174
8725652
8223708
4931694
9970324
5841379
8320324
1495442
1811852
1099212
4723488
3461857
9773900
5886533
5808888
4827884
3649621
4355098
1541464
5650261
1215998
7351631
9488787
6538784
7201134
1150126
809208
1896843
5808487
4444813
1678197
474125
6956885
9509453
8993800
3992689
4837960
7600898
3807309
4550628
8700038
4232643
7458017
6150828
8673514
8386232
1407709
3402963
7649309
5058659
3763744
1837559
3350486
1960194
2731888
7287869
7417146
1402585
2600684
6227968
3541027
7584816
6149714
5231276
5049797
9105148
5562981
3876226
801124
3915622
4443592
2077310
8421051
5030650
8550065
1011833
720172
5324444
3439641
4939197
9891609
4883469
9543792
5088054
767127
9546735
6285583
8190440
3833813
2231486
4654098
873346
8562401
2236048
1220135
5305730
9449167
480261
5211508
7078713
5705634
7605956
955716
5709660
1314999
6699903
6652877
9453293
8721177
2719043
8388482
8564319
1055345
1717863
528158
7879926
3886730
8915957
2341703
274983
1410784
341414
543373
7321179
3208942
967489
1679692
3140774
9636745
5960403
7229419
3439280
1234206
6737640
1242963
4691337
3656414
8092045
5168621
6935704
94545
9846932
5244403
3390415
3391659
4631367
5997500
1292607
5497041
5258161
7695869
5762425
6032327
3665508
3384412
8042574
4414588
1748165
1436536
5256472
7217179
9066382
2621103
4640060
4198028
3580021
4368867
7659325
3821098
1366403
2680273
3946700
3476937
6349442
4261251
2335648
6211155
1465850
8975596
9754686
9689534
3811624
2810514
3333278
283527
8281082
6467769
2086563
9043901
6751160
5935865
7590780
46839
6559302
1309377
8641120
348677
5207065
9693459
6688932
2861729
8805208
73116
7274904
7288827
1199161
2331649
2219538
1675293
4682990
5212244
4533896
1321963
1685744
1557250
6164689
8818901
3513482
7953460
496838
7880002
1629369
6867393
2360721
2283780
726381
7720831
5183155
6619062
1565210
3549872
9028945
2564379
8203271
2593849
416968
598135
6701629
2659047
8413149
202169
7850660
6732797
555975
9351148
1288485
9077448
1220579
4466380
1345878
8166923
7500190
5056222
6873916
8906726
9176113
3794039
385188
4229668
2027605
2618386
1402404
1925549
5960068
4393367
3373271
7949285
4529549
5237529
2823815
8221737
3798162
2586569
8222244
1523572
7480321
7801770
6772583
4772903
7640419
4068973
1777800
7228722
7852516
2809329
7310397
1442728
2378438
1167938
4648059
3114373
1437986
486279
7369486
1111237
200049
1173614
7164178
8183349
8728410
2353461
6659330
5779264
7530409
3314372
5820450
2243518
3315544
4261646
8820343
3126756
8249692
594372
4988863
7320778
529863
5846048
6145486
5848813
5478590
4091139
8055597
4295571
4551855
8408006
9050448
7932318
1187657
6821500
6931049
98996
633255
8086779
4335122
1217895
9390297
7711833
5893184
3479925
4085251
1182066
8068917
8704080
5132464
7819755
9976347
3478813
6036343
1159778
9726926
5890227
6159745
2926471
8393601
142490
7333931
4539203
3147703
6427555
5465853
1832366
5981905
8825339
3805656
2273672
6435911
4715144
212317
4341888
1635287
373531
677078
9020717
1958133
459676
2963691
9423869
2110030
2962906
9105162
3213671
4112527
2964953
5548091
8572867
6656068
277803
1997593
806481
1087158
6752439
448045
2355419
9334064
9997836
6892851
7613320
1441276
5588631
6070646
6936777
7194482
7460781
8982833
8044071
504274
4011831
3667022
3591589
6794544
9070724
5187271
7998179
359954
5361394
1383906
9379922
500588
1129542
7227644
9977589
6479659
5257331
7674893
1479557
3024106
2926896
8046003
8896628
9054236
5124559
4711727
3798228
2439184
4938582
7594214
3396708
4624744
85603
9931171
8592353
3293513
6171060
7723259
379430
3256633
7280834
8079618
3034821
6946812
1185132
7929324
3091455
110115
4868410
3796899
7193389
2484541
6894295
3752888
1158343
7942815
5074603
2506957
449732
1909149
6163695
6849552
5061378
7159186
9007196
7305575
3199461
5029916
3746743
4390677
8036397
3705850
9243263
7443601
2611119
1108543
1082969
7868794
1828653
5787810
9048516
2240559
9611883
8277698
9901334
8839284
6260959
3578463
3040106
470523
3117574
5409698
406105
338514
289775
5279225
8622828
8935022
8476506
1816193
6932531
7621528
9713518
797058
932691
1259988
4166136
9083929
2821978
4260891
5371278
7699903
2893832
9295211
7453079
3849247
4105248
5449716
830817
321149
8873786
8368230
812817
9287992
8939479
7321293
779326
529155
300276
1225737
6248052
712490
4310247
8049833
3596581
6251415
411540
623338
1682702
855696
3064286
943317
3446187
8506791
1095592
3722325
5273629
1146850
9731753
3262102
8512366
6126512
9005670
1465974
8374384
3491573
8982658
2438385
5131255
4964519
6145899
5895297
5478712
7173309
4588114
8192221
9973910
2509419
2293756
5216108
4718126
8828679
9358480
661361
9705211
2585821
6665984
6135727
3331272
7519775
9585146
1804823
5425092
1418281
6770179
2543492
1871554
5648465
6361249
5221106
183054
1437257
1682865
7831138
8128943
4067715
1591578
6464903
731748
2225527
2011681
7927160
6890947
602144
9947203
4428817
69282
4688140
2704734
2659515
3017478
702772
6335707
498555
7817450
411002
4436671
5280529
3579211
9950428
7076618
1907261
4990042
4880675
5369353
5618479
7717003
5385449
1659016
226122
7542158
4309224
4858295
3055279
7292656
3306721
6241402
5221142
4780524
6754772
2309790
7572965
1430098
697718
5951179
5750414
5944833
8763307
3940540
292832
1562546
1777857
9090815
1328398
2105319
1028065
8659260
6972102
8797309
3740844
9935419
3482504
1050658
9678113
9802219
4612416
3152661
1396041
567552
2149909
1000588
1285871
2685474
8099564
6106110
5348492
5745320
9492187
6693417
2540617
9039781
2093769
5200317
3427887
9833009
6229436
1658023
1010850
6215863
7422968
4658770
5110609
3241751
6817801
4029500
3934771
227911
5398450
5797879
233472
8088064
6345927
4545773
7322347
6468702
6992483
4475579
179080
3337017
1634583
5874028
2569349
1739483
1280416
2012437
8747703
397303
5163581
1048133
2396212
3466337
3755010
737667
2792783
7793233
6363099
270812
5369975
8039439
5632530
2342255
3813715
5471253
8139276
4193997
9830085
8501533
2642593
3601420
9345432
5361629
777489
501109
7996510
2203514
873308
2584925
2888728
620185
8986839
8045008
839720
4912000
8077059
6023685
4930997
7810301
3282696
1681059
6737522
1690249
706617
5077688
9147587
9915944
6646601
2984603
2615219
8103663
5426018
7450693
798579
4749132
1758946
2252203
8619557
516262
8366938
1576942
5434011
3158926
3619386
9594580
2964325
2317978
2790862
650572
4402749
256605
963591
2341663
511043
5158138
5135181
5493185
7214634
4266194
2200439
6776004
4301797
3287230
7666829
1913828
9833151
7786008
1389936
5403985
9309146
1035538
9142276
4278060
755484
3765544
1441292
4072597
8568302
2327154
322192
667036
8647458
1429900
5310793
4716125
4606067
1631451
7995048
5457533
2056846
8522796
9274025
2732522
7423872
9113090
3879699
7272898
4159594
2835789
9133583
4326527
3198443
3199934
8352009
7667661
4545399
4473620
4299452
188617
1283938
9365520
8474274
8874286
6447872
6296135
8329396
3929361
1689643
9623116
798641
7505565
6187970
5389473
4079444
7792765
8743260
9425910
9536185
5712330
2625694
223802
1909309
2308823
2897727
5748623
4582586
7459384
9855842
6614434
8439385
411840
7757476
62146
877034
9527931
4584166
6986742
1035585
9385521
5169736
689478
4774971
3238041
580049
3956611
2775006
455804
3153035
7782443
149621
5080587
1813608
1916558
3390203
3156846
2005092
325292
3103448
9171127
4785039
2830660
4872142
3783189
3817979
4242013
5874905
6186367
2589487
2672895
609405
4237874
3417104
7913952
4223473
8463109
6659059
9220973
812386
9247209
2596435
5690428
5293510
5847584
5146090
828164
4428124
3382335
7033176
6747656
6115013
2947910
3930821
3880907
1038673
2164437
3126544
9599804
7592321
2415018
101356
8687339
6408624
76811
5592726
9663003
7136961
6707078
3546704
9492497
2215547
5403878
4618745
9115735
7519650
7898051
9098516
56877
5340375
9981748
8994836
439926
8839351
4669599
3573725
6862758
6711607
3769925
104188
6094859
521392
1653835
9320876
4512883
1834297
8265931
7040340
7442657
3184258
2960040
7532687
3605995
4156085
836959
1760947
5113592
812779
3370493
9737697
3364178
7117524
4122207
8362507
9953465
3068116
4170581
6735567
5030045
1863866
7600885
8840591
6971865
6933838
3103408
8259841
904998
6494669
4827711
3543332
8473023
2301022
8161356
9498297
9799919
3529354
7653814
1780429
1380884
6696985
6344650
5065706
8980442
2416762
5293933
6000678
8019845
7665667
8022864
4449855
5589360
7484049
5961281
929987
8636721
3760720
657959
3703598
6683407
3946801
5670413
618630
53737
5241805
2803566
6587446
7098441
8142922
6223673
169665
2493819
7216251
7628080
4751011
7393363
3511968
4232479
1103493
9371641
6865921
1817475
7160958
7332340
8051919
8784430
6064112
8089780
3843373
6114342
1472589
7485266
7860875
668401
2117567
4618622
401209
4994404
3127708
3339624
674661
8958536
9235583
4010982
6264268
2088405
5361777
1821133
163269
478282
6781217
1279677
255163
5563460
8478582
8666763
3088622
119294
6439290
5208143
1850977
7587661
4016663
3232573
6943032
4357399
9349276
3163053
4814872
7710425
6138341
4826365
1533744
3607366
9409193
5204015
1273570
5776460
8591294
7693313
4157465
8086595
3736318
5410146
991761
3110138
690860
8863470
8855564
1006817
5500396
1712063
1695821
8424438
2796076
5916807
4625883
8969815
4952722
2665306
8572941
1611239
9360872
1116617
7237146
5399988
7919691
9849006
7039688
402232
785386
8643628
4201831
7052668
2405214
4200074
7038491
7796059
8856325
4623874
5860071
4255550
5710069
9882571
1836850
5906983
4109409
3791937
384684
4190437
635205
2078290
3919641
552073
5721492
2546077
3321519
1076433
5884236
7143670
6012155
5035883
5561991
9756433
9144023
3254854
5254145
6576034
4898962
8847121
5536528
2878649
6385316
9147905
280285
2474368
7216217
6847916
1411576
4643151
808599
2637874
8161049
5313926
4869419
6199269
1718758
1776761
5409305
9179221
1026710
88536
8512275
5547598
2696201
4369418
7563293
7768065
7665012
8583160
5651816
1982708
3390606
933097
6546519
8425513
1886825
8332383
9952153
24187
7736028
1935364
8770041
4759713
9623106
463292
9851480
2328028
5092912
6972833
1550433
9879076
9572417
8601963
6518550
5704194
625462
5980714
1751804
3325517
8443166
2146165
132440
6658128
4273803
1309852
6187552
2289546
9303860
5351245
8535770
8188594
1799959
1777125
2567726
8485455
5460614
8460656
908751
3149759
4745886
1483564
9651669
9672643
1529626
7356878
7216909
2893704
2658255
7262576
976209
4159540
5421240
1986358
4828975
9124730
5731860
3130455
555190
771259
4529235
6305468
6401788
5132860
7232539
7649673
4490666
5835765
7527560
3127838
1054907
9609051
5586203
55748
8909449
6558494
3537559
3710528
7440273
7093764
9103664
4103435
6144417
2730918
4947636
3380065
1603233
9118585
4907030
2282168
36646
2001552
9828884
5560580
8624077
2577345
7164792
8746837
630063
5061655
9864970
2769942
8588648
2058349
6432095
6542738
6744260
5790325
5333291
2491638
1931271
9848788
2212967
8329049
1718131
74432
5552211
780370
900768
6423525
3939551
3341537
8075049
9497691
2961056
5165318
7883181
6773478
7255565
6903367
5857888
2007811
7133785
2928974
1770783
3586212
6887640
8600231
5204760
9852304
1333795
3116984
720725
3286840
2585569
5762003
7184615
5444165
2295947
6804061
9616941
1043757
5402619
5549227
1446417
4344395
585050
4582386
5492277
2290166
8995052
1931511
951411
8489072
140359
1697030
5167246
1905982
5782186
7763367
5359075
9085002
9051633
1098186
4403628
4996790
8959887
6081682
3236493
7453615
2917566
1341975
3223175
3130588
5972562
8740881
9799095
6451182
6847074
877231
8581986
1531460
5311593
6298661
7413733
6325303
5395198
9848353
1457445
9378028
9345099
8889375
1490402
9676255
5824222
8734121
7078132
1360757
4849370
3148841
3600184
6038603
4732236
8197629
9077223
8585306
8036832
7535156
6989418
4377348
1095652
7032108
9298671
340161
9739038
7851403
578630
971383
7901897
590289
9907271
9567864
7503103
6045984
8335745
4105313
1813796
3960086
2037206
5317933
2778608
4508898
9687549
2444140
432573
6426125
1480253
9671333
6359483
9680126
3485994
4853547
5966627
8316864
2687625
3797593
6023575
9520856
985840
1033442
4788816
3270934
3611298
1058380
5771656
6557203
9779225
138641
1946226
2160387
8389009
635977
4724984
7495886
9507524
6489103
6115533
7180209
9515256
8745524
4869866
9062038
437358
3431599
7476035
5924639
5977599
8453748
3086433
1487500
637568
3711264
2443622
5816579
3967220
1778477
7584164
2836488
4173753
8509203
6340332
2335876
8106915
8300043
5057688
8276774
761188
3478784
2838339
4084525
3122163
1642447
4546902
6565261
5646942
7102452
2842487
4436606
234670
7123194
806623
9561472
6962207
7603976
8499163
6852682
2140768
6107706
5737700
7210757
2557771
5143720
570720
4769728
8130443
9678797
9814640
6633476
4074102
4437036
5351676
9243125
612751
8180695
8554247
8100408
2897159
1011030
2032987
5515658
5562622
4629694
1852246
3995149
6361283
486023
7621851
7861243
6604349
4727459
1642022
7121295
5011214
2362131
8506456
4521642
6458834
7230519
7519180
5870268
974572
1407419
6902871
9663214
6076590
3972889
6476630
5584406
3166270
6871848
1820918
704412
1988333
7065703
7974912
5284028
6002143
5079104
9111250
6643254
4707459
5576476
4672655
8860542
2652408
2160348
9329834
7086765
6483897
6171307
5815824
9656627
1417272
1313484
2080231
9509484
9272372
4690778
7183988
461944
1703295
19897
1590180
9963196
5050138
8349378
237991
2998207
1716363
6087234
1172991
2530087
9650107
3521128
3605601
9254304
299662
469990
4976425
8661636
7322901
4695267
2831223
1630832
8782856
8491629
8882801
7336088
732154
24274
760034
7553957
5611167
4190402
5700924
2389068
7752852
8651391
9448067
8078170
7210317
1024599
2582576
3090991
361313
6760148
4773269
4880523
8094213
916837
5933746
5740225
5880170
7650766
2676801
9606506
4082571
907436
8394622
2981546
7490408
6347032
2554998
6810449
9176366
5585105
1163253
2835885
1142680
4160908
4314314
4781735
2780606
843638
2336066
1748457
4971101
3645364
8439087
8922491
868631
5242893
4693620
4975720
6691233
9201850
9676248
6808399
1829384
7680897
535379
1472470
8004523
9512595
49018
3009514
4718742
8120803
7823676
398834
1451357
2755012
3938691
5902407
8079806
4975351
1191749
208673
7118552
2479823
1318767
333873
6231319
9570730
2775507
1701459
5864718
9909313
1332759
3570664
6774755
1612576
9745710
9502079
1826489
4139235
9852976
494344
6553002
9970710
5330712
1335973
6399908
6227760
7617622
8278792
9829805
7974885
2714939
9562247
1333448
44108
27773
4358584
1031169
5916394
1947865
9969253
6612645
3771853
9635535
7158058
728717
7613764
6252704
9519420
6833548
4583307
2321842
3985289
9208952
37717
1797939
8481905
6293045
6042407
36304
4206975
9367343
8322903
4768412
4588158
5064304
1885853
4426136
1215712
1735505
1849742
567251
5023600
2758467
9288946
9668318
7822431
480341
9457950
5776072
9864265
1705043
3580841
3700491
4797829
75871
911261
8788949
3805445
5415586
4740430
6981745
2031443
4665678
5337545
7805429
1671843
1670636
7082298
9286002
4588722
3117543
6122910
5245723
7393977
4040642
1925655
2039102
6182135
3536789
4511483
8779380
5062430
1523922
8454905
7023423
5701287
6274786
913191
5356672
8673440
8828616
2802355
750619
6977358
4121212
8398616
9487255
8970650
1236075
2862744
558740
7081943
9322263
8123703
7178628
825328
7727706
3325456
5496774
7647231
7327602
5700458
3651542
9940124
6328319
7252319
5148420
3901653
3083089
8767393
9835491
1841327
1637380
5408374
5104185
8466548
9088816
2581361
5129005
7067339
9587804
7656503
2781188
8313271
2532211
797113
7464712
3655926
9949140
9027253
7761221
939798
3438553
1542989
4747416
9598576
392948
5512764
6308236
6617778
4486186
3770260
2437903
6868947
6497984
1607080
4987639
1293670
2459862
2465758
2569598
9011801
8724018
4104305
1539307
6359985
6892889
9423646
504651
5718370
3027700
8832904
2742044
2597026
1235070
85800
7029815
2299189
8596257
5728302
4073688
8194905
9786876
4770790
3174960
6018228
9067219
7025590
5007444
8846087
6351347
6735275
7203379
4058827
4660590
5682839
188443
5415131
3065865
7178433
4977669
6415749
8539970
8029568
2780343
8665472
5966905
1053481
9762724
9878654
8267293
3982673
9238050
310183
2278164
1413339
6255158
1618818
8754652
6697037
3717350
6136555
2943098
2072286
6293492
4895238
9612729
8758831
7636384
5068422
5880999
1271230
2104121
6244016
1632623
9806603
9310890
7850533
2935012
5524986
4918613
9226101
8868959
3061030
4977169
4639348
758046
3502167
8516077
9664814
989971
3346552
6544290
9535016
9635082
335527
1895219
7335337
2581014
2128857
3385038
481640
4634425
7570302
2319087
4996799
6860567
4924157
9653560
1686196
4882915
2399676
1031630
1323784
5255418
8986318
9173270
591663
5764262
6343523
545124
2763287
2460158
6745534
408981
2384590
5297129
5661310
599676
7370731
8616685
1041825
1446332
6236063
3866531
4277776
2053519
6738522
6012716
2289905
2521580
5600523
7267834
7751491
4072528
1117546
1208291
2355121
2771431
5741419
8087805
2938229
8932075
6946054
8895755
7227925
1591730
6426031
3251025
1629923
5587789
1771307
2838216
6833025
280119
5330853
2456001
2847338
905791
8458626
4377227
3658481
8495660
4041227
7625575
1412691
6613294
2324908
5299452
5274106
1959014
8123544
6407081
2567507
2280937
2429020
839345
3859197
1508079
810624
5725608
5536592
1994850
2043816
444561
1214578
5773994
3544757
6192152
884461
3007946
898859
6845380
6946871
1225654
1335014
1567343
3351273
7557276
1703476
3274175
5472064
1377595
6087768
3559229
7414747
6942375
8965438
994175
6455017
6312464
222466
9660242
4708618
7297352
4309848
518286
5627816
7116421
7960662
9674195
3541868
520944
2125046
9129080
9415390
895947
7626779
4795611
2672320
2639574
4273287
8524650
6112841
1169860
3561017
9613747
7799713
9486566
6442742
7134539
8128390
2027565
986118
3844204
5383279
9119806
9876715
3098429
9669454
4938981
6263633
1168439
4051760
6955882
8602577
1357109
7016003
3977467
2535114
9645861
4546074
7310718
7430412
7967375
8168367
6212635
2659602
509780
4508876
4255460
6011185
6089736
4483711
5403986
8221687
5255015
336439
6378978
9873761
6296887
9766687
8696331
5062027
6429473
9253741
678766
9742571
8609343
3846743
6513827
9355709
1610382
3456278
5680178
2360302
8417676
6440320
7255534
6150903
4139907
5559668
6227399
1391504
8511771
7638334
8631094
9284439
3257655
92448
7568515
355481
97412
4367353
2430063
3462138
6340469
1213547
1204576
7732867
7717209
6058680
6547710
4017618
1921540
763757
7008765
2161444
8614005
1971538
3677616
9751219
127732
5373349
1393043
5550786
5174879
1950137
9903850
957017
2805908
4203320
8051614
3116507
4325697
2178443
9284365
2792971
4977720
6103603
3889297
5766550
5206507
7969321
5703907
6551969
1589121
87468
7727838
6380319
901562
7642195
2605932
1815038
7780115
4470426
8946613
783697
1918185
814534
8455286
5193664
4134796
2592562
4351958
3068421
8696036
6792448
9427421
7556592
8355962
5706680
1994500
5180098
9452639
713014
876161
2971320
5705786
504353
8681081
9343413
2425623
5499369
706286
4914434
9170064
6863570
6919323
1617276
9389598
4924439
2378315
4592813
3129861
6455700
6185561
1650044
1466345
5599427
5111985
8450461
4625265
5847266
7701985
7839175
8416937
3880735
5028504
3761938
3356201
635441
5325864
997646
5639299
6250590
3274661
9679597
6021014
6745997
4356698
9659034
9910698
2765506
8846031
1546155
9576650
6792612
7008863
681309
9036821
8168706
3302852
1359532
7445141
3534244
6731421
3910172
7325656
4491303
6772318
2493273
9658118
630129
6159916
4710785
3273755
8639282
9514764
9511209
998805
7506364
5246569
95769
7676199
1094746
7083373
9140544
9301086
4434937
9652381
1425634
77795
6186261
5896165
2093333
4483636
5256247
6660398
2082598
6517090
30156
2426389
1586890
4103414
9742326
2554136
5265053
346382
1151595
5500438
9852345
1822652
159341
2028315
9722202
1591248
4305920
9094275
6484135
8261096
8209528
5384519
1388098
8321789
7485247
1256175
1299963
3883110
5904179
6626497
4475506
211445
9608714
1546626
9334226
5463031
8910453
8831577
4092055
8322602
7106133
6001180
8866984
9406204
7657769
7097825
3750797
6058513
4551755
4689590
8230572
6037976
9266566
9672505
2376706
8367190
8404264
8437339
1704148
3760089
1534437
428405
2076331
8441429
5872740
7139628
7575941
1209131
9689163
3104813
7089947
7122719
5353070
3900784
6728195
447821
7003288
8160848
1577833
7843178
212940
4096184
8723180
412579
9333917
565016
8301501
5849972
7507255
7082754
9831452
5470317
2500916
7869415
6878479
5881222
1848080
7652281
2887857
1307665
1439393
8039792
6410616
1014295
3525498
4438775
5054928
8039167
890925
625221
3487540
6924709
2612400
1193323
6352585
950551
9184551
1359320
1614204
1858522
4407941
8233602
7587302
3331661
2954977
6673094
4172612
8203409
6502724
4154668
161197
2921018
1899526
2570446
2881866
5798120
5778232
2333027
3574653
9940110
9739342
9561967
4304263
1544661
8122219
5121541
7949653
3526029
770058
3119079
4846215
9087626
4393551
9981660
5540967
8951315
1724127
5232017
316135
6612619
7813628
3124251
5961596
7716939
1948145
3591851
3439534
7016622
5098486
7221978
4746456
3268971
4339519
1300458
4811579
2905758
9875756
2881364
317356
50040
756957
4504688
1795205
7018558
286672
3945450
5341502
1534838
1395033
2784624
8271493
8675215
2706472
2994748
8526776
7165231
9599877
3541058
9934221
4117817
8898426
9394649
2451167
5443769
9528157
6598883
6625087
8078131
1239647
6180409
9634505
3152856
821859
8016657
443291
7237444
7827722
788227
1862093
8889556
5091950
2070537
1950619
898540
3753046
2516368
3595180
8511108
7044416
8337426
6340399
8862224
5739295
3209428
2371383
1645432
4195148
1048537
4072183
567931
2095266
8352458
4930657
7926744
1758984
7380386
5654451
9765100
9877062
7334109
9341507
5242927
2459727
8492487
2449279
1500136
7018283
4411683
1710714
2148294
9070202
2922770
8109705
3304480
4101699
4050341
3655027
962333
5932929
2685514
1057746
7126925
5818300
2184053
3274388
161436
7632283
1288013
6376434
6934858
8886892
5191016
7259605
7147805
2467966
4582672
9585730
2074497
3469117
3796387
5048111
2768262
715011
2173511
5126956
3575407
5800416
892984
3528452
7973962
6458018
1096937
7114170
7504025
2215376
1742950
5922909
7990212
2304942
6011705
9830894
3628384
5089451
2932523
2476760
1006795
4875756
5232005
7757122
9122932
7408263
4626686
6566193
9031687
7619543
9947897
3047388
6252377
4693557
6610759
427452
5166243
6042706
3069743
7580577
6911824
3825953
1930861
3817407
7832828
7600239
5679967
4013972
4168279
1880953
5213099
3877612
1154361
9102457
9090742
2400610
7393828
2388153
5954280
9382967
5727209
27391
7310095
7072135
5126921
7060840
8931475
296193
5590650
5812384
3195345
1183583
9469139
1290851
5933755
74494
1718905
4256276
1898230
2034735
3845219
1095816
9709345
7300594
3588840
7754872
8081128
9749276
8535308
8257273
5873150
5917114
4632605
2373722
2056860
5830406
6199735
4572092
1371141
8012929
2859959
4588099
1727929
2135647
501680
1377443
1085327
2562085
6103273
4048837
6191890
674525
3052333
9687649
3440557
6202823
4394897
1172020
5132166
4189158
4713150
5389008
6705671
8342660
7051812
6345148
3818640
327622
2469340
1194881
2617668
836055
9154696
3407614
4977149
1803118
4507658
2681566
2798106
1739576
946739
6206766
7448983
7988532
1194492
8716579
4663925
2680323
7447000
4903055
1394679
4498585
4092790
1677171
8440013
8869864
7444659
5254560
254640
5745410
6226833
3681630
9042902
1091198
2890518
1205579
3754874
4727979
4796511
7131932
1941958
8466776
6211215
6017289
1891761
2438871
3536396
3651286
7992898
9053251
2484780
5938869
3376626
2780256
6099188
8407466
1265706
620319
4452204
1832981
1334953
3569849
3692045
9396301
8201046
5521091
4962129
1516687
4174280
4252381
8847917
8055529
5833154
275279
6564096
9759794
350730
6545811
8892123
169171
3478646
3125514
3536779
2249806
6117903
6165112
5498453
7278024
8209960
5381415
6479970
5218910
9675742
2965530
3485394
3072101
3308344
2497560
3974156
6855492
7381801
3406901
7232493
8401867
1964328
8404576
152412
310929
3550297
7273198
6909037
7244716
2373570
2070160
2850805
5389228
8772804
7429539
4535242
3423379
9236524
741174
1839652
3315471
3797159
9202784
4824871
320180
5161269
6023618
2933660
6582100
7212383
3327957
5050899
8393225
9649517
4163791
5060582
7012337
3670721
5053897
209808
6279183
4651300
5515340
9107944
8925956
3557555
431608
5167612
4186674
3914026
4606450
2520915
6615128
15030
6618140
581721
6356387
5967142
1788088
2673379
4419775
7879973
8056126
417227
9693984
5731262
84966
6216345
7088065
9557007
9160179
9534049
2275829
7064366
2934104
143347
8931691
7710317
4768401
2758390
8565161
1580743
1681213
6430565
4302469
7378086
2461491
1371203
7253332
9846164
839897
4198772
8566524
567734
4993901
2917613
1828166
9734747
4131343
7693454
3471834
630756
3445209
4472952
5377229
7760961
9847766
9445140
7588580
2783643
4239135
4849323
6072896
7551096
5376585
7749352
9570760
8438721
2617046
7590733
9286785
137884
3319007
1145722
6426804
7637778
56675
2050871
7435317
4623442
156069
4007937
387153
1361375
8892967
3000750
4850174
4736397
2889335
9034120
3386660
1391416
2437163
989199
4308171
6480811
3623929
890397
3324506
2453943
5266300
4606373
9642657
967127
9250194
9043015
9598263
9605883
166315
9739294
2467759
7783071
9886633
4102331
924431
2942231
1746639
7046298
8027733
4124831
8157206
6915973
4464082
2162082
3455477
715617
1213931
1033769
1426287
5455822
1256568
6956834
12098
4537135
9692977
1063718
2549339
1772264
17101
7232966
5508553
7604410
5776889
2377179
576051
8315314
5802498
2266366
7254467
908216
3384230
4607998
6883592
8200870
7910291
1997715
7186250
7476759
7474706
5635142
5793326
3898534
7799811
5577113
4993243
1657112
6680984
1167473
8008944
4386991
9100817
4798411
739566
16778
2393982
8476570
6026635
8091730
4266967
6380389
9229111
7452226
7359478
5188381
2151380
6306801
5817595
8734245
3338800
9929204
4119876
4660177
5216465
1372623
8324852
1660487
8508349
2278788
9904360
4556062
5572691
9431198
6341514
8784424
7589580
9427171
4749239
8415721
5675367
7346146
9540412
2981938
7023357
7620714
8281737
1802558
5819255
6412243
6199113
8576240
9965648
5117237
8494733
8677062
5948472
6553742
2253788
6914714
6516304
3739717
3345558
6083011
8788242
6361174
7697743
6493668
7254702
6370677
3080166
8534943
7263583
7918070
6245928
6841935
6090437
3397297
4178364
4755465
3956284
7252540
8403020
2498015
1310716
153771
7583099
5862928
7965657
4107986
3179112
9044742
7596756
7220116
2717770
6686627
3972783
4268186
2169693
7998916
5458180
9182300
910558
7525837
5030572
7656606
5842494
2929047
6409617
8239955
187456
262146
4458086
4600136
6502119
7052296
8207801
3765430
8836183
5976612
7496721
2317440
8628814
9204483
969848
6813031
3220183
6750972
9148142
3910688
2176730
3997068
8682488
193881
3201284
740520
730997
8309866
6892093
6846190
5235850
345006
7322806
7602861
1961203
5141631
4490015
2434835
8217885
9004300
9537138
1274208
3650824
3857972
307977
8880730
5283792
7676302
6458832
3681149
7951147
2082204
6983522
2455589
2903110
6180270
5377638
2637412
8142900
844264
384915
2589262
8774149
9856358
7584282
3785410
8529046
2844289
5198636
2671400
9738289
5880289
902522
8604121
9255158
6263770
5237386
7877715
9165170
3802345
1800136
2692922
6364943
4109605
3266221
5449369
963249
1565048
6595765
314146
4689121
8282602
955853
2673507
2635831
8463282
3430944
2714442
5064748
7872692
9397725
4694041
1176715
8975612
313644
5000407
3616706
8341896
840709
1882976
9362380
9044932
8534711
6302809
2992235
5690069
2222152
7109551
6162046
6946157
4031408
3839352
8180276
1667665
8663790
4338289
4084604
8081758
7320171
7865770
3484770
9088449
5108968
6207605
2232369
7332678
8704775
207674
2522798
5361355
3190007
2609877
6451905
6858643
5799454
2415975
6726454
3638400
5632662
4907627
9385466
7102774
1784606
2687825
198016
8567155
4777136
6375239
1845986
6814585
9328370
4906113
4921151
332053
359913
228124
3701191
5763243
6917843
7747308
3256161
3885507
961436
5262345
8702218
4210762
5416785
1895957
7013265
929685
1762469
8560739
5929103
6875803
1872507
6767005
1329632
3182173
6504644
7761153
2384838
2514155
9977418
1259210
2138455
7795462
3969533
1588493
4135881
2434955
7493826
799766
619686
5810691
8782032
1346244
4125341
1125391
6625385
9794203
6550534
4928673
1029103
567246
9508821
6066072
4791432
7157610
9597964
8129422
3720612
6862407
9235388
9328373
3862753
9687568
3353591
1334371
5019009
9803510
8584361
401342
4772629
8485412
7131300
8433281
393824
3992676
4664823
4001132
9031490
3654028
9803293
286296
225962
7167374
8166269
3774412
4513973
4905633
3203302
3563448
292850
5370401
2300452
2791021
8963858
6338421
2465433
7943054
4053532
4293744
3950638
8751878
4179804
5130172
2917714
3117902
2732561
2158275
5946399
8794038
7480949
1449366
1806101
8766739
4801220
9975648
3844733
1518691
6281334
1464687
8903940
402284
6656
146917
1104596
8176419
5394375
327104
6490002
7079311
1182913
2648152
5776693
8702600
1820823
9577101
2546464
7934530
1155700
1438082
3434887
3682638
6805336
4550011
44965
2883191
8605388
971096
3118404
5333486
1253928
2712847
4449419
3738857
614431
7579222
4069105
8964601
5060414
1849450
3610280
314718
3176552
7347019
5185148
7070410
4186256
9176168
7873098
1572826
4951471
2584780
7514257
2840467
9781204
9831541
4312566
7604867
8213276
8814787
6533644
9874082
7543664
6731035
5379378
729325
2630976
8505515
4231382
7603317
9923822
1638895
5913629
4713030
3071782
2479911
7032805
7582584
7735184
3512387
2270495
2256238
8737226
525521
1980453
2364616
2930685
758868
8419168
9299767
67538
2972343
1857331
4921743
5605716
7165962
585404
5027294
1260443
5559930
7347664
9922159
7682839
8231880
6123986
7790831
9988786
4449383
8840253
7565335
5611662
1104859
528669
9262261
5986090
6923496
8750632
3826201
8007784
9743858
9339198
7518326
3880319
8489086
5780887
7847971
5710197
6841154
4673521
1253216
8483595
9205232
7038415
5951764
2383850
2939137
8193061
4792523
9843756
322200
2588506
4206593
2112770
9452973
2725507
6028371
2092966
659653
1394153
1920898
6380970
2251667
9776161
1922205
8824746
9202427
6688548
5635435
7987909
311256
9150894
1905572
8660824
8397152
5410013
8830839
3582490
2113427
7388313
2001459
5589391
4031443
9445658
4392084
8529462
4782467
1231200
6839726
292830
9171504
695879
477858
2420195
9080679
2534152
2393626
9453659
9068198
1593069
2308668
1571697
3798217
4279327
8892565
8925351
804094
7977908
9883491
9678880
1439433
7255351
6651575
5553543
8940820
4943237
3221210
2693758
6966238
9167317
8050504
7090692
769106
2327543
3049367
133245
6947445
9022599
3973494
1033349
6601064
9612224
5886731
6702873
7677784
2551928
1104716
684067
4476697
2160737
693544
5909050
7562005
9571227
7638940
6626141
1122265
4384574
6948285
7029851
7990220
4554326
3592990
4787763
9338920
1462946
2572923
1932167
6521664
7851777
8779761
1423140
1367949
4164082
7682436
8308228
4940927
5330940
5797302
4277185
1775244
7998294
5486746
4914843
561101
6233969
7266751
1925648
3127324
3560927
6070587
8977380
4387845
6705465
3989660
562126
5321489
8429152
5746585
5697957
823847
8789199
393848
770432
5628633
8877976
7646624
4243034
5961962
6539530
5079507
8308829
3072688
6441721
4735088
5278014
7569672
495006
3367444
1088085
2332246
844420
3512685
175014
6528179
2588246
6754122
1851911
862604
649875
9712592
7574945
9387921
1288179
656350
5459795
8887197
8507652
4578171
9852131
5353489
8529382
3636562
3728833
3798492
536326
4629316
8564575
280006
5720027
6341428
4338253
7103765
9008058
1388231
4422251
8810425
9156854
2476581
9101390
6411956
6901526
910858
7228685
6382798
5815347
6232112
768962
4248196
281967
1368909
4628867
1493856
932562
7573207
8004595
5160907
4121998
1691555
1387474
6887497
7887325
4577876
535981
6624399
8191628
1766784
2402278
9744029
2919063
8092211
189870
7976030
2709949
4733154
1970202
1820133
4332448
5809518
8846766
5379788
2300453
5599794
6149997
707328
3453884
356496
4091483
7547828
1569393
9816193
4716162
7871179
9128291
4694126
2208160
5177341
9818482
7508992
6521683
414715
5623129
6826327
4096843
5377173
751714
1547895
7491469
988948
2876666
6514259
9432712
5158789
8509496
5965125
5240164
5335160
5424578
3192180
2519508
2455513
6171005
9010694
2131394
1770248
3394653
9138454
5359518
2501962
9802601
9129880
7865272
6896950
9633337
7825566
8022057
7655299
7860985
5984118
8579710
7807678
9980220
9699361
6554180
474350
7063112
3020241
4669397
6854591
7832625
6724352
6783659
2019218
8884745
6270985
2500691
7947567
7055195
273520
4843571
1413515
7721392
8447167
2499942
1995127
196797
96400
6047620
6594146
588257
8196399
5010893
6011146
3923291
7287929
2029768
5779337
442086
1028278
3132767
2940920
2837569
6603324
4037732
1273530
810203
8500991
2164288
1380544
9166638
3986010
6396563
5295764
2344994
6193003
4308443
9565823
8873752
7133487
5678264
4922072
4846391
4112537
3877240
8169824
9587144
8249634
9326582
7763965
1361544
8827243
147617
3624959
9917324
9949776
3669545
4780652
5604816
6969294
4016741
9850118
3948798
1724003
3273
9337651
1002942
4748653
9024879
4367799
8104736
6531879
7325308
2343529
57937
9341379
4659887
5140962
7319548
9177258
424253
8759273
9420475
373867
7606339
3867071
3382382
4909609
7157816
9907965
7013049
7654344
338648
1082039
5182646
4364187
3768373
1393739
5605699
2164849
4594677
6085828
4831489
2626685
1132593
5695427
2565066
4400399
1534767
6083603
1433602
6371398
8084105
8257157
7771151
5864751
6891626
3475407
8088628
643913
1289790
5294455
4775433
6079205
6954135
715486
2032328
9349541
1580326
3939614
5199217
8824809
1767723
751588
6223927
9657914
2924349
6135993
1696892
2176738
5990775
6823206
5606308
2757550
4610852
8837278
1694300
2237666
2547552
9791571
1266406
9860844
5261909
7208064
8973085
3304223
8748303
3683965
5227697
4659351
9035455
1314363
7760624
6933149
1774672
4734387
8575640
1708082
4227716
1212527
575163
1149463
8275697
6821247
8719575
9819906
8471508
1811950
8015248
608359
9977899
564787
1109408
4712059
4271121
1946855
7468344
1603381
983664
3541074
7692970
3771303
3272539
6391635
8892265
6891699
8685105
1496524
3837097
7572711
4558035
6798816
8859403
5054904
7227456
9795808
1162903
6370558
269311
2646822
2168516
1310939
1251481
4751363
1863512
6513659
3020124
7239549
2876136
6310093
7840633
5372601
2371641
7703817
3282413
7474772
7087296
8698896
5507564
3738157
8256153
2828666
8577088
5709994
1470377
5404663
4637026
7370778
7166035
2864275
7808281
3637669
7163645
2278537
8803384
2414388
678111
3717493
2446550
4701595
7847967
6351191
4537617
9935321
2076661
1792452
8984529
6830592
432969
5857111
742987
7679406
4753508
3047458
7329481
8720345
4374759
3592741
3633748
3189368
9756882
3114842
8702105
9585889
9919709
7543414
7742688
1291963
2478051
1970677
7142837
4509397
4816787
7367116
1044321
6460956
6372128
3133965
2993150
3887402
5492359
4802907
8684834
5822007
8430142
1098343
3989674
7604324
5919454
6534453
2882635
8727626
8771611
4120735
8163614
2223319
7459775
742826
5938811
3395663
4897864
7117470
3129449
6527576
9013405
5710688
8139750
8567458
8291920
6387561
8734278
6374200
2030455
5538545
2942332
968258
525993
7563055
1730923
3217707
9424098
5027767
7637983
263645
7429585
8834234
2191657
1547935
1178731
9394080
3808890
6944765
66365
3536972
3594944
1954947
5488792
3515630
1166791
3991840
5452210
8721972
9902731
7675736
2757863
9212422
3420194
4011142
4155178
697252
9207587
9453836
245631
1341324
6379406
9061969
8578626
8060193
5847903
4447198
9267721
6205516
1668897
870887
8374082
5258488
4420812
3658223
7693873
6066973
8943413
5605098
5003263
4038277
717868
4469279
5409496
1617175
6074144
6891112
6097901
9884325
9417830
8822544
1994873
9700272
4936256
1945240
9315089
8292339
8042947
7581634
2850023
4612160
2757699
192585
2514462
3525383
5114499
4307006
3954615
490439
3797763
7385332
2988737
2161245
2006102
221223
7383131
9823190
3885181
7654220
5481146
5068640
8618313
144259
4639869
6887708
6128786
8772160
261465
8085180
7489925
3607097
7505042
5046439
7553874
5907654
8943202
322959
7187582
713865
9992693
4470257
3510821
2331390
4480790
5688055
1635514
4883640
5150065
5836225
5312897
2560886
7842265
1583346
6106648
8710411
7080237
2531203
8340971
7941734
9892552
7435809
5350246
649051
1607886
7327887
8548213
5681950
5110634
8137515
5435348
8160492
4779737
8098855
1353967
6398734
3607810
4591395
3256509
553067
1888417
2618294
759957
7338408
4476619
2557295
797387
5305992
3100163
9508169
964354
8061384
9012594
3092082
9151635
5479030
6601092
1367964
7992446
9241570
5341459
3761170
8572737
7781040
6456554
7289520
2971161
1332256
8131794
505305
8226408
5651882
8820663
6529182
5998513
6067160
6842797
6187882
255066
7758985
6953619
6334758
7667434
8342464
8418072
1425628
4385504
9806137
976703
3469204
6875104
380170
8784878
1667397
1351440
711057
9240094
5750047
4708046
3128334
8836012
9174641
6309726
7063737
3670586
6275777
7575352
6317240
6239572
9351849
4858295
7940004
3152924
2441509
6884572
4928514
8395018
7525710
6043817
6647899
4566617
8401614
5780154
8611187
8408811
258477
4030230
8335379
3433616
6674139
867578
437712
7392699
1912417
7719978
3809254
3892938
8859633
1872479
5722078
2612670
8284640
5087502
2961523
4052083
7639960
4764846
8299264
9051441
2547473
9924165
9158621
3862359
5310240
8686120
7133655
2449619
6225703
8205335
2312256
7387764
6149422
5592492
9314638
1228379
5347333
7125515
9304687
2304142
3730819
9836032
8750068
4321084
5500308
6449609
5771650
3211080
8481288
3257961
2876210
2023110
1972294
4201619
3695263
3801365
8230808
9775214
1544048
5069909
13478
8587695
683776
337360
8709745
1641146
2549813
5548404
6128738
4505758
4354822
8640703
8711050
3984663
614437
6492464
5721407
4879039
8979445
475771
4560361
7464204
1164088
8390696
1120666
663381
4474256
18246
1460320
555794
6857238
1247306
9836249
1491832
7323861
4792537
5543346
1605174
5102874
7804179
1913107
3913728
3599248
1829823
9345401
6377920
1175722
6502292
7387597
1837637
2907417
2357399
297656
5907091
6723265
6432110
8561793
2062612
8611332
3494222
5946252
2283775
3648482
7484629
1698404
4856767
6992691
4620619
5416441
7929695
1834554
8535569
6290347
3670357
3805063
1109724
9060661
3728236
8957274
6180761
9237186
173905
8536244
7135782
4040066
3180238
2764730
7664591
8861063
6861703
1416692
7490090
6587690
2361908
1713312
1042454
4624314
2785186
3783042
2127862
2017115
9833546
8608066
3813977
9560875
6039770
6741551
4854072
4350714
2642850
2548970
2639005
4152374
4287537
1574129
8725805
7637231
8031417
1901754
1162343
5379451
7874332
9624752
5529671
600235
2444385
443829
5401108
6195684
3494536
9284686
3974352
6768150
6473556
968241
9645177
2457281
4454276
5364285
9818759
3738731
6915656
9443860
6143440
8328240
3320209
6462072
619164
5377787
7351455
7199444
3634699
405988
8533574
7996514
6809448
4983997
5961249
6329157
3030884
3532007
8673590
694482
4259829
6096019
9746230
4086836
2230580
4624045
4284689
6210909
231109
3149109
5616102
4286285
31943
646958
5313229
8486568
3129040
5998558
399968
2105169
5739288
6194272
3865672
3088488
5525839
7172948
3757586
3893488
9582363
2622840
299569
6949082
2038118
899513
5637794
3642007
941992
9083758
6453919
2353016
9801274
4842575
2775263
1718702
4710516
7857544
2754805
6141714
4305412
4764138
2923385
1735059
4773762
8959267
7075350
894167
8381207
631820
3790005
1870492
5751981
7832252
9839657
3298478
7041547
6358418
6216625
476728
8515076
9057875
2499830
1835698
9559778
2690369
679520
8089708
2343279
6540885
6346816
8281114
9750579
2143977
4244642
3546503
5584410
9667220
9550834
372186
4057740
890300
4960653
9163256
8163449
9611914
2477693
8906252
8514599
8211694
8206449
9750286
2782721
4614642
5855158
4370206
1280551
8360762
8175886
9650098
1256465
3841013
6760193
6364622
6833781
9701315
9495563
5148791
892304
2719431
543247
6888156
1267270
9562947
9265498
4415641
1009664
4489337
918651
2418606
9637115
7202089
9852442
9341435
7213586
7822691
1102296
8763396
6572635
2036827
710331
5742482
6425744
4518835
6661360
5290589
5063339
9225425
1501914
293238
5945276
5986784
5847372
3670755
850198
6724287
3924754
2879626
1789823
8927877
5856985
881858
2144729
1656798
1869287
8955049
1574583
1151731
3977669
6767064
8972059
3245358
3585656
187201
4911293
4142842
9243609
4861808
380597
5892717
8214409
674753
5137748
4541862
2871639
3236312
5356417
7417975
8221593
2683417
9944759
5984565
5447982
9867387
6481761
1303295
2537247
8839787
77222
9712932
6777866
1537467
9044690
1457746
6224811
1031877
5797176
1235918
7634664
3069618
1369767
7263029
4188147
6548653
479048
8494793
4310948
3584472
9596090
6833678
6187530
1634133
1708013
6324400
2156646
2601332
8385006
6852662
6080562
9673405
3040161
3884143
2885860
1120054
3141536
8028769
73258
4693740
5522595
1180258
1091737
1107100
3917630
5435896
3542579
7515577
7415454
9497421
7536607
7475702
3899892
5512859
6420904
9165043
1565777
2503315
1523285
7615841
8417553
3291610
3655553
8032613
1239754
2896621
41061
897737
1500679
2125933
100670
2190521
589439
386225
2492169
5262089
7890808
7179550
9655824
7966292
7316751
9239418
4524948
1029608
6161676
9310330
5914590
4693010
6754788
6656504
539961
1593111
2566356
8699028
8646499
9535689
7583955
1304942
9555429
4094126
2259359
5369650
3350354
8100820
1639015
242884
7699150
3211766
7255528
8994419
2792578
5966397
9671954
1001041
6036958
3926353
3384515
5155783
7948698
1761232
997823
2331361
8207316
8911130
771466
9435254
721753
9053845
1099006
3889923
838851
2281338
3071243
7744763
3291839
4243115
7982897
6590692
8242161
9192515
6053950
4048619
2293030
964056
4581118
6739409
6069490
5839983
305971
9582697
6988721
5860522
69665
5539417
7516781
5489766
3618571
4988475
7098633
1305797
6863306
2124078
2682120
7169693
9380019
926215
5864421
1782973
8640225
8618603
4077124
35625
5671222
4354500
1704033
9929037
374447
221440
1678378
5475015
9625373
9355110
5602981
7369509
3059966
5437514
6636369
377784
5171238
9984806
1947908
8611237
6925364
4039685
9024360
5978956
5511662
2499930
8867499
672637
854163
3699755
8218409
8537452
6288821
1969608
3518336
3828763
2490486
5087635
5751390
9413800
7493684
7133979
3465770
5979758
2100560
1783535
9428495
8744492
2462768
1542043
226584
2733045
8294663
2462896
7071234
7701252
8640948
5070431
3022310
5171795
6955355
835901
8694058
4477258
4252348
2192193
144401
6534081
1614869
5690537
5499142
7700319
2761779
9867369
5627587
9953256
8769642
3679555
623798
6079416
4627974
131010
2759878
1655297
4244204
7510336
862650
3376376
931913
2947486
4314788
1501409
8291514
1599698
5423507
1947282
4803073
1309458
3680284
5660902
9310516
9367189
1780958
5302288
865008
4781225
1274316
1623709
2906987
9551438
1095099
644796
7195233
489311
1973726
770108
8802978
6894975
359748
2769929
6061064
3667199
1527919
946670
5745598
9539158
9953590
4868263
4263209
366072
3888604
3848545
875535
5922202
2120895
2965862
4957667
7186864
9395294
8724869
143262
2420138
3214716
6993836
253246
9891206
2170721
7538934
3486076
4019038
9780127
818621
9024377
3604936
3114427
249337
663240
5943470
6514516
3023494
5265094
1202029
780704
8111415
2002060
4352011
489662
1839781
2574140
4976836
4297704
9227208
6776613
3820216
2258590
4677390
5025653
326286
7316246
4306255
1363654
1097014
4335031
7429845
6496112
3614437
9213363
3845664
8130974
3780714
2223756
9483962
8114359
8283771
4239998
5665239
566764
2931839
641603
2972871
8853964
9484141
8633472
4396977
8498425
5118802
7026740
1281394
1342251
3226258
9013553
643943
9222904
4783737
5613844
6141663
2009050
9883660
4658036
5348134
8157110
2861845
3676710
1739039
3869092
2631036
6667427
3408860
6541099
3017142
896455
3037572
3979163
9403797
6593630
916214
8618253
4368692
237367
6988738
953432
9722525
3734442
3025659
5237389
6617312
8994894
2679331
6328793
9338182
6479708
2762933
4584968
8164354
8633681
6646226
2699048
4504930
5710463
3398120
4595643
8470735
2214038
7194617
7181934
5542443
1115025
3732941
4973817
8227161
617905
8120237
6633697
4235153
5844859
7200204
3026540
5205480
4990549
3230599
8533897
6652987
2776231
1999829
2995235
6321094
5634178
765138
9323527
820695
4887911
1597976
865455
4900114
603298
3457134
1961751
6862503
2085498
1587074
6658715
3626688
3114283
2693997
1676037
7489511
9704806
8603807
5749556
9029755
9245430
8327822
672165
8699329
3976906
149433
3503574
8624763
9141769
110474
6489026
8020714
5609114
1668455
5353281
5362081
2530396
863071
3838182
9040129
2032467
3217299
7775675
6513215
158118
8442338
7037849
3236882
539711
7970993
1491799
2345462
5918148
2471804
3695338
2601227
2133281
4136426
620400
7445912
3179
158523
7733241
638680
6424840
7780426
9238061
8027560
2243789
4322101
2372630
2615946
6782039
6713308
4690015
6623262
7495788
4690852
6404202
1706013
3876330
3003853
5005125
773903
9927653
8823800
5228233
1236930
5216462
1541236
5693419
990384
7845974
2464414
2252203
9129053
2005487
6046440
8428585
2683744
7726281
2304498
3890071
6675887
157151
9060008
2043733
3194249
996233
3401747
680520
5197175
9664894
9489446
3009279
6539248
5502621
9105580
2165953
4918786
4874701
5740275
6665926
9881413
1087687
4621569
2722945
638132
3555040
4966388
393306
9163412
439426
4527162
1957484
4666413
9795167
1634160
6844613
168428
1507481
9270734
536598
7628455
1354231
4309643
9170404
3550204
459078
4682744
3409275
8744926
4883321
3464520
8035258
1598837
5234248
1147829
1894804
5952395
4589108
5244341
5062176
505593
1950025
3491648
7088751
8109693
6145200
2908064
3631899
4756649
2894465
7771625
1830728
6293829
8709819
2604879
3007879
4139584
2442693
6418302
1935255
4067396
3654949
3980975
6018821
7106546
5166555
2133938
5261730
9941082
2735664
2584667
5848132
7202549
275265
3178624
453837
8564401
1388710
6530324
4554338
9875024
9684086
9833725
6184699
727392
5044524
966938
1485421
9285856
2547427
3434945
5720252
463932
6717899
4128219
9450292
6883167
3855183
1546051
8766538
7254693
6239837
193957
4449221
2248963
4605777
5321223
3292447
4384155
7503070
1103286
5841605
7970715
157530
9138927
1018080
5342897
8714141
1388518
9120184
4230630
1646368
1917791
6681155
2187388
6000183
3694061
53022
2948441
5410084
2956882
1553759
6720272
6844308
5603569
3174870
8188622
9360340
6571683
4138865
3040791
6930788
4334772
8643965
9985518
1155822
1149863
2701328
6331254
8993479
8336852
4470342
8066812
1395218
4535244
3654640
257278
703930
4407802
8699649
7838025
3253037
7220532
6263313
7396533
6749833
7633557
1493621
6417850
3418606
6389953
2725178
8942396
1569824
3271642
2434478
2148217
7002308
721874
543964
9359886
7308533
5617601
9355280
630721
7999806
75424
2467696
7197965
5056375
9859408
9636596
4664963
5915327
1192527
5072934
466688
6928838
9455488
5969590
5390391
570693
4115372
272561
8507830
4074720
716577
7740373
3607307
3496911
1266129
5126769
1414265
5254513
9264715
388420
3367468
8989276
8970343
6074354
6798700
8878585
731237
5066410
1760484
3395802
688432
3244712
1154769
4370132
8307592
3854389
6211011
4728996
644277
6515937
568972
235382
1474316
2609330
3294150
1122287
8314983
8973184
791086
3350487
7885731
1524349
2919758
8474193
9946975
6159122
1952880
2659818
5044764
1160028
4868431
7196284
4770555
9981989
1002038
897188
3972710
185737
7577647
9781180
4009698
7491581
1782319
6264024
5202312
7962571
5311809
4987950
4393572
3028711
6985980
7330240
3828895
2103378
6053190
7650938
3831082
8408761
402220
2203523
2523809
1187800
5717275
7246609
5768139
8738459
8194330
539858
9124086
2152333
5173388
7646225
5071468
8580307
6616659
3613516
3722111
2532614
5863213
1936681
6719387
7193995
5320487
5055054
7481900
1784669
6777045
7945453
3837280
5555778
1616313
5552978
9742812
6327536
7433314
5265511
7759505
6371482
559614
4080511
6129912
2478152
178868
5218602
5575594
1277218
8258374
9275993
8281829
9587080
1791504
3303535
854113
6130127
6011172
8506913
2960892
9380066
5486205
2227173
9863365
4378875
2811749
1817932
5481377
2174404
3893888
9458006
2114998
4642366
6814012
4040841
1110566
3667495
7345107
8305569
1865703
3903363
1310041
1784115
686362
8058433
594331
9332989
4896492
4778512
8113795
9139764
2788024
6802416
226909
6174839
7677432
831939
6323523
3005318
853924
993011
663344
8098069
630669
711227
1623759
6988820
1784279
8522451
2422852
153275
3360197
6684472
7309898
6299634
2437853
8109194
8016612
4940280
9997012
5780735
6599331
6522358
1165498
2182403
5129967
1701780
6418926
9365886
1430520
9865693
9381798
5567062
168741
1476917
589965
6137302
8132143
3422178
4287059
9937650
3962607
1739541
24097
6129613
6686468
6364348
9563073
4411564
3407684
7816532
7382969
236082
7162730
9191902
3443854
2736927
7993490
3579673
7184951
1155278
1731905
8618186
7954042
2681970
8463789
2166576
4672985
5632684
1626684
1415610
3102603
3127125
4395528
8264382
8862349
368262
2240044
8115510
4750424
9498592
8157097
3728759
1139647
139571
4807378
4503777
4926935
9964988
4260732
2355423
1798706
546765
5955939
6350131
4154947
5805214
9231690
5110095
1260774
1979605
7762296
7047362
2432216
3393812
4846815
6084468
9052578
9528115
3490968
4296871
2449892
8651106
3879057
5707709
619063
6252758
9431763
9542710
5452295
1331137
4272728
4532843
5507864
1815642
2700722
8036876
6594765
2427833
8263282
8213800
6741326
7294796
9413001
5302436
3874691
3530461
568436
1751852
4007911
3532285
4788168
1422555
7793548
3555544
6729491
7898354
1900047
7903443
3345354
5603869
5306325
7084808
6598303
1581246
6656261
1022129
9974347
2527636
3429726
8033913
6647801
6849773
5900962
2230700
3967916
865223
5397038
1916342
4832917
3255548
4725009
5959629
8491806
720829
3078106
6625681
6576757
5371066
8776659
1098753
8327939
8276852
768142
2380721
6022583
7402858
8418907
1844587
7462421
5747421
9392331
6886072
4351645
5530051
2462296
3216271
5271610
7281609
8800982
7421570
4865377
7199024
2778488
7213279
648861
2103092
6311981
1355575
9280641
6924252
3624601
9482205
8454929
398053
4310423
8025655
4248851
3249171
7251872
3694108
8697022
8984931
63092
9489107
2759858
6055343
8362157
4438953
7740423
4795068
8486342
3422392
2608022
8545315
4237178
1213115
7745106
3915522
1171651
1307328
801161
4705012
2012344
5705340
2425517
4135255
920614
4118061
2687579
8591015
8103472
2020993
6690321
6305094
9646290
9860941
1855376
1128755
3554697
9640164
4030865
2015664
5813076
5274574
1216686
4647582
8450804
7675587
4070844
1209751
7679359
6573607
4826648
2990110
3530409
6810727
6643221
4209873
5759668
3730090
4853879
6877491
811821
2920150
8811245
3809834
2444868
2799032
4761
4766818
996916
5557001
4916322
6134332
9975731
7669167
4452690
9726754
6846991
5430534
4286748
1236256
8608565
3946403
5366248
9231701
1373428
8522080
6059306
6159125
7310839
5770410
5654568
7545579
6494587
760885
7960277
7653559
2269014
7769259
8421741
75969
1756105
5702847
885124
2479430
5753238
291868
4932397
6300498
1857367
6295049
5133117
3235499
4941066
7778770
8536742
4883919
7524216
5899863
1041358
7372402
2466614
335240
1878070
9792434
7161389
2359095
6484874
3345205
5792168
3255540
1930134
4839510
3932842
1691832
3079061
953405
8036336
734824
3501299
4083577
283765
4158431
3015808
8173794
5727563
5673974
4983816
3765000
4781007
2881702
7853841
2849422
9072973
8244123
2189139
3978016
6020672
8866209
4640758
42836
2611736
9481138
829821
1756085
9926543
3475208
2912019
8459061
9344091
2386904
1797791
1091923
7522613
9643996
4145836
2328428
9969030
1437028
8815435
5335163
1061605
2839054
955485
3448517
1862030
522601
880762
1482465
991985
7154465
4553369
9872997
9354582
7463890
3629755
6674116
7266216
1271908
3209776
3798160
2587548
9790593
5630848
9451481
9631326
7133768
4064382
5404219
8281058
5310842
2015898
4701703
5684142
9718425
9399888
1806776
7848515
2976906
8879493
3744402
2107747
5872477
488266
8455257
1044944
6600118
6961830
9621777
710949
2938256
7672641
682671
2238578
4311087
2609068
1318411
7113702
419479
6218088
4383480
137809
3756771
2976715
8629903
7094026
8246199
8347567
4530861
7601851
8178418
6277040
3851222
6048616
7857685
3222653
4297648
7389688
6210801
8396196
3025197
8013551
6167665
2103595
1240191
8217485
2240628
4037857
984395
4126177
1758572
2523492
6537900
589992
429419
8778377
6090406
9682338
908906
3759293
386544
6125079
2921944
5271556
3267151
2962998
7256989
3286125
1922365
2256629
7490431
249732
3327266
4679037
8897459
6916620
3980071
483304
3750613
4329351
370147
1531048
8704722
3303107
7818283
6752271
4695746
5206782
8171551
8384929
3237121
9506368
3359447
3867418
3308311
1775636
7902864
3021151
888657
5413089
8897780
2100228
780197
5572178
1420392
759115
2997665
2157225
9003656
6344208
3313163
3970730
3375679
6040490
7304849
2908610
971531
893536
3127069
126317
1287981
1301158
6821865
6048298
2787978
363254
7619165
1263949
294550
9617065
8562004
3020751
3960943
6816156
1235357
438219
6094569
7100872
7341321
206339
5353586
4766880
3532599
6466914
4834632
1341825
8455926
384733
6671394
5752517
3229581
2216451
7924739
2841714
9832915
4162269
6998765
1708723
6119927
4333891
330199
6450333
5462284
8515414
7458727
2233158
3672788
4256297
9294567
5238870
1693482
6412184
1320981
234139
3268687
6343002
4875779
1930399
4759781
3140441
2798366
6057827
8024871
109743
9078639
1367102
2764108
6862706
3004389
428840
9090655
2077639
5423142
3963081
5986775
889808
7260321
9911006
8265450
1884027
9474225
5232435
8824803
7537851
7771363
9813687
3225197
5923876
2291296
534474
1237929
2126950
3539606
7984507
637639
4880693
8612933
5070395
290262
7652230
7688832
4720662
9992533
6447351
7495053
1233377
7257113
5466974
8198376
3075219
7879916
6601683
7618049
3846335
364214
5255042
1438130
3680588
2007967
6398929
2262919
9141086
3999962
7604622
2885280
6272237
8403338
9805239
3451136
4725970
6750822
9252153
54300
7904905
8672595
3211040
780720
4166957
9947205
6130218
2917160
6320546
894627
7401153
5291847
2682944
2048322
2027159
9878128
5185742
2290697
5219461
3100589
5524981
7746898
6437764
7004860
2593764
4087949
9699940
6834074
2207489
7875133
7805874
956514
1799807
6496310
3270447
9653156
5338001
5132275
2332716
35747
4007472
9342087
424469
4438244
4761272
8100987
5070199
5898151
8774902
8505810
2145038
223566
9748320
7104552
3228655
3741960
6586383
7725126
8572576
1586303
9846135
634612
1300930
7266787
5867016
9528060
5006093
6247585
16988
705843
8943659
7369618
7163958
5701052
2424629
7998913
9741937
1925788
9349848
4837031
7737960
2001111
4344216
2977381
5685818
2413441
8169520
5094671
9160942
4382557
6444819
1352656
6063178
6953837
7873607
5970285
5275200
4985536
7003365
7758933
3530166
2676203
363663
2093148
4796443
294732
2130621
9710483
5740247
2499635
7988429
8741389
3925125
1639445
2649998
3681191
439620
2859877
6574695
3553277
3706826
8072880
8962352
4107313
6932903
6640863
1481368
4942217
8110772
1874362
6200740
2319616
1707987
8683316
3775157
7085312
7890402
4593138
2587258
1464220
8112116
3462961
2466020
6963298
9996191
4860270
8172626
6106342
4131824
8599683
6657844
5426781
4198671
7227632
6365315
6900849
1517767
2558408
9805732
5215699
281930
3225826
2514809
3264137
9149414
9003315
2322021
7342065
8793133
9507247
3131838
4695285
635008
6906427
6166116
7656368
9517469
6329768
4500655
7484827
7851399
233489
4721898
1810343
200235
1712112
2631922
2035333
7722822
5787253
9163721
7721716
3528174
5503040
6963806
9045391
8426829
3566324
1374820
8664345
2985456
3441267
3549782
8034982
1205224
9109626
6357520
377485
2779428
7122732
6406173
457233
881408
2113487
1700433
9713033
5832353
6076572
4211682
3384859
946651
4883466
6164457
4621159
7280532
431071
2166475
9657720
3435348
3928796
9406464
3888741
5881598
3196695
6175084
726385
3382304
5600339
1180642
7315403
9778703
394304
4030195
3655455
7892603
208370
6354567
3855096
7138076
5029540
3039894
5384763
9232590
7696847
9254176
52645
6652443
1039932
6642896
2721989
6636033
6518944
6852556
1229569
9033968
45531
7987748
4516169
1364487
7787207
4244529
109422
8188406
2045474
3973097
3984457
2408568
6818533
1727089
8326142
9355339
3718649
9614880
2662436
8966983
379759
603870
539944
113310
7909805
9297707
2892429
4817683
1893731
6365190
6596213
40125
4534024
7550622
1417807
2297964
8238557
8453102
2879411
4420277
780891
6493256
788262
3140673
1437398
5607283
7042801
2488276
1975234
1761240
6792873
4199070
4240614
4600348
4064566
2032274
1969842
1750771
6773180
7220008
4934095
1746363
7837514
6813708
4405048
8421170
2257588
6358811
3645966
7852193
3383861
1889736
3911760
8229212
6426638
1772021
3074867
7100907
7068429
6287716
1864173
1960413
7475383
7438609
2075387
1372638
5521184
6967277
5988028
5412525
4901677
5561365
9840221
1376121
6946095
9364021
1131902
7807538
5989155
5024588
3839702
5256616
4109770
8096116
6367257
7970542
2480808
3446212
398061
3322709
6396762
8514474
7766741
2848718
8510268
7308669
8295729
6518688
3579629
7555450
4888407
5244354
6640732
5635906
8653768
9750792
7444698
5499759
7544606
7074763
245165
9705213
248384
6086266
1884704
2454467
5948832
4741386
6884584
4670971
1676557
760847
6932198
3086705
662709
1014959
5007169
2686111
4054249
7697370
2176832
2772434
7317686
9468459
3195596
3791911
6867177
808889
2101130
9947698
7664977
6898695
8208275
1090909
9974651
98254
7260235
5732796
6593079
8135665
4373820
2595146
7765298
4476978
6649632
5836924
2509839
6324228
740179
9833800
9947845
8973230
3760904
3550694
1676508
2621097
7766553
9397230
6131162
3537817
2325338
4270541
9020394
2786552
9707467
7612968
7640144
5410778
3786780
9140812
2408363
9140806
2162073
8510177
1017221
7671752
8366933
5072103
5864697
9804045
7299732
319335
8529574
4369116
3607586
4752369
3094648
7819284
9234884
2083192
7741872
7420097
29844
8522435
7595477
3987408
6989442
265654
9870827
5966424
5511335
158969
9650592
5868951
8914314
2333888
3499263
881402
1414984
1649494
5015682
6918351
524201
7898669
741389
679786
327673
3985615
9999634
8585820
1599331
6444963
6941968
6937776
1952236
6097605
8853920
6941883
151587
1914877
9598461
8618410
5630551
8316184
1591337
3476497
7417524
2054669
8559370
6704238
675750
8146611
9841259
1760928
4211051
6900001
7076600
2883570
2951218
1800885
6688950
1411292
9748555
3991890
9181025
7144636
5111453
9893504
8031484
7880061
6829502
5114991
7060372
1330490
2969233
8443058
8567668
4355101
9337201
2696794
8598718
8159167
4100255
8038990
942541
1157647
6782093
392262
2348347
8661550
4466924
4837628
361593
4624581
3879583
6660166
9952172
7169036
6198933
8106719
1039086
1176404
5338446
712701
3972867
3592476
266161
9722045
9054419
7606206
7021881
6373931
4118770
5891945
1112564
6877661
7608690
1598883
358681
5976839
2954998
1834665
4237498
9380307
5864439
287451
8927403
640057
5367111
7820699
390316
5218076
7792563
6770254
3867693
1668001
2526052
6131593
2900049
9835182
5033764
1177765
1424272
2293553
7934003
7026140
8872280
1909759
6885687
8294394
7284542
4653567
3298686
9375157
9620005
81437
8994014
5920188
3829765
119612
2194520
1040225
339956
7156808
9136464
5403934
4560313
1608518
4855848
7670522
6852592
2733120
9915680
9026378
3756554
401423
6962333
1404394
124800
7125145
3994004
9379076
801902
4075463
1440409
1507958
7012638
5034134
8211646
1393794
5261052
5131403
3044728
2761809
4327880
3091956
6101200
2471527
9847060
521806
1638091
4916328
3685175
4765268
6304050
167002
4067846
1997312
4538250
3680070
3246038
7672198
5195260
7597046
1926584
2453720
8089454
837456
460214
707595
8767661
4057569
1581163
550963
7956165
1049175
1049453
8682432
8469569
264931
3390080
4664755
586534
3635520
2103593
9872610
914287
4627745
641929
4770319
9882939
2234498
5517319
1306645
2628329
1773754
1275038
299504
3364758
4740583
606511
6364496
9809269
1331977
985384
242526
7814632
9380627
3940737
7349323
4020720
3793836
2038022
7024918
2033187
1929156
5702209
9665834
493185
3396570
3363380
9739913
4837347
1830247
9450500
9982762
7592598
8696888
4794384
8543830
7514255
5920599
8431451
2838392
6644212
4086667
773218
1241798
9116605
9005858
9762394
8436055
484544
8593222
1982466
6259232
658503
5481742
8155904
99741
7366195
8378781
5321633
1474722
2783512
4720642
7525020
6630126
8089534
9392540
4789300
6585008
3091070
2217824
8981726
6240141
4635334
3125469
3084532
2096913
8284241
941012
4635390
3710801
6296854
5289319
5847025
5280914
2042944
383670
7626711
2276872
7184206
6074290
9161275
2990807
9762685
8979749
6082158
9748437
2918307
8065712
3773622
6520216
797916
6942686
911248
8349051
7028092
9396529
707120
7633287
7128638
9384962
1913530
4171664
388543
1238171
1977801
4241970
2818410
9322036
7287136
1765505
8913304
2990998
5099525
945742
3534705
1986317
878358
8982500
3077106
9510238
5454361
2416270
4769675
3258376
1873744
8889281
5563174
5079614
7273824
5374020
1059724
5541993
7312865
4009604
1993186
3712322
1389552
225237
6054650
1190676
7561046
3851351
712358
1227892
303886
3114944
3776666
8321754
1637173
3987554
5978208
4094876
5867444
648178
3351480
9107432
5557976
1129693
7772018
8653738
1996030
4974591
7776456
8721441
3654605
1779343
3493028
6284494
6652051
6995856
8480911
7952530
6141155
8406877
8080470
6810363
5391939
4737990
8145006
1008667
2211278
1481172
8169328
3628723
8553498
2573399
2144897
1837887
8225392
1644808
5108487
6263809
4621234
3799946
577089
7298900
4383239
4342439
1345110
3488036
2759529
1664409
9700309
7154951
4387666
104387
2056331
7974226
5275492
338296
1678030
8586467
6005310
7356062
9284323
4850784
8344087
3005637
3824138
1729945
6118550
4602474
5486777
2512882
1131894
9446549
6776304
6369025
3217995
3358493
8375041
4651125
8829758
5800059
1467144
3633621
12916
3313739
6243282
5694197
181707
3494748
9832055
2190207
1570845
3865405
5573181
4911534
432190
8274810
8167999
7798949
5448534
5079924
4577547
2886402
9231636
8572690
9063325
5370621
7764663
1676879
3826877
8042790
6957407
2533664
1911532
4578738
3157251
5948019
9277447
7337927
4456729
1864071
7403979
6024185
8481515
6760091
7178648
4686543
3699314
1720655
342256
1559768
8501396
9918766
1803970
6483144
8595952
3416350
3226766
5358382
1880717
8738648
6445891
301710
6147083
8475175
7550606
5635174
6870597
598410
4344024
2487591
8739448
2568279
2007265
5116595
1117239
3800449
4806676
7934590
2995192
5833234
3144178
9086462
7842263
3469071
9267306
7169934
3265027
236693
2544237
954384
977111
1855824
7569497
4672320
1968702
9375170
587604
8942681
529081
440331
4804894
6536061
6191469
1463863
4149574
678070
6565097
3373879
7748586
9495706
1736339
4474956
6653806
5102328
5695846
8368139
558877
267359
8870742
9806873
7403562
5715346
8631722
6054630
6175437
8485770
7419229
4896643
8078607
7223117
4024860
1133212
4804588
4773902
5391021
6175302
6747367
8351685
5270140
7963416
2538474
3309486
5146162
3189246
7710670
1656383
3941717
4410600
2898586
2274415
662408
9041801
2634573
5487958
214738
9605633
2067643
3657310
922508
508726
9185392
7800915
297039
3001042
1992401
2703203
4639238
7465927
7894962
5824257
5037216
1939063
4195236
653240
946008
2974970
1698349
7404951
4338631
3010057
4369043
9761627
3671004
3467222
7403772
1323082
5039246
2085683
7075872
1819021
8780084
8298369
4997699
7382273
7993590
4243278
8330613
863060
879929
5487498
2716286
3898555
3674465
6178212
8141571
7478134
1618785
7185637
4731655
7239016
1046118
1144731
7136486
6751938
9499816
8017981
836903
3231790
6728616
5529043
5453295
7699927
6363695
5311728
7303136
1887037
8796457
6103138
191139
1040358
2583122
7636063
3653391
7657021
6128861
7177416
3210291
8964913
5453005
5170067
8473011
3813610
9441338
2763929
5294631
2079117
5301652
1356326
5528309
2103604
4251170
5770824
9743838
2285714
7945414
2234356
1866284
1737430
7469411
8833018
7173251
3400081
6237881
9940032
1082645
736274
1140330
4037075
2020048
2044256
2512288
1212803
3649766
4944160
5897388
2319948
4833620
1578019
4435012
8240005
9675562
1346263
2395118
4499187
6535818
9941089
8094859
1225899
5385035
2072722
8262856
6633371
3296529
1125936
6135550
7081021
3907925
7662787
5858663
6800221
2955989
4163478
1511262
8748732
2140823
9364334
9536748
5486229
3841682
3032149
4830543
1096028
151893
3489869
8415212
8387427
1130860
2887339
8488335
9596863
2187572
5844713
6475440
6900426
1642183
1786515
2543405
7146575
3316831
5812096
4471032
5176537
2986980
2018993
4972734
8924312
2503898
2581716
923124
7109933
2000483
5451221
9237556
6660450
3525249
167818
719805
1248847
1330364
8488485
3458964
4404552
4955061
6484713
1233846
5965910
6313995
240451
2520256
9050279
3885768
9215346
224464
148368
5000499
2307032
8954922
3364005
3741863
8322988
8704687
6401009
1941495
1784990
3821195
256969
1240720
3160090
6823318
7921501
9192880
8999198
1623959
7763129
8829572
4930883
624851
2002608
8409057
3406363
9917361
8456225
5411535
4174011
6418999
8283795
2574194
2598046
6486804
758660
263185
3607719
4687179
7027627
563099
8090804
525368
4336848
6517989
7575456
7870274
7920663
8066009
8259562
533041
6738738
1885088
2341511
7745476
559254
1360902
8732605
746935
3594505
1286978
2532175
9393430
844417
7158093
6468121
5551840
8579321
4228862
4114450
6439659
232596
6386626
9125977
467044
2280170
7837550
763513
6770200
2037085
4359612
6164475
8753799
5512648
8866989
6054225
6456570
1213544
3613200
7311907
7790085
6758961
9176213
6222224
7801175
9927733
7613205
2445970
7077886
9271645
3589058
4874457
6828236
3918233
851894
7972334
230697
1750453
1745128
530271
5837680
787882
6998591
3899373
4443038
1966546
2198444
5848130
9968928
260436
8836987
7844910
9322733
2570933
1232573
9092422
1184455
1940390
5629673
4205653
3202404
5408053
3025945
7035002
9304887
8457109
2790974
2178934
3173324
9520415
7422010
7578326
3219033
718328
7744244
780895
7568984
1380211
7713915
4899880
3595540
3692505
3493431
1203628
9758474
1436903
1662313
5543851
7661939
7336818
98630
3774154
9195438
9599406
2696946
9310908
9881502
2913121
458785
7906287
8220113
6462463
6796071
8336686
1787518
8578828
120123
4992134
3627210
6470845
6139412
6049979
2482537
3112020
2463848
9515877
8116415
9882081
5078208
6219080
569152
2489238
8282760
6740300
3311407
1165923
2397930
3987634
695894
3829752
5127840
8277162
9570449
8203959
3846613
6130707
4166542
271415
531586
383383
8561551
9498502
9117869
3203308
956151
7058208
403784
9112324
3148094
4763477
2863795
6437531
1764373
3087029
570656
2103623
3300097
1236471
3822744
141088
8445336
5245266
7139937
2387069
369595
323760
9293539
3095572
1507986
110125
8851198
9792337
2256118
8601291
9601767
3271338
2419199
423745
3514071
7351969
3287750
5462143
8216007
3301734
7840980
1421875
3786962
4754575
6749596
4387226
4703065
4748536
2591385
3653924
8432617
8322573
5775886
2807920
1193146
8242045
3384260
3401217
4633590
1536403
1820471
5847888
6260062
3685390
9625344
5906858
4764290
2223012
976558
62034
946196
1352039
331357
4406266
4099479
2717182
9329647
3124048
6146631
6324618
5423748
8134014
294122
4499690
7119107
5680793
6307420
8356775
3130496
6779828
4571064
7410312
3778588
6530252
4799286
7519836
9356725
7940132
4279086
788378
5753938
6108094
8135989
8208923
5138355
7762893
7023207
2803090
885471
3131261
6533977
5310633
1994268
6812661
6667769
4737481
1308726
982733
192516
4862673
8444034
4292013
1588314
5732707
9239701
6694205
5349557
2226187
5281529
5056964
5904021
9962366
5799469
5201200
9559052
1478879
3706150
971770
7128505
2021571
1550616
6249231
8483583
6925902
9019690
2540087
2212849
2363275
1696890
6865061
778966
6047335
6356723
427073
7150097
4596319
5302728
6084937
2414485
7578516
6550752
9303515
8036679
4465285
1802182
8543529
1651452
1725060
8396102
6740617
6448619
9681217
5568940
4416339
9219693
5129490
7967820
6045854
7925479
3150926
4025960
6981601
8788011
6618413
790612
4539707
1588207
9051788
4249611
2527247
7854290
8881219
7838340
9045629
7300285
5579465
4336276
1398691
5569113
4979131
6115346
334555
8297834
230105
302965
127330
1853752
5933745
9320589
7891285
530390
4419446
9732099
9031645
5037982
6904843
8441034
2805838
9041343
581713
2415451
9623072
3775629
8089662
8754142
8630188
8139940
2205423
8021009
5808067
7302213
354073
5097643
7779163
9706690
5131144
6189802
5562503
6692233
8531891
5277885
3659146
4522050
2221633
698586
6757740
7998031
3514202
9464002
6952307
5938718
7990461
8998213
9817230
8941404
9569527
3757849
4701184
2542080
1871706
780943
4393811
5553247
5197972
8383904
6215529
6735504
8747679
2865176
8249189
2333353
4029615
265397
384708
3899338
8990642
7850856
4186770
7627382
6254385
5180162
6639448
3223839
4565704
4732050
3387648
2314284
6416878
3038880
2363389
4685429
2635885
2142820
6231708
8973107
9584407
9024974
5608606
3205210
4690078
9965808
7237241
6194863
7532316
3222047
8475646
630016
6119444
5694621
2824181
8678334
7802125
9383610
5223104
2050561
7508981
4103081
4531502
4544400
4557018
584233
3520604
7307096
410253
1130781
5879057
939831
3590645
2895729
938647
7728013
4890088
2200518
7666741
7138597
8901596
4970557
1394453
2780370
6130763
1465970
841523
3301929
2257131
5875621
38445
2544676
6682745
2067405
8389989
5435437
2713197
9654765
1152070
1969187
6626988
5943761
6895501
863173
952590
5670327
3221445
5214312
2457127
6698378
7834764
2373586
327769
8413488
2380466
4432708
6313891
9278961
6010260
8265243
4820951
7979207
7390654
5370498
2538436
5245439
3236411
9275052
8691107
4438262
9991895
9821934
1191889
1935921
6030644
8112800
618286
5853865
9876381
8484751
7064798
5413358
2543430
2422393
5173593
9717769
3102532
32396
8246936
6733520
2002390
2685017
6778002
2653672
318860
3731347
2734275
8971359
3827778
8739636
3441109
3510283
3844801
5473072
6282568
5605218
7631652
4622752
4649751
6689890
515121
8466336
536330
2058633
4777230
7393086
5101022
8230874
5615919
9989003
8534109
7178125
5213022
1977606
9357028
1407833
2219566
5375693
7597138
2877866
8761443
6335908
4591188
4435022
5380463
2612383
5413536
8474214
438172
5440280
4278986
5687598
1848820
574538
439444
9114859
5286647
1086312
2357105
329077
2327621
4136420
3560097
888036
1595979
2335236
5348698
1879614
8027698
5987142
8575813
5865815
6175997
6053174
1916987
3070763
7452930
6183192
9099857
4817480
3470097
7671477
782104
6555004
9912949
2066467
2224363
673119
9057074
5443947
9451122
4230557
8181924
3131000
4244413
3112007
8472714
4533855
1483698
5873063
69328
9736167
8431644
9240611
9655497
2811157
3292141
7600309
7021648
5085851
4416662
372172
7537021
5306341
3559501
243544
160953
6591271
968323
8407380
6353506
3731138
9462272
574406
620935
2644897
2927533
790459
6910254
9507510
6341841
5385288
5012005
5044527
2045057
8652146
5472936
3276074
3760630
4305126
7805358
7036331
5155166
7108069
1834907
4247413
8989906
2039455
3206804
549078
3708035
7625177
9351333
3233465
1020614
5541491
4074909
3133882
1547693
136694
674747
6133460
6932428
5254475
371375
7526731
1211232
3572773
9460124
8979883
4045640
8173592
1440094
7716791
8624511
4314617
9868511
6378714
1754592
7337578
6776965
6977731
8659292
6403822
5386584
33938
7657219
2110324
8327793
5772730
5663822
8323187
4237919
9562831
6652385
785885
414548
2776273
3465102
1112362
1086538
3738111
8528262
73779
7364013
6427417
9241056
4376939
7892179
2699506
4867096
5754200
2196939
2681323
5848798
7757341
6533273
6156547
9722187
3089293
8591078
3448521
6249294
1563281
7279030
39153
5636766
4844522
5183891
7957251
9796523
5478407
6579708
375070
6750856
1917441
6997747
595546
5959260
4723676
7822245
3860165
3824137
1590890
9910204
9217457
9667014
9321616
7572907
4250842
2498679
5586755
7916850
878524
3096412
7816384
8652067
4890880
9750890
6462745
9443894
6113128
2375128
5856710
7394984
901899
6364460
1307738
7653685
859964
1827075
702346
9154870
1002033
1514594
5693434
7862685
4522081
1385617
9713533
6988689
3017856
3335069
5901070
275775
2464855
1775020
1128609
1846891
8288383
2149989
9725796
3951439
49482
4511507
1699693
1700067
286385
5575398
9886606
5294583
695471
8654700
1221483
4461397
599967
1560165
420993
7211461
9188509
2967479
7447168
9757849
1395671
6310405
9437211
3990151
5288738
1917936
1878288
3992030
4815560
4624024
3296370
8520297
6020380
7881845
7863662
8000212
9276556
7919898
9128727
5212383
5990436
2732402
6579214
6380893
6789224
7629115
6303668
5041963
1441283
4212857
7384275
6336841
3818037
2726410
2362765
6878065
5630278
4846763
6261550
6540080
466811
1358821
7090172
9167197
1228645
5212149
5718916
3682697
5642253
2301450
6720076
3652459
3981740
3599527
1715050
4874550
861892
1519894
3567524
3257305
3125528
4914607
2922847
1563332
1137468
6326565
7216889
9251349
6752636
178681
162844
3811928
4290845
9675430
1138712
2776436
449100
3911086
5788829
1700695
8620385
3656808
5526804
3452772
460349
481511
6005463
8033146
4006874
9608629
6401697
1676019
3432168
7339024
236765
1287209
969890
9347984
7656573
5335483
7985473
590037
2405304
9652150
7628647
7236114
2074549
5501966
1611933
1961758
8287858
3669826
3280512
102715
7956867
5943291
4440463
1377670
4646500
5642301
9123239
5674489
8278916
8896616
7660987
6899918
7327127
2544977
1800586
1020158
238230
4116940
9029472
9174097
8871809
6457154
4730741
484299
5301463
5854339
271503
6494536
2276287
3699051
9511528
2772812
8014549
9712314
5841828
1652324
2196871
1955395
7168599
6375328
9601700
2042011
2932670
810901
1107933
5227922
241737
4362675
8230679
8149121
2286884
8914741
2868324
4591950
479361
7261254
1752162
6199952
4413419
3231708
8098919
254355
7237700
7056704
1298435
3410578
4361387
8537677
7876076
6446730
4900949
9933347
5527012
6892302
5532698
8353337
5566245
696860
5974215
3637404
6775203
148632
5870474
6451126
475829
1723754
8093963
9927311
732478
5510640
2087374
967821
3588844
7755309
7544554
9852678
5542070
6084423
9345203
7210132
2626075
3721579
5391014
1093128
7998066
9914254
6366106
8576878
1049684
9261270
5106340
8625891
6904874
7551976
6376967
6947396
8620482
8521340
9407795
8593873
1413840
6819235
258368
4163527
1357236
5548550
5850334
7357062
7419318
5446317
4267912
6062585
3218122
8192160
9273249
3872283
1704440
3562446
7368976
6460326
8052699
5749890
1608344
5445948
6739665
6695159
9883253
8864579
6944199
5449767
6532215
5305054
8233190
5831865
6104147
1686487
9612118
2659726
8835751
4831791
5431599
9884985
8667342
5308214
2217690
9480245
8124857
5724244
1702776
7127511
4211231
1936605
6545176
300569
8777531
8481448
5260052
6818984
7073989
6428123
787302
6530451
8296721
3327932
1761115
8166913
2759380
8358471
3727562
7787706
9915883
296087
3483729
144064
8136830
2218124
914123
56489
445779
9358969
9638157
6620551
4008477
7858470
9949384
4043628
5170114
7976912
6979397
9168850
46236
5602589
3704898
2096117
8460962
2596272
1028689
1509330
7235004
1633559
6310885
7011682
1876987
6711215
1929373
2354187
5174534
3019686
2029244
5305759
3655856
8333834
5457526
2749924
2412437
1490928
574707
9704551
1904215
4810292
7127492
2630690
6287786
1140996
3407805
4562188
8325617
5630460
7307832
6876878
4748464
5526397
2490957
4790551
6305554
9509200
2334875
7768094
9918445
7951043
2001907
6873453
4655296
2400511
6055776
98646
2068813
3083271
809170
1185829
1166351
4971980
543585
4808424
5976237
2304611
9339054
3257402
7805611
7363508
5669714
7814177
5379514
7656750
7170242
7788024
5798939
4128153
1775189
5215512
7967211
7610462
9876824
8821430
2794193
140212
9486254
9602740
6945933
4849169
2238577
2375133
6040092
8838714
7609862
5848815
9093291
1011036
4501208
1998141
6018070
7782245
5448100
235679
9255269
5135063
7267065
9957488
8479878
8460662
1736048
9320807
8010510
6878838
2866714
8211360
2299379
1725766
3483312
1133201
7926466
3802788
4635978
5312278
845719
3949894
9884242
3986611
3496016
4544610
2471077
6191598
3623025
4689759
3917597
6849904
4881586
3623759
5615815
5409920
6252651
134568
3715777
6145444
7850419
4963945
5227452
3283366
3355627
5947664
3400480
1560087
7408126
530282
2305592
9175271
2594852
8456654
1160912
7733964
1392697
5691643
198674
6393640
245234
2917231
8809456
6934802
291986
9619213
6573432
9924998
1700084
7753987
4281537
8698866
9581383
3858513
8139767
1507958
9721975
6722464
6554178
1722259
5324796
7526630
1707533
1461139
1722383
463038
6382149
135857
6565944
7919867
8999832
2082503
3182575
2946725
4764264
7076317
3449813
7015607
9702124
8682064
889787
1476807
9752174
9544828
4072704
8039266
6506395
367605
161978
7835200
7565227
1779350
4537912
7096308
5819533
3833425
1261814
2674263
2033986
883604
7676390
6260815
3107515
1049216
1497139
4799761
6070335
7188229
2132690
5836700
6630648
5758527
4005720
8546590
2471404
4569453
7920412
715976
4821827
9544750
2938995
3069841
1864508
997942
8057287
1509271
4185560
2326293
5270203
948719
9267297
6257545
7544707
8798065
7060724
8804041
6299157
860502
5441219
2637017
664374
3968709
7751846
4800837
1098961
1505641
8353685
4973730
187808
871562
3962552
9150589
1842800
9105971
7379175
7737532
3339887
4556547
6746105
5868091
8790082
2420863
4036904
9954376
5101436
7155500
1289581
7741189
9081474
3713408
5646720
4273311
7015268
4583532
8884973
2017377
432282
2514302
6339397
9367774
2232430
9898180
7232146
887131
3780250
7890510
7354954
3832587
6520988
9952537
555119
9512611
503641
4409746
8206886
3039940
5587604
5945579
3111619
5639746
3713144
2780698
7229337
776442
132707
9695332
1070737
5865992
7838292
5264282
4642610
6835630
1855351
9185489
8319511
2462947
8698223
5104724
7134461
3338070
1772920
4877251
427523
2490611
2425277
8080287
67894
1009518
7229229
7980190
9789591
1904153
1385078
9540733
8071592
2544810
2583814
2398725
7010337
3751165
4698174
752788
8358248
1625036
7822694
8783110
290643
1971673
6240112
521312
8753051
4859039
6512174
120366
9032281
9112837
4388204
861453
7960526
910685
623024
6271790
781919
8462515
6405609
7461238
8849326
9685728
8346437
9805680
9477470
8962418
9730232
3213274
2607870
900283
9561935
3210551
3894246
3532270
4216491
4450253
3383691
1831358
