10000
3931402
7710759
2762120
7689603
5708210
2380583
7961950
4592903
8170362
5581858
2775835
9810931
488112
2368456
6420448
2651822
1130716
6405745
3495778
5566573
6180320
7651050
350294
3646459
1896931
3219269
1928737
4745070
7651487
4111114
7062656
1002247
4399830
6952958
6855551
3691734
8824190
2383340
7438458
5894522
9304840
6526114
6693408
6958360
7812662
8535752
1993069
6070977
7700550
9932917
2684606
6990656
4809944
322125
640021
4938403
8568254
3256230
7056788
9630553
8600012
3210144
608240
1345669
6713999
5297215
6463627
9164239
5031722
3799140
9188901
6953634
4353413
8400162
3954207
3338272
482419
6522054
27184
4990825
2771166
3528217
8788705
9388894
5780440
7912462
5577949
3757606
783122
7300721
8250248
5993249
7332549
7820309
1597969
8847999
9446789
9983154
8594548
1072381
7805559
3023724
6863993
4175916
6624686
1857960
2194825
4888868
3362672
414631
7470542
4495687
936328
6255525
8988676
9955271
445748
2235339
6982325
4845819
1360936
4880900
8449551
1070448
1509046
7161474
2125980
4727833
9678151
906183
5362454
5523440
6473254
1276767
2107610
6054723
9769595
324275
7318827
8480663
7103511
7936146
3230409
2624153
9243078
1896995
9365150
4771411
9250089
2999034
6032114
8861001
1274674
969202
7461174
3507479
415094
1083874
5526580
9356435
9487905
8912767
5447982
3187616
4052534
1721710
3421328
9200196
3014598
4037522
7955492
702313
344421
7975696
3377978
3579854
2830497
4214067
8547837
1314182
6679056
218324
8758300
6689213
5644055
8756944
2485758
4612052
2192987
9181014
3757305
2941315
2514698
8300200
5016188
3132492
4082422
4529212
3394374
1611650
5403918
4786710
3961611
3964636
5271215
7739500
4905456
1205256
5904841
9236171
8565317
6356309
7051634
1646948
2440817
4597184
6200257
931191
1300298
1679505
2878040
2328044
4556152
7201405
376663
3259340
3240836
8599948
3113706
8891645
3641404
174044
2651671
175637
8860035
6114322
5290690
4225682
861710
2841815
6725246
2590773
7809939
5292070
8404422
2030740
2846693
6879539
2705329
1404645
1185468
8778878
7710831
7011536
9041106
4108780
9800175
3244445
7009865
9494525
5688646
2589477
9293823
6555537
4707383
1475821
981544
5853154
4701240
141010
3598946
7264026
7990188
8558174
5597336
7961597
1236879
7824936
6546880
2718206
6175441
7773969
4944184
7181156
949691
8952257
7659990
2655423
5194338
5302396
1874591
7659667
7443854
1684346
132125
3669
3841111
3773829
3144051
6169609
6874913
606377
710059
3335450
6299386
2405735
7319162
4042726
6351948
4847393
2324315
5046375
6645792
9002778
118642
6153205
2500079
6131744
3352081
3311707
7165073
8060878
6295713
8282671
7465469
8580862
7345475
6952489
7865381
4289122
7414897
2805940
1449587
9839854
9959831
4142590
5801292
8779390
5509595
7303303
6006973
9775780
1071105
357215
159250
8556669
1470151
9992484
9002472
8231494
9510393
7269299
4208614
5366184
2601920
7824840
6718634
3651828
471827
2214641
1108184
1736935
6508061
1598939
8663006
641032
9525616
1061406
8565345
7694414
707758
6628611
9634474
7915263
1672443
5931229
7949830
9856588
915510
2133707
1114015
1068896
6748644
1867854
123178
1637363
2627890
4745834
4895590
5697792
3405793
5969845
9723989
8631168
5625935
6177348
2672053
7748298
2580634
8105995
687761
3145062
7703985
6653143
8201528
5356681
9240728
8620453
315341
2372526
7882846
8610954
4213795
2593455
6918274
4180505
3691491
8763105
3458382
9602704
2898940
4275313
7497648
9192031
8995351
1025656
7380222
8330521
8710889
6413868
4807009
8085099
8919798
7225941
6410167
1382746
1129087
7458372
593507
2961962
9343186
111219
6960762
7806591
860190
5040070
3211290
4555610
5329672
9089290
2548965
1866869
9063214
5198283
9527116
7071720
9966005
5430223
4561135
9041976
4172689
4749898
1909751
8272260
2205502
3053092
1135921
144728
5438094
8399148
112540
7168773
9354239
1709491
3767107
269048
4424735
6966628
9314874
6740351
7862617
3833398
167238
9349591
1301339
1505159
9008480
2545817
1076823
9744876
8912720
2139695
5698015
790756
5869291
8676048
8200785
2585490
4380418
8472147
7308572
6566828
172347
8884738
1034617
3683823
9132859
1236514
710946
2030405
8771291
6697037
7869076
9005560
482605
5560030
800743
3407359
8257324
1560259
2954060
5565720
652742
5511642
1521437
6388703
1595145
2531720
9296268
6468419
6713809
2942495
1599815
122594
7422779
6772545
2344780
4336920
3199269
6510058
2538000
647513
1848212
2623171
9875519
9811054
4730548
3617841
988925
5968172
3603297
7824921
8118123
7192834
8095625
16993
2088555
5560934
842170
8485035
8635137
698397
7415262
9310833
8469038
1370760
5949878
2791544
9105889
5246259
4334402
5567331
1914152
3385620
9698882
8921939
3086712
8567778
5720136
222810
6501513
6447398
531842
2044771
1267409
107080
9741196
6689410
3106128
3032462
1871073
7808667
6597240
5106975
6954423
5972478
2607507
9428852
888370
2803866
5504481
7250783
2205221
3772961
944258
4750690
511557
8416087
3123265
2768923
536426
7440458
6829853
5374342
5239139
9144791
4227212
4720873
2374208
8267172
1460361
2302344
2095874
8859865
9916959
5060667
4062188
8694393
2625053
2703984
4906700
4330825
9636331
101230
6717925
4590592
5348135
9530127
3787429
8242630
9322020
3533336
2353975
1765878
861821
6320958
7884948
4464188
5482386
2574737
5100062
5366618
418053
3090070
9463906
8649645
1674126
8143485
7980665
7473493
1238801
3223538
3590752
4717123
7731332
8758403
3013024
7018645
8035862
6480203
9411606
7726279
812651
8699063
4236663
9973780
1978086
8689611
2736138
4823191
683662
9030756
3198100
2400126
1106427
9342842
4955638
8039102
2268499
8833470
2624953
5308208
2930322
9822261
9321571
9285755
1798288
5556675
9489820
132043
7069701
3260451
4631655
473832
7281642
5559499
6574014
414725
3741403
3880005
8257840
9279229
3103379
4079342
9929762
8694487
6153788
8041325
8353356
612053
1012696
4081343
4007698
1188380
8887554
4521107
1237046
3420244
4608464
6464911
297711
1312115
5064828
9008482
8335364
1525723
2008330
3064258
70516
5846773
7651315
3523473
1603401
6688350
6399595
4022613
3513485
7159326
3010086
7526505
2990573
901838
9807023
951897
1846579
899974
636085
5958106
7247028
7151315
7432175
4438390
5106828
4503971
3876384
6485608
144762
8867622
7886283
998801
3199223
9648514
4110432
7697538
451154
1518817
6622821
8910597
6101818
5164999
7107138
1270271
2595458
6877702
685066
6709217
7952027
7165989
4202224
6509028
4899501
9039766
1879355
6664948
3587343
6391135
6091076
3176169
207430
9808902
3821670
4193532
2508571
9764305
6503737
7857198
9931797
5165006
618943
9984663
2044483
8117300
7709112
2841060
9855066
391454
9839035
1772281
6895581
7888779
1657778
2877389
1966008
2247110
3524900
9279373
2819164
5868969
2468750
8912767
4139587
4851159
3167586
1039701
8882571
4326282
5756479
1381936
3985910
1018987
5812961
2481370
775648
646685
3966487
7097628
6176918
3766337
8496836
1897614
4456165
9116606
7607917
1786873
6135686
2708673
2760207
8865295
2266236
5374629
6582781
8847512
8081128
4104881
5759483
118210
1967201
5989928
1269899
7701698
5086268
9995978
2211774
8172682
6266329
8333449
8711442
2816417
8560979
4079093
6191355
7987790
1764333
3162387
7149958
274223
4374140
846737
5383287
1500372
1096534
8861267
4887703
7888400
1899908
9865694
4900096
4725234
9797148
3733388
8188687
8992410
4729433
5569128
7469830
3011743
5929283
9893354
9882000
9160902
5784885
7092046
8236199
104721
3697576
3233624
2496309
6292693
4833743
2469393
4754392
2783178
6804313
6366992
6380477
9288382
4433433
6116162
4885157
3178954
3456245
1439172
6637384
896711
5298662
3183677
7581509
4191868
5456893
3872953
5942281
6183947
4255550
8799777
7221718
787494
6121991
2249686
7402531
301923
5054320
282444
8491180
1952909
2611080
3195915
9634858
2326544
1236447
5939134
9548619
323128
7162079
6246464
4349626
4845788
1136921
9515829
5766745
9869783
4884886
3809314
1711809
1281220
1902959
1383544
7471268
4875481
6491497
6938401
4799179
8921590
6378195
5112242
544278
926825
6144808
8184850
7570076
4315005
315839
5988077
593030
6851978
4305701
1047951
2570064
4022031
2708839
4750755
1966958
6811406
1863492
5889485
2905911
720397
1945946
946247
5538620
9827884
1244682
6878815
432940
2131139
1359969
8692309
1869183
3525609
6043737
4089256
5876103
7227762
5475048
5117448
8785857
5323712
5680793
1833731
868833
298343
501845
4550462
6362512
9344524
225840
63343
679929
9307168
8246051
2787689
8226549
6493978
6209406
1068554
5819061
6171412
5927259
1915803
1447034
7196601
143621
7368803
1581255
5273826
1274192
1018703
4155561
7102519
9626632
3253950
2850407
1094307
434219
309311
4896667
7844294
341049
1553907
2125014
2072552
4402709
3343460
4748750
2639814
4092566
6014010
8406088
5652698
9215534
9526199
8812611
1081017
9676111
5331447
7084258
3729831
5654269
1762972
4633643
7785417
3799491
9747079
738732
4565497
8109511
4524256
4263057
5147973
3246574
4212328
4824893
1132025
6313749
1831149
9961088
7787201
8204344
7480999
2850866
9865450
6136066
3771856
1891540
4929158
2981470
7485776
7422663
7826863
9847552
7594647
3940419
554817
1941024
4049188
2229344
5001177
704265
1779223
5813120
6286783
9393548
4549035
6506303
713899
6807337
6700095
4501347
7192158
6139306
4651688
5826757
9718304
502024
6296184
1470653
2402679
3678257
2608788
3939412
4345898
7390119
1479886
1887365
2806667
4742882
7631068
5187842
233328
2304983
7764474
3086651
3581143
8544620
6874144
3923052
2245178
9181452
4643489
3256716
5632512
2202786
5328870
6398918
9369913
1159166
707774
5217808
4232519
5172582
4894576
2686270
1166989
2581366
6893648
4348278
758879
6240636
4690925
5183454
5245907
3030560
6809599
8525379
2058374
8819117
413837
270873
978791
3440248
3338824
2700813
2189962
7408377
7656179
6546689
5311878
3667184
4906572
4106156
4958480
2335147
7238362
8563104
9235346
4549405
8556148
7294594
181570
868886
4178631
1989465
9520490
6063864
7647227
9369126
9713761
2928877
8321355
7712161
7685358
6885252
2013812
3191593
6086241
6510498
6226595
7056069
6846925
2194595
7754358
2306484
7124420
2923479
5772973
7134424
3115550
282440
1954583
1708995
2664009
7429214
60470
5450036
1905719
3458539
6231987
4891899
5235821
479304
7099800
9177482
6346781
2731313
5395816
1867769
6133096
2537583
2158260
5126086
5422985
5205407
6715326
3612101
2513781
3878783
9495886
2729758
5300213
6286876
4826189
1436434
8707695
2120546
3984021
3560544
9876200
4471924
4527463
6183635
9800061
7195198
9448881
3326609
9290469
5266014
7201440
116489
7875845
5450806
8721824
7456442
3645663
8683454
5229797
2183697
4626089
6934720
4315059
3849045
5218545
2306796
2786009
285876
2874475
5999232
7651463
8428873
9437571
1693024
4938326
7913134
959495
6194382
1610121
3917685
1015315
4212068
8107620
1605611
4378654
1451966
1746353
808041
9147112
8104462
1537111
8331441
1123507
2147264
4651929
8259447
3341284
901684
9646504
8135836
6280939
4943212
3540399
7906506
7490661
8297103
1843565
284988
8858012
9292240
9878484
6550176
1654490
1268739
2782274
3946019
5989529
3775825
1309063
7388281
96478
2840970
8613443
4434531
4573706
665184
6912185
2562061
8584845
7298780
5772056
6901346
3967472
3739354
1535946
1924835
943544
3665624
4983369
6200079
2390769
1750750
4185972
4320247
6178375
9434888
5190340
3193760
1040175
3210175
7576186
7176211
1391170
4379336
5684521
7900821
1882011
236419
1822422
4318244
2294298
7893699
3169131
2209465
5557430
3592816
3755402
9574972
7896359
3938962
2780673
5615239
6728263
7129084
6606426
1424691
5406039
5664009
4239101
7804068
7078089
7823402
850034
7512634
4376773
1076958
9175182
3163326
5741856
801652
6583457
9278050
7252781
899907
5917066
1451953
9304443
1058110
7268132
9627077
4464647
9429646
7838361
5527815
9950970
477937
8442374
4316781
8343874
2605166
7539884
463841
8586553
2725111
2959577
9823307
406587
8442530
5220567
1994197
4990620
3473441
2992694
3970727
5653856
7881107
922042
4649868
1306859
6996051
7313416
2506108
4174368
5048571
3036083
9047481
730412
6326703
9781480
3386596
9097268
467751
3564392
6352104
6781395
568882
2729030
9000786
9196673
1629173
1257817
6461727
3485669
768539
3423783
3572980
9295241
9259960
5686752
7332872
9566219
7082550
3062534
9506766
3086231
7167233
2822813
5489909
8497552
8950723
5876465
6901212
1123014
9801324
8596651
6379076
9317459
835137
429497
5509283
236949
5991272
6278760
9049564
1588898
4131001
2559244
8303206
5043097
2443523
5761547
9588153
6515795
5004498
9368332
868592
8917107
2769639
7591876
2460902
1865707
2091907
8581001
3520525
8643425
3891030
9499527
3909692
8967346
2594210
8789904
7768975
2572876
2209252
117550
5639226
645591
3843385
6174894
3883694
9774208
7629818
8937925
1052873
1844382
9862974
4215101
6842475
6192568
7657738
7654979
969995
2343235
1722247
4764477
6073720
4737214
6450472
5421648
6907880
4200541
9406757
1692051
5687751
6016478
3480937
3281277
8631321
564627
3736515
5446724
5795346
9723912
3355555
559349
130673
8707626
6559835
4938087
7930430
1583280
495094
5868746
3062406
7171146
2906291
5424721
418082
8291603
9143207
6221962
1937688
7563557
4849024
806
3404842
3971063
564071
4304655
446325
9907267
9089787
4775416
8169259
2126765
778233
5173063
5941832
7518844
1472031
3657283
9340559
730416
1796700
748848
1084060
7096414
2996285
4867126
7860185
5717855
6032581
1810498
9042297
6859589
6370681
515261
4758518
8559512
5605785
2659648
5843999
2977716
467806
6387926
6456992
3491824
4976448
4348704
3784263
6178002
2878664
4300850
7880058
3827209
6613454
7563865
4662903
6691097
191398
2984062
4471337
9555844
3840365
5242302
4656628
5311113
2955833
9181
787637
1713160
5892242
5273905
2385016
3517478
576604
7443219
6031642
8183048
426592
9823617
129687
9016081
8484789
8021500
9958860
6399831
222656
3210208
8775567
699312
1249178
7740857
711165
8347511
3625804
8652286
9690965
7601030
8238693
5982377
8715550
1322314
9139116
4202095
771929
2344361
5047110
4166623
3410558
4947858
5461449
8787515
8253905
5469074
1033725
4384417
2397164
3779018
7401195
5063153
7041531
4079145
4038420
2609518
8954021
249839
829927
332448
3812855
6611148
5374259
8633928
6482062
7426442
9912226
5124758
5136549
7779909
3770401
3019983
2513074
1587638
7504232
7109381
3236687
3765850
5866483
7346282
257378
542926
4730876
1014858
1046452
1717281
2288448
5870511
4450512
1851042
9894858
7329552
9470518
5378211
4493592
3273120
2345684
3283458
6779878
7350454
466333
9214511
8661431
439423
2626841
5289051
4239029
6927460
1304239
9696697
2316981
242002
1625208
5818839
8727903
7242493
3337231
7681632
9568463
2404950
8811710
1147934
7664295
3087467
3531079
7884079
5943652
8384591
6467586
2209931
8351339
9603430
2187406
4877635
4509567
4851833
8745423
7150593
9338419
5242790
9120757
6576276
6893997
3635247
6198751
1818953
3068473
473773
2706684
3219967
8014355
3115811
8522349
7877686
1413628
4832086
5277906
9691732
1465039
7214490
3917407
1781068
1625243
8003302
8969606
3626153
1080265
7509928
5577037
6004523
1528736
3595023
3689903
7140791
1820243
3605928
1758049
8214580
158520
8573485
4889781
2289022
817160
9211892
6631663
697058
8622628
9654645
7945456
9108612
2302279
2526257
1340466
9981690
7453981
4370628
2789400
34706
152040
9782126
759046
9267843
9102958
8336806
7005173
3871250
1162396
193187
235571
2319278
5147429
2916718
3232201
9180840
7056356
49118
6407745
2852144
8274746
9926935
9234119
2986139
3565921
8342663
4027083
7490243
3019169
2286976
6948097
2696523
9660152
6825578
3376662
6132263
7391088
6222897
3385224
7058473
4705133
9463984
218892
9280328
438751
3111528
8452559
9759211
1150728
1012945
1978343
8908254
4971515
2074692
7889336
6211597
3243260
2079374
1969537
586110
3205957
3416487
3052695
2219595
1678255
4674866
3135480
1440121
2117277
4858356
9051695
8993883
596770
5736297
8819028
3845884
3841807
6125645
4423488
1600162
9857292
2408056
8392537
3688778
2674936
5294242
5683255
9211841
8106119
1374385
8174923
8516469
1672397
2804778
6449953
3342827
9738721
7895423
9862629
2598985
4268540
951302
9262432
7969780
3751828
2139597
264525
804021
4899812
6762928
8285267
4568975
9992795
5210401
6335549
8519300
5445778
2616815
5356943
3106972
8655580
4017753
554863
6333072
4189934
6617380
1700080
7491814
8851931
8911964
1633610
5986
144526
3606563
2464938
5158162
5698839
4977112
1965536
28376
8916132
1351782
5951708
9183143
8042293
2425770
7134785
6352558
7642128
4049608
1811532
965705
8534977
1855113
548818
9679882
6467626
8438126
894081
6030214
5412237
9428057
4228086
743176
7404962
1554292
7098310
7901770
9910288
2674290
7866622
5779696
3906865
7462527
928767
9209932
1040821
4432292
252625
7542426
712945
2866953
5797913
1398050
2613491
7577564
5335771
8851834
1003405
3844482
135624
4497258
4200720
687619
7701666
120818
7817615
1861013
2284845
6888356
8160931
6300030
711236
8511566
8634874
7634908
9543009
9643191
7437804
7771394
1009678
2342824
7410839
7833467
251382
9714918
9373597
8312891
4930062
1839158
2876869
9543201
4714634
2201298
7889324
5928809
6559234
923560
387833
6802012
7817253
2982342
1960400
1486713
7353703
4130897
5920925
9146880
57219
7706973
6362744
3752155
3722982
238219
633253
1286902
5084225
269532
6708650
3445842
1203941
6783545
3338631
6004977
867493
4569959
1101880
9380619
7861621
9603232
4851200
8847095
3305725
2664189
4407839
4932470
3535485
5910384
3183947
4985141
6820224
1957996
2795426
7239724
5971130
2477751
1324605
9330161
6136446
9643475
8647590
6223301
1722999
998769
9737342
5068458
7327223
3036403
3612103
6932424
2670116
3804889
5425403
3851555
5806612
89261
3683319
7034672
1303086
4607972
111904
6850688
5595825
5863296
7196091
3008966
160076
7558667
5886646
4472145
2458929
5033159
7183921
7181621
669677
4060710
2954708
7804310
5603742
2844697
4624089
7366193
6774722
8140804
5316608
8552251
5413317
8246112
9200087
1084725
3348791
9487672
4553360
2278750
4539228
7520708
9297107
6253412
8405278
6153753
4828796
353448
1789549
901737
1636740
9286278
2964533
3743846
9226471
7613221
5051940
5172092
1911213
2164735
1103082
9507293
1635914
9809658
9728075
6309588
7927194
7482085
5257217
5684991
522056
4837999
8994223
7520836
2277194
1596830
6450083
3708653
8464689
5454781
761542
1472391
8714193
5502090
4935290
234389
6757567
3458967
163667
1776357
7731272
2538502
6895717
4144765
1114170
3852759
7839906
2897812
6130798
5625802
4301528
8942253
4727472
7803144
2955862
1855023
5111707
2804161
4489582
3363822
2520363
8784328
3683677
8089050
2668416
398426
1753963
608409
1279995
5640191
5810745
2897808
9081958
6685642
4350831
1200445
3805378
1968412
3257694
5889563
6088605
3651088
2397707
9858219
6189766
4441908
9778049
1136782
1779847
6161230
391509
1695111
2146387
3458382
5722514
8605343
6084070
8320408
924014
8807896
7610177
8193345
3486195
1120109
3360593
7874244
5296711
3069764
1057701
2630163
7629444
6500738
2986028
2786348
4389792
5671220
2924997
8222570
6674418
6070951
2492926
6373080
317901
5519454
9999755
8369361
8419812
2887550
1274404
2771857
9231967
1039652
3578396
5942730
3047644
4290914
5159738
58045
710582
194517
7864246
9206827
5134109
3332108
9805688
295065
9133858
2049966
6216487
2888064
7781224
4190089
1161861
157078
9245651
1968345
3521220
3806587
6828232
2535193
1679965
1457796
9006644
7605929
5211937
6548341
262621
3798932
3976484
4329541
6979592
7030753
9422327
8392858
6055633
900862
9788369
2330371
3779139
9113657
7213662
9763174
1028826
9536508
9145671
9825595
70263
1974404
7571600
4424940
209834
7520370
6960561
9841059
297095
434962
4313347
6811842
4900909
2674669
3453438
6123053
1216436
4640142
5097088
6301434
1566053
9005488
3499916
7432048
2903581
1095716
9013669
6324363
8411250
2290796
5489417
3806197
5074283
4482882
4491483
9006992
4826959
2323075
1198734
1415507
4838381
8796049
8146036
7679587
7787448
8852546
3686102
4981373
7231348
1900648
5489958
2323213
5841213
6482011
5008317
4483954
4232003
1979920
562567
4042427
6775200
4836622
4149873
9820179
7252425
5283053
6343146
8649975
1809748
9100135
8918944
2748559
3577384
496901
5472769
9977895
5723976
5465680
1284592
105325
2728897
1090865
5317891
8944050
1491179
9709253
8373775
6243153
5559107
189031
3332549
7543916
8471885
8612225
1518153
9410814
1123581
6686739
1298426
2135133
2457740
6003320
3330602
8740688
105831
482370
6126932
2412762
7538367
9089457
2264197
187477
4867340
2929530
4403635
4003729
2219357
5635231
5487758
1541131
737202
782366
758007
2088272
3592892
9518320
7952521
6982077
2054907
5149388
3198619
1625053
1952200
1812735
2878057
6419231
3679472
4506929
4069404
7025955
737415
822798
1176308
5724070
671612
2036986
7002770
7093741
1281225
9842200
3556263
8139088
3354494
6773998
4784533
8155905
8011664
7068294
2636627
1254088
608764
1013769
5562983
3815762
6924333
5381507
7654061
5295605
3557083
6111055
5098620
7713056
9165889
6291220
5687569
2182351
8944228
3773469
1058538
4073183
9489540
2430385
6326606
6324987
1538139
7728113
7053966
269271
558482
7608953
6784530
3679989
7982076
1434165
4030039
5465677
2048613
9396730
4175795
9135576
6426069
6738831
4473864
3184969
3033145
3709318
8085698
5970566
630039
2360379
2285251
2658079
7354956
7276630
3516013
6456843
2382707
6244746
7996362
1493008
7065209
7767256
7059614
240230
8769837
9391516
9810645
7013
4225746
3512543
8468726
8764854
1607153
7647423
7380130
1220690
4032600
1464819
6521966
7510334
3869767
8047905
2991990
4550504
6768116
416873
7335212
2257581
6015155
4196807
6426160
3777882
3806079
2776455
5487911
1957701
9874214
6303498
6397085
4151280
6523116
9592158
7329277
3654634
1999540
6377112
6495917
522931
6023777
6927589
3603723
9095472
9475472
2490826
687547
9834466
381095
425087
7170961
5882575
7122712
4907261
465755
9784744
9775849
6234482
9074013
5937131
9204692
3836686
243003
4431057
7246463
2049211
7807824
3836365
5851491
6235473
7867503
148805
6640367
9571721
1995254
6163779
4881464
5622880
9407934
911851
7190758
3082960
4732705
9147988
3005975
1268937
2891101
843814
9589881
2459948
2580916
9504998
1184499
4824520
3426870
6678572
9338651
7715846
5594667
5486075
4918669
8857915
2344062
2327690
3324793
9528758
7581690
9198209
9806010
2385272
5395514
7528712
8889978
1018938
3138934
7068525
2977110
8307939
6788824
8560438
8268701
6120785
2577794
136349
144814
6825445
6262411
1021019
1706942
9694200
8532248
2118583
2598486
2364570
6057613
9472177
6860302
1024279
5701690
4090386
2081723
5372790
1889540
2334103
2692345
6529464
2422399
2717770
9416360
6955670
1931435
420650
2388963
789543
7767877
6034580
7197698
4589309
2263081
7258342
8176443
952178
7322114
7697072
5240438
1976829
7662066
7031962
579333
2297644
1808940
9293664
682703
5430109
4764045
5562242
3891025
8176858
2938051
9484113
5980340
1202611
4109621
4133149
9813602
810958
9132142
7538631
8000651
681503
5546922
4125897
8932350
3745396
5610733
5336450
3297313
7451022
3158576
9698128
2700381
935160
3605245
8099609
1067412
2402097
4432736
3145506
8665940
1429160
5623809
1900130
8796699
137814
6537087
212184
8410201
2542346
4860544
2242864
5858863
787990
8974423
6372315
4216060
7731216
1951106
2029212
6338595
8762654
9757802
3980978
7289506
4635839
212042
8802822
5274480
8593149
4388717
5545643
2610738
4249748
5296020
9204378
9094789
5945696
778516
3621605
1999454
3092197
3393689
6609547
9979430
8824185
9671897
5497959
9477065
2332402
4994720
1772286
8061201
8026605
9098819
9385227
7896481
7814392
6456687
3345006
1500158
7445761
2782313
2134223
7987479
9033446
6776
807653
902469
5329316
7481427
3479617
8908216
4666987
5395899
2818536
4357509
743835
1321935
9406272
1911733
8300318
831419
4486637
9095287
4006240
5028878
3936905
1048103
7590735
5287711
7114243
6614995
7976003
1344072
6724131
8055298
8503498
4394284
3907140
331641
8720105
2995766
1725085
6270053
6223872
5166249
619927
3547862
5370965
1794653
6950840
7831090
7044402
4228057
6842701
8932994
4850696
7840404
4432313
1441481
526095
4936969
6961264
4586157
4424935
7802935
733971
3894190
4697979
5134725
5381685
516059
3143792
8858861
5722618
1783191
4448081
5109858
9553692
2988092
7091970
3427774
5021206
6638225
5455989
7650827
5203041
1430596
2451597
170245
8416049
4214175
6968163
5562962
9007807
7895693
4122221
274290
7608737
528793
8294047
328826
5842821
9460119
8683142
7264159
7416398
9623111
1206646
7041073
5265375
7454027
6032048
6988919
8039686
2792708
8110550
6050165
410615
1852560
1684685
9176421
1259024
6101766
9877326
6137840
1381343
5345719
4833866
7096015
8593060
3802310
2923773
6005415
5413445
9279299
6655605
5694399
7363555
793045
4372774
4828919
5915042
9850431
3459034
7206058
4889711
2432952
4492082
5655755
8810472
1164912
8083942
9597125
885755
6282070
2591821
8229189
8426294
7979049
1483272
5684421
26588
1081886
9462578
2532320
8971677
3485729
5032128
9446955
1290018
81750
8889691
7211081
5065211
4536469
5249124
3755482
5382097
3526890
1785290
8667562
9242771
5484795
4561336
9918948
1234666
4029693
9028060
5949461
8144470
1069317
6862160
6300531
8393690
1524991
3093909
7820878
9182249
3317978
1356081
2646241
3138298
392203
6859615
5927993
3835613
5354585
6591255
7420944
7598091
2374707
2869464
5906726
1950820
3931505
7590546
311295
3609763
6624988
364768
7319020
1826803
621134
2344679
4267633
5344185
6653461
9852003
6681699
3140775
1695248
8959376
2135460
6213736
3245723
2574546
4449405
1937053
8631903
7149965
1045963
89826
77324
2368592
5512309
3003808
485266
7555134
5611580
2867413
7970501
9486398
6424188
5436503
6476510
7010912
6324258
8770349
400852
9291008
9441697
1182228
8342683
4399841
8617590
9731439
5374360
2326624
7335707
6707301
1971173
7203457
7557010
5646475
371576
923496
4854911
8064173
9094236
9729696
8534453
5885004
807738
8084864
4176792
3010565
9838021
5671051
6392139
8922916
9772865
1078461
7553665
9574671
1577738
4395139
7200758
8752670
2006920
1019491
4817512
211355
8296376
3582801
1079517
524482
5874091
3471788
3357052
7129116
5044995
9388165
1381880
1405672
379544
3556939
1123377
5626577
1308861
9254855
7419791
9979746
6915329
2329747
1950961
1953146
9158329
3221829
6714585
7204647
521309
2598656
6333153
9941312
7057584
8666747
9311660
4292041
1761403
8216917
9402355
6142823
5646452
6144361
4585468
4897595
5668806
2007626
3394410
579928
1176460
6543299
7133532
266418
3632472
5092367
8568959
7351936
3842532
9446707
6875695
8205225
5032954
6445903
6713898
6989695
9975261
437414
6562018
8669736
290268
7848715
8109279
6547013
9697910
1338873
1810203
6927669
4790741
1194209
2236052
4240088
9905424
2387207
3170630
6733140
6149570
3001804
2330165
342299
1730092
4129608
5889961
1711898
9343071
8638054
8374344
2963944
4041853
8456031
2662790
9179537
6796386
5961503
5997055
2325445
8581005
1681459
5549389
8948835
1984608
3198887
5214041
1833723
8669259
2441865
3498301
6422028
2166212
5424603
808509
6155987
3433381
1380317
7178617
2264803
2808583
4784458
5735517
6500016
7763002
3266163
8177926
402151
5829367
979786
8489241
2356609
4057568
9419062
4833984
9106353
2882358
8657429
7176070
3003406
9415302
283069
8526436
7857121
5311748
5410807
4218009
938662
9031411
1401210
8097900
9490521
4393874
4148285
7440791
8253085
7447840
3559985
7999686
8139854
688923
9142646
2373911
4049948
9691068
3815606
2195881
66094
3350296
4045012
5459672
3850053
6479788
5090958
7498735
7196524
503473
4490027
3815085
16564
6862354
8240562
1918674
5343058
4151985
4502563
5198816
5517217
5512710
5078391
5415487
6950716
3820250
5017738
1048102
8341547
9569337
2386796
8859952
6993938
5456247
3679623
9252133
2407761
6871146
2643604
2790966
8454344
3003666
4664779
7549673
1641828
2684104
8030179
5612521
9160804
9829241
522134
9316627
4429632
1161010
4353973
2575865
7223793
7096514
6820156
2564305
2061282
178719
4239207
4952103
5780794
2710954
6837676
4730111
8665319
5665882
7702687
4863691
176707
9718309
3420544
4491507
6570466
4659639
8146523
1394066
4557719
5192079
8442121
4885433
2551890
1149091
7481967
5156358
4652254
9036704
5886749
7357010
6874253
5130405
1337234
2555753
7450614
968514
9549912
1317464
6461683
1606115
3711202
9756716
2020615
4755383
6191645
8932250
6229960
1463475
195487
1169092
3255566
9859163
2534497
1622862
1442282
9516900
4001362
5344976
8840572
9706202
5274332
3829375
5126455
1931279
7952844
1535640
8291437
3147247
7114350
3108233
3697871
7095618
6703142
6205301
6152017
269714
5753683
6355968
472180
6896651
9487024
4380957
3096302
6247143
3483940
9401473
9839717
3462775
8927562
2584084
9058818
4876273
4173952
1702522
4080974
5078620
2487363
8047361
921854
5827699
2016349
6969880
9651842
585684
3971888
6677786
2094616
2124286
9756783
4154628
748056
6162932
9283067
9733477
548410
780067
8699397
4773682
4981409
7068991
1793283
3452823
9595358
3114972
7273058
6550864
8767869
2775909
249493
3393486
4135715
991254
6703347
3483337
5503787
3345850
6145930
6623557
7111724
6427932
5036113
6621850
6341431
811856
4569062
6061437
6536343
8465834
4999055
2715810
3796175
7329023
3821495
4239129
2486117
2509024
4157417
4150359
3777435
4194775
1751226
9657789
7667769
878290
7506205
7108266
5257792
143589
9678553
5423751
9078875
8043110
4927261
1498811
1185146
3177710
3927966
2220935
5656509
1957426
2519501
2759289
1045481
1287203
7598540
4700901
274500
782713
1006694
7345476
7113156
4105655
9878397
9297742
6891164
27521
8840581
2486646
5948696
4270166
1489330
7475212
5433483
5027288
1953587
4932141
8498395
7988513
9365216
6986559
2608620
5772335
286489
4364347
7005467
8266940
2451896
4520251
7073507
5668705
4805799
5525971
6820208
3961087
7078080
6588816
2499078
955489
8190942
1432849
9302554
9890947
4931201
9526356
5034019
1962399
8334312
9717716
6142837
9606057
1302220
29856
2356524
361433
9837371
3145319
939394
4348438
2141133
4295177
7464409
3499623
4236551
7559737
6986101
5375217
7115689
4993658
9529503
8605215
1959087
8324091
7380233
7221997
6303602
1879894
423682
6289801
5485029
2582752
1027484
2213436
4423246
999054
8204518
9653619
7721108
2821050
188262
6394627
7943707
6158546
6799188
2310167
9052825
8196004
9586733
304711
9851561
7400260
1576395
619752
5817697
756292
5555377
5016876
2417615
8243337
690830
1737894
191274
8332674
9309108
3943433
5529565
775173
3086129
9993612
6050081
9266283
4560990
1045451
5574716
7699016
8018650
7602234
6897421
6084370
5014680
788611
2117206
5748937
2007592
6614420
6184193
942949
6336441
3668444
7248775
1406473
1226545
9968466
7843694
815191
1301835
9297658
7304544
8595034
8869112
6669086
1043712
3238578
2937013
3838741
50927
8310848
6392379
4600518
9469279
2485193
3396893
6310906
4887263
9687657
9548712
3019438
6772924
4775563
24156
6965642
3821823
8538499
4468676
8607433
9011004
64476
9118229
9279090
9287634
8075287
8469960
7117355
542157
7148085
5688224
8965751
4251696
169907
9177202
1716401
9448147
4541327
7662845
8135670
3390851
1058406
7928602
7357727
1628165
6822124
3061160
4857480
51115
5373389
7124721
4818957
3472114
1001598
3544200
1128117
4785051
7907148
8943192
2603103
9235624
9701152
269870
5349877
1071546
849009
4652590
4601185
2680044
9167599
4622993
3699679
299205
3008649
600112
5508661
1959640
7005969
3620260
9325130
388965
1293122
6619829
8825800
2853573
7215259
9734178
6538310
832541
9037790
3775243
3433927
2200208
9735369
6307387
4687243
2439303
4916588
7377407
2018287
1739223
7787548
1858941
3712559
5251563
760531
7535164
2701156
6922352
3232928
5092226
3829119
6991098
6204301
874384
5054195
3004075
1496783
8742139
4804458
1997995
1198730
8738694
1573028
8560602
4533415
1189142
9277231
1976496
1124418
6731774
1927851
6843247
2881986
9252382
7904039
6736528
4912059
3149681
5008060
6749527
8398212
5389902
194563
9957536
6055981
6466944
4804835
1387432
5853708
1129576
6997052
6972661
9748477
3940104
204982
4522476
5762427
8942563
7492304
2520918
4052113
8205631
6518552
830539
4200915
7945559
9215693
9130764
2117016
6091974
410620
6667964
192124
5218087
7213176
5741135
6707671
579430
5849966
752113
9536617
9315072
5339823
3461440
1665408
6685400
8449668
7126826
8900855
7624918
5247890
9495297
9484136
3091800
391588
246696
6508584
2293994
6167359
1713546
6901259
274104
1087456
2503731
5430453
6096662
6472493
7360656
8162445
8171538
5099552
4780934
4226849
2136570
9351671
5845881
1345388
4286663
7743908
2732824
5979414
7215855
3355247
8866774
2359530
5707693
7308134
5513424
2211516
6614205
9167722
7191839
1316334
6792033
2377161
7488181
4501899
8879920
4402440
7222357
3690175
2140824
4653458
9322327
7491019
207554
8805517
3516921
3862125
7167540
611441
2342138
1907416
8089124
1479046
8539164
517725
4997961
8238756
4666305
1821312
3998607
3131352
9067656
518280
7708939
1757777
9710221
7438628
5453774
3402871
1015277
8342131
9239627
4385949
5585955
6875980
9427516
5097980
361767
9722436
6594289
3480031
1608612
221807
7230807
5948767
5763977
6494214
7612591
3834065
2762493
2921019
9427689
4410530
7695154
9777996
3336954
1803975
5775019
2235577
8783208
8274928
4943504
7415190
7341688
1942456
6411915
5444422
9254782
5628992
1056835
1136976
8311348
643740
6879944
7833801
4651818
5692701
7526754
2595136
7182087
5376144
3763053
9894174
3038499
409467
7238833
4981383
1271610
9219926
1760690
4639479
609997
6312920
9703397
2863668
9535023
5285854
5247034
2205597
1343683
6114922
7019451
7033092
510844
901274
7883659
2455208
3321945
2613321
166040
8064649
2386396
3647064
4753864
3352760
6585075
1977919
4845337
9081214
2167091
6368725
628347
5754222
2827612
3774781
2000837
615133
2150300
6769326
533654
1193828
1797331
8997837
5788955
5561431
5113293
5776768
3696175
3762993
8720348
6695318
5546459
9173998
1127210
2621084
5859742
3758448
2937805
1707765
6714731
1637010
9946448
993932
7225952
4928417
3879737
6481636
4692321
598873
3754389
6696442
5121682
7952611
1884664
4076563
7725893
2694463
6848911
2837929
5668485
2574917
3554634
3315147
6035558
6941900
4537436
2727994
515142
6118348
5987777
1426101
8668768
1352602
346828
8843601
7578295
4511194
3159151
4795074
6845161
9543212
1328367
3729799
6447261
8004000
6023
1027613
6416726
7825833
187874
8734834
4241198
4778606
184846
2901692
9539439
8928144
4847319
7407050
8556991
1135418
5868625
5875187
6643686
4788773
5541722
4806626
7109726
7576681
8759465
873384
7702937
6157008
2412087
8252094
7587442
5309962
9211010
2856409
4801171
4299411
512510
7715358
9360882
2232320
9858949
2023408
64045
3046093
719343
449869
4142969
7019854
5114224
7876957
2278029
1421143
2213333
4137550
8462060
1019009
9807216
502927
9773007
7179885
1973733
8492753
8218404
5470941
3565319
8325890
4061257
1127620
6669282
2893730
3677648
4382979
4371407
1116252
6411888
7385057
4948826
6322698
1020470
1031151
3701812
374544
614577
6162841
6325071
2615802
5972458
3707775
9909274
9718847
2017872
627853
3414379
6819010
8207864
3653304
4777591
5067715
6186673
5788716
3967313
733767
5711742
9218246
2021918
5439440
1197138
5727815
4709169
2292844
7154639
194
6058835
4465343
3288297
4724986
7518601
3595409
6105639
8628125
5504624
3485842
5652548
8586498
4232232
8875125
6412463
6100402
6542087
3136704
9824985
4701176
1600014
4621793
3371982
4184037
7967641
3079956
1908440
3928410
5739945
567913
1083780
5905163
1609260
9794841
1984719
700731
509698
711771
7714104
9694093
2513020
7470988
4597933
2073879
3446528
5735778
7569975
519019
730105
3632060
3703853
4355637
6543297
3372399
718389
9722602
8154002
4156829
7521468
4191136
1896723
75472
9627759
8513777
6176225
6169624
733721
8454452
5293617
8490635
8687981
3767692
5967959
5246062
4031772
8225267
3026517
6343229
1107504
3626556
8380313
5507372
2567323
8576790
8997934
2441843
4660696
5114754
4264435
2910918
8561290
9532132
6038151
1189361
9943215
8373819
821474
7611475
5756305
5070634
1509162
2251950
1449483
3489314
5028196
7199351
7350878
9951374
3663233
3232153
650398
5275048
7764835
846798
9480663
9074492
9122791
1919815
8046519
489869
1094493
541684
5341907
1457281
6083503
3475334
8725124
9980696
2198484
8334095
9228726
348629
3271358
7905895
8194283
4154841
1654600
136754
3110090
5101423
1756917
503433
1987860
5765493
5378473
1108890
6810025
3797888
4853203
9730459
5789637
5374535
232816
1375860
5753280
5230914
641688
7269390
6559407
3668304
5607201
9300230
3322160
7024145
6399255
8977402
8755210
8469990
9443954
1365493
381613
7464753
2264314
3533972
7484219
8594154
2137605
4522394
4169398
2277639
5228487
8406053
7651553
1156431
683367
7351660
9684368
6947618
6047878
2517189
6604928
5283231
7975867
4061891
3304468
9315040
9745813
6990814
1047497
5918757
8422662
3807182
1872957
2791260
4104943
8613643
8992872
5717632
9958923
2962045
5267507
2204040
4320833
6041042
3103287
1736765
4100484
9498418
6183941
3001586
608462
469009
6126773
680505
3403652
2304741
8658834
9949143
2551828
8328222
6013058
8593718
6319975
3779169
1760680
8010699
7225651
7915773
7900771
6645758
5837129
9425895
6906242
3455076
9663411
8073525
2246386
1243624
5669950
5402419
3661698
3446311
2150722
8414082
277830
9437604
1533256
5598900
4352920
2711430
4309850
3179005
9428461
4860819
2846931
9153877
9650992
194456
8628398
6946823
8934888
4339733
7518248
758875
9633749
8064597
7402496
6043671
9105423
5229381
6181500
3311239
8852641
3592133
8865172
4074673
7463781
4410603
7838711
6499401
2805892
9551577
5641320
4487175
4673063
8983621
4451407
9145487
5967011
9221674
295102
1373837
5324688
578642
3623941
5271635
4748452
9956074
9629242
6160830
6628955
7418026
1178401
3285273
742679
6139255
2774859
5821632
4439967
1057468
8046999
3158426
870413
9988028
1443153
6795392
6284721
9652601
3445342
8877541
9855387
1624438
1964345
7932945
1790080
9422254
4964428
7719093
4982374
7139632
3068057
6983419
1098478
8783670
7107953
3543273
2147874
4254902
1127786
1594455
3685017
864497
7065208
4099038
8002282
167562
8419830
3431279
4847304
546253
9599133
2642015
983791
7336796
5828895
7865841
4029819
7263446
7452284
5784777
5516992
1481419
5529707
4981837
2313393
4107833
9216280
2352869
4976029
2236847
2296618
1450593
6442889
3684747
278992
654066
5542452
6034895
96370
3086433
7992276
7342200
6605820
5751197
6663428
8503053
5391230
8648151
8167448
2447564
8314699
3168315
9127069
9009000
3106116
8097617
5271134
2343830
9366326
9925934
96933
2356560
9193940
2218010
5562547
1953697
551099
9093222
2071776
2470243
801733
4383285
4188282
8271438
4345447
2943752
5609686
4978397
8446131
1061864
6943901
80973
5800097
6542338
9236454
6744171
6112313
8096424
9894110
6240454
8328779
8162933
7403139
9273196
7955600
4907045
8634242
8019204
6826344
5131863
4202209
6051842
473893
9631484
4293736
6405857
1176888
3446158
5643024
5182173
9224403
8755014
1483978
1777213
1034454
1047334
9290461
3711024
9575417
9289946
7027499
7007827
8262198
5873125
317940
1991665
7878256
7407633
8602075
2832268
3084275
1254576
3623438
132423
2267593
7884275
6735303
3663369
3151782
6290176
5805229
1920910
5131447
4068861
8705441
8408304
5248227
4247093
472648
2206376
1219289
5016248
992869
8753044
6211544
6038571
7759958
3697408
7269350
6545111
3044061
4914739
9755005
4473692
5847330
2717229
8363910
1490445
9314060
4707826
6985000
9950218
6783823
448962
5688625
2473852
9194453
9420810
8102340
210929
1690224
8489048
3666828
1116627
5248300
9718004
2672332
1303773
7223941
8223519
5036215
8561712
577146
6206576
2596604
6756710
3389475
399928
5752939
7349135
4299311
9220646
6173972
6474559
1055605
8393183
2971456
3829232
5494335
2585342
1921816
3549661
1393032
6634514
2690782
2132810
5792315
134519
6952086
2275597
1401826
5675563
8829692
5257490
4487951
4229864
7816312
1664789
91951
409270
4066747
660318
4139441
6775923
8436373
1757575
4592489
7310800
513756
222882
283733
400157
1033448
768758
3915847
7984374
501936
3956422
1005867
1018272
4845579
5631538
954198
7642730
5150313
5458592
1503520
4616779
5590129
3455402
3904376
8432339
962131
3915369
2302319
6200407
8863837
4476956
2572791
5019024
2737306
7536439
8388481
4498442
5500075
6802182
4969056
9245488
795999
9644332
9745031
7223192
9306874
7993381
4425039
4891173
5888164
5105024
472546
7367975
9472023
4824119
4485091
2210322
5685747
5067806
1225538
6848186
2978357
2346670
5444611
1089108
2916025
5580218
9103980
1810726
2777372
6391864
8578335
7081726
6832300
6745588
6186924
2470246
9368340
7095099
6535777
1835475
5788787
7986979
7692406
4977918
5916758
1088732
5820228
1468339
4131521
4926346
7151317
8390230
5634820
921766
8039964
305095
7047028
6935007
1402614
1704552
6398303
6151888
9214228
7778207
1529673
6473717
6202615
4032296
2463813
8258696
2994640
9033295
2773662
5999154
5979858
5358789
4448587
9328277
4312864
5191090
7880070
9537617
8893597
9494717
4817843
4377110
9202775
444022
4476075
4155228
9118669
1261290
7523687
713149
2002360
3715292
392555
5784313
6722729
8237045
4074419
507497
5821323
8953062
1695558
1322618
9875048
9912549
5760346
3301703
8049061
208162
3218987
6997253
2903718
7319254
8013813
5039419
4826836
6907339
4971564
4082833
754901
8031546
3908821
5680115
895232
4943972
7417304
6746988
4267112
6520892
4218536
3989581
80712
8941155
5457615
6681845
1973340
1481503
4360505
2756273
5598886
5276038
2450262
944141
5164888
2533639
8619177
3756539
1903866
7443134
7720419
5077235
7023847
118050
979654
3298161
1929496
9291094
6902756
887966
5935870
6755909
4641438
6629398
2788096
6033720
9427662
9283839
1912792
1594335
7221695
917615
1506377
3724640
6381147
4080318
8977507
8530208
1687629
1521236
3266926
5860777
5610021
7146848
4267374
7951503
1300994
5189447
4863865
3906515
3481491
7595887
1266795
8004543
8612638
9420173
6984537
8367659
5696151
1186099
6436007
9805950
9769667
5188035
9415561
628536
6271625
1134009
339357
2295409
1181295
7975281
2937039
990413
6118832
6579732
3242294
623412
7568693
1335704
3522352
1053503
8846658
2588367
2534435
8452154
6480088
4288059
767109
8653264
2257391
8851145
5923437
6746646
4968280
4189754
8202831
4487900
8306234
5611325
722514
1280946
9463372
1945710
8548915
2643450
2096559
1870421
5347840
6557099
7021092
2329464
2427662
3078634
9371014
1698509
8855252
8106771
4527963
7456608
8537133
1739290
9191418
1319466
3258316
1671753
1262343
4223180
1846488
8260968
4085112
3884563
6386452
8604026
8699039
8292501
6294944
8489881
2217968
8647116
2792960
7276008
356340
5771777
626498
2388050
5138174
3570267
590182
555302
4396677
9884688
8944092
9804277
4218785
5015726
574698
5750593
4008293
288379
970197
4520367
4430300
2402884
9609638
1237287
5089433
1897891
3546346
2061376
3227613
3572795
8247417
7173895
9019941
2411604
5049784
8629229
2581099
824467
8191115
4907421
6740920
4123103
4867791
1763426
6614456
6317287
9857673
7013847
2548975
1115963
2640894
9416897
9964448
1155364
6585929
5341432
7540306
9082680
5241235
9046846
8760328
6333198
6731844
1524712
5815584
4239713
4212351
1067858
4164940
7269444
3834890
2899268
3999094
5187700
3311280
7749917
6324058
1333916
1832928
5264634
4916133
3297507
8684901
101492
1162735
7892880
2278229
1625177
6355724
5861553
406871
3857393
3940088
5454216
8657808
2759111
7390806
7597074
8631026
8211840
8649925
5506709
2385449
8563352
6182235
3637432
7384967
6241465
3674444
3783140
5373176
7002399
3915011
3108713
7178998
9653084
6646561
6931913
2170919
4172946
7856073
8618983
1021820
6627588
7176264
3867011
794924
5162176
5088160
964737
8025388
3771270
6652966
7849710
8346008
7017559
4532783
9003493
9388936
8923803
8941073
3151737
4749974
6908629
6011723
2119388
4180190
4869028
601357
4832016
2599621
8754417
9891881
8837562
3556139
3684084
7639700
743890
100062
7205359
4970202
5622140
3113204
4780729
7126264
4597810
8681713
4776213
8953150
6255113
8768062
6932680
2322981
5917191
6623773
8966093
1606501
4894218
6925622
2665934
2354344
6386380
3294723
4503540
5362409
3198096
5999393
1750619
7499131
6336999
7456024
726818
2541237
2439061
82104
8654932
7241317
9400476
977792
711272
7257634
3745422
7323203
6922939
5758128
6005940
5764366
6978139
3348905
3679779
3013888
7797838
3346951
8161825
1754097
8559561
2744525
6011940
3056658
6945807
2653479
8990501
6532416
5738535
8385531
7961846
407756
7344340
5334686
5913852
8497943
9917362
4161899
1138026
2563283
3695869
763056
9562358
4415046
5394249
7665546
4157375
4585313
4315133
151207
7986688
542295
7962715
4698199
9071265
2153613
7955122
4587484
4246563
5131491
1434306
7277561
8162227
7474284
2776055
3067999
3623961
1773952
3332886
9887576
6440394
1867551
7899652
6358950
3248540
6128248
3308931
6125644
3038079
3468840
5645137
7589888
1266469
7174953
9589716
362061
7099067
7226015
6853878
8397910
7096885
9506401
7485997
9931612
9293814
3507082
271424
6560278
6321302
4315842
9190530
8244954
4004023
5649241
8632038
4996431
2069976
3986570
8871512
6642430
5028893
195877
1581670
5345603
1005640
3507196
561027
289510
425188
1050346
4861009
4517702
8822579
30374
9101703
8531129
5651623
4803007
4040590
8142751
5499141
5007830
7414708
7314671
89361
2035236
873964
2248341
8253986
8157924
3040955
7013751
5231623
2035860
8550905
6454107
6527942
7614038
2614884
1839412
2345878
3402842
3494263
7646022
5172335
7533966
1734688
7937052
8136356
2767722
6242350
2486654
7966991
8100330
9729311
5737495
3839349
477273
1435233
7229
9002796
9528004
4837802
1706021
1201563
9623354
520571
8965958
4672236
2907850
276667
443044
8320280
6702753
8842427
9919976
281715
4266311
4474970
6666600
7167283
2176003
8859465
3593751
9914879
8142968
2212916
6341996
1405732
5233778
7656067
6771302
1127240
9087488
1154449
7136500
7517992
3627156
4225271
3505295
9517846
8241986
9074255
2414571
3446996
5930402
6215388
6719612
1821943
5782882
3459993
911169
219675
9090890
7065833
2566552
9487506
562618
5800494
5123341
467460
734927
2838046
2784831
5122395
5213115
6358724
6327986
1866927
8567588
4386556
5092323
9688611
3793795
1502366
118901
3969756
4436734
9325471
2137904
4669786
2499024
3054544
2013417
6365947
523530
9265497
9956323
7460114
8360562
4535881
3276040
7665416
4933221
1685060
3697997
8421553
2272643
8574243
8518479
2041047
5569332
3176940
319593
5006680
7837757
5479828
3042515
6239328
9206094
726486
289852
5661837
2300503
5903099
2863152
3957978
2705472
3611597
8313852
9673168
5847441
3810528
4367982
9199219
8502106
8164891
6388147
9586078
4414818
6576472
3758439
142013
6653002
6361118
5061431
6478948
62415
19848
4107479
6423798
4523330
3925116
8266894
7831356
7978625
407135
3731139
5261605
8589470
1778810
4739929
4932212
8379448
3313517
7272177
8608277
6550713
6860216
3384386
4918792
6563964
5605762
9526199
7998695
8854349
1552817
3763240
2997199
9605071
506795
4517892
9362070
1495143
50906
3298311
861168
6455129
2698605
6504623
5448354
2894166
3755842
1099110
5683720
2680170
5580545
8439916
4216861
5462126
1542777
1095086
8224199
9486032
3103899
4694646
7093029
634610
6657616
937491
5330709
6353391
7850711
5540878
8505435
5996124
8338824
9859568
305302
3665003
3376494
1663051
7398021
1252154
8827594
275757
8184824
3574872
1881416
5826402
2135162
8004852
384556
6291760
7812772
4188881
8048574
7074857
7515354
3694261
5808934
9681402
9445374
1353897
9475999
9847349
4813894
3259671
2176273
7339197
6197954
3700064
5575039
7256260
7166666
482729
1328662
7142332
2367356
3120250
5108894
2860229
828552
2049354
3821498
780244
8233439
6909880
6157100
1042948
5287863
8002552
8387509
493530
4471505
2645764
2885461
161657
6487767
6973017
112710
2810058
195818
4299670
5473284
2801304
6654278
2410103
4484155
8223343
8102798
8681088
1750297
8687031
4349261
1225480
4214364
2322384
2086225
4683067
9792266
4618988
230625
8859045
1308970
9668156
4592514
3602594
1287408
7269963
9366618
6303326
6727996
2268562
8729339
2902899
8837229
5898993
914888
3549534
5664090
8527973
8686778
425248
98313
126768
8072255
1290141
1777784
3100256
6301754
342534
1261806
8273082
5053910
5714769
7430651
2091518
6809780
143841
9668347
9589501
9742416
3159917
42997
3443758
3793378
6290319
3793221
8463394
5423213
9295689
7991581
6756328
6138512
3840977
5813749
6627707
3118231
5131550
3567967
7081342
1207138
7703801
7038844
2545485
3981938
8354635
8381793
5370584
951132
1760449
4521776
1884809
5162983
7768935
2128161
7307793
6879301
2196369
1912427
3212605
7192124
8323122
6894397
7292214
1036513
4775494
1075129
2239587
4343646
1354629
2614144
9576121
5990930
8696307
4813275
3745808
5909485
7886425
2875873
6570727
9492927
3875740
1845767
3876797
5926185
9979207
556083
5718961
4088515
3019155
7623972
3731721
9646747
7766
8857230
4523102
50068
5183248
9451156
8411155
4616948
7470253
8928841
4333897
1480452
4884565
5581046
9032359
8335887
7483604
9908466
6099213
8497582
9320502
412262
7338212
9053276
2476871
849855
3367441
4159320
5853720
8174546
3128406
1498690
3778685
9895110
2555376
2433371
1375803
4768215
3264412
7659464
630846
6177906
9854697
1507478
9570438
9655543
3862149
6817054
3421107
5461237
9060138
4830560
7709247
5174256
4592479
5133107
5493490
4885191
6910114
472658
1244589
3427634
9742866
3446914
8711075
9851095
6850984
495474
1257684
1020994
2990658
7332194
5918040
6066288
2609118
4152528
9122966
6323642
4694493
3835877
6340870
6165312
8807356
3133717
3752652
9553200
1077574
1930666
4567346
1422839
3970573
9533531
1991314
4999187
8951954
6313053
9460638
6004851
5254313
4420279
3826853
6521188
1984334
5179543
2860513
3212904
5600321
7607490
1448881
6234580
4629037
6836626
6344239
3579065
8553950
7704727
6570316
4282365
7580298
2094792
3849612
2725455
1798929
2793275
4536745
2835112
7819641
8727078
2990102
2649105
528439
2001859
9661467
7781539
8928833
7338900
8274169
1478889
5078029
347306
7828376
7753676
2045186
8748310
9370943
3242248
9363117
6861045
946669
1423605
5051375
8745546
3407044
2740141
5262914
9691566
5173475
5698314
5548918
8679700
3195523
3864103
7073705
2062547
7958722
7258501
5085482
7489361
6127180
2303794
3396607
5188339
8745070
4218893
8494820
1538020
4407271
730952
3169761
4855738
4817712
7376892
5461768
1789063
7626029
6461523
7650601
3768491
9828171
1452810
8283358
5065147
8436500
1507813
3987613
2266224
6102037
979339
8219544
3856327
538957
2089617
7681016
2724299
576487
5081231
6591811
2439011
8136783
1089810
8516268
5801153
5366726
3972148
5140075
4339949
2281645
9256664
2982139
2121014
4636949
4868696
6786831
4382154
4225961
1739830
2892002
6470701
1700110
6350124
7804551
1322660
5866175
8840507
6148562
9964984
3074441
8171558
5166262
9640727
839544
2882473
48309
8366722
4151132
7829911
5760267
7045804
5974856
581829
3915166
2395402
3092681
1815611
9608887
7115570
2274961
6156355
2662177
2094682
6759079
2835710
4091228
5191234
9888384
6324542
9120627
6688550
7336150
2195177
2948469
380804
4152450
3721488
7815848
2236591
6902655
7256603
7363633
6460866
2305718
501841
1091840
461900
1648114
9892247
2520469
4157091
954239
2761726
6267762
7756867
4532700
7500151
8219182
4000197
8512978
2457668
196808
7236137
1250689
7307258
167729
9573406
9559420
3889575
6988311
9470756
7332634
6828703
1627035
589694
9562072
9801585
8413441
5977230
4497066
2300600
7259258
2250968
7236211
6402191
8919095
6387145
9184874
7911939
3828026
949736
2581163
4006530
796827
35074
4293650
9493645
7649718
7712318
7545860
5162520
8477833
8254953
8835951
52206
8860904
3178570
3126739
6844596
2931132
6557007
1763166
6140346
3391312
6985847
9927679
3252863
8843305
5968224
9813571
5766598
4188865
5021019
1328624
2871437
8366906
3760204
3956639
3920141
2814703
9175937
4816319
4827251
9315210
8713820
7415925
950435
2633136
8040789
6067579
877112
3930647
8435267
9638271
9293791
1424913
6486272
6519311
770855
141053
1552626
7844384
4917161
2285330
7747211
9057157
3135748
8023655
4134856
6738190
9799230
2669131
8354896
7003719
6534742
3715280
6927995
6578764
1560945
7456725
1242234
9141168
4050550
4874844
3231056
6364468
2637409
2827378
8823941
8432444
4604768
1782919
7130383
1295730
6140187
133330
3466712
3417282
6834934
6559735
6872079
4507003
2469090
8098057
9089401
2121145
4556133
9245564
2319782
5387893
9308278
1591930
8655626
348862
2827822
6481984
9443358
6579950
8484378
5570159
114601
9686096
920701
5557068
3586713
5489726
6008595
3970422
7180853
6385248
297037
6402403
9052424
3671667
8125686
8355568
4184644
3209260
5400572
6155863
5617248
9169906
8149761
462355
2981146
9893046
7827410
8693554
2440171
6640765
8405453
887388
7134227
8923378
4231743
4761608
5330271
1232387
7925025
8597071
7068320
1524020
4585555
1661864
667585
2129932
9153020
8420017
2864347
6246237
2340963
1078858
5099021
6975238
349609
1843072
1808972
2647994
7715971
3006529
1775267
248842
1569347
8967138
9371034
9359799
1491126
7264470
9145037
815480
6688065
7984877
9620717
9753620
4060845
1835025
3160785
8338000
130132
2605634
1179415
9531265
8085951
2355765
5307687
6760151
3683021
504971
3927705
2675451
9470996
341633
597851
771257
4942938
6971853
4037957
4192705
1852962
9114597
8155449
835027
694523
9807062
444051
9631028
4320285
281934
2883025
6029826
8535556
1886891
1448893
4856044
7060279
7680762
7663520
8252394
6993928
5748082
8903271
2967222
1615821
7598763
6889397
2325472
6845
4807720
822511
2525701
3011939
6210119
2005188
9191903
8651211
7482201
1895863
2007636
7897246
6620286
4853400
1401987
3411023
6897979
7445941
2221892
3780773
2660319
9286353
1600898
5992178
2788864
930971
6273411
5346650
6012038
6681225
1159602
5387547
7735776
5456547
5273558
10404
1830203
3524805
9980013
8135921
5637851
9408099
6552447
111819
2591723
5786182
2498069
2046436
1750269
5034274
1089850
8936057
4316760
2491822
423661
5255728
1393225
4291901
7771224
2576377
1175577
6663018
1199009
7137394
962268
6717776
1703737
8879910
533972
150156
5676057
4198267
1454058
9094694
1398795
6936487
2844308
2024542
7630794
4552845
1487880
1025539
5592643
176372
8887400
2424099
225924
9723467
426483
9466784
6788334
327144
1558652
3016933
4578139
7799023
5489206
7244994
7358520
2186274
6455039
8327427
4230203
5770125
503645
4844834
4479725
6000351
9763427
1009758
8169622
170232
9553281
9750435
7126103
328995
1294009
9687877
4719792
4909437
1129196
3136176
3744661
9872663
948151
9617356
5939010
1655006
1419665
8993391
3234371
2040349
2479760
2314400
4731753
3247639
7067184
827014
1207185
4593745
828760
836177
394953
3449432
57109
5715772
6042491
4860513
8906680
5863703
8242067
1011861
9161213
8416459
8920408
7783636
3624023
4791321
2187087
9667670
7386136
2294491
2745975
77555
7007734
8592602
4821554
2301239
3264085
2234411
4796001
2940498
4607174
8087271
6841441
8688723
5682331
5636676
5006364
4915656
6322166
3903943
9403780
7540889
6163400
609547
9069520
8255010
166391
2782001
2654846
188990
1836469
2439409
3634934
390344
8386793
5114516
1974993
5488717
4521159
3283735
4478995
1571710
242987
2810381
4163837
6529471
2532554
9408790
4555899
2011199
7794918
6555225
2472655
4434973
6236306
4378983
6136388
1052949
1387331
1402503
927876
4683926
3796909
6538561
4345158
9648784
1389498
1932882
5053170
4538610
4779543
8138600
6182478
1483515
9442762
6718993
3252435
2176167
6796893
5370636
8762343
2301383
9867434
8274431
8106738
1945802
5648654
8543214
1074415
961841
1030429
1828592
6237457
5991662
1517251
3639702
4378560
5627788
2845319
1697089
1123783
2248500
1618065
7879860
3363686
7311064
5347810
2700013
4628004
7408438
3997626
7654278
877062
1759247
3601922
6037410
8041790
4644110
1173090
1202775
2027824
5589726
6963512
6613496
9442279
402084
6758077
7946778
5918732
738345
9403441
9092673
3651793
5565516
8821969
1508017
1311625
9099873
436861
8363146
3819795
5725211
7651322
4403457
9458112
2047556
1964985
3998959
2357987
6760060
7303469
3784628
8426686
2408573
9052532
402715
6945198
9351252
8181813
6495080
9598865
6813183
3507701
1203241
1120494
3260896
4810657
8883435
5128926
3572753
2856558
1632874
4020775
4994018
8714153
4998268
9299051
1365829
9654522
7013236
4997867
6097947
7115178
2085692
2170549
5751035
4677821
3827146
1324975
4537141
4002432
7941061
3333150
3782879
844961
5755432
2247062
6690656
8392183
2207473
7639336
6849551
1123334
1358501
9604642
6623534
5438468
9187984
6187620
7295141
1810187
1640897
3139976
6987478
6825068
3813551
2782166
4155663
8178581
1373723
2162201
198383
7572268
5986001
8972284
6053436
6413942
3213570
3185741
6177
357282
6602492
1432094
9775754
9609925
9426893
1269148
8383356
3272145
5286983
1848273
5792560
2704151
5707550
4051920
8830649
8218754
6792614
5571742
8210131
2742133
5259655
2936600
951744
1211079
9467480
9385009
7818315
682962
4673871
3728606
9670859
4315596
8746120
3337108
3419122
7583206
9706323
7546651
2274765
1874869
8861080
9664077
4019766
4776785
8290478
8115244
2602384
4772957
5484860
7504890
1807037
7604658
1153866
4666896
4307687
1469856
9167502
3745605
7351408
8880743
9185692
5719480
828703
8091757
9772114
4122143
8120501
487405
5744573
3612884
1411938
6672484
6022257
1670426
2297548
5391178
4337486
9886220
6318914
5664779
1546768
2934061
7058231
5298255
8717892
1214016
5732528
261576
2764992
7474385
1341269
8462132
8886349
8299898
9324844
6747582
4544546
7809774
4060646
4982587
5406582
7655009
8479333
8002463
7582670
4450931
2251942
652915
4390734
7781561
6836246
6401808
2881368
3575935
3215262
4007066
2435369
9979395
242733
6371663
7653136
9674210
1840789
1130919
4008847
2549702
9963970
1830380
8117563
1162093
5127930
3946220
1513422
2204354
3405939
4334386
6600532
5076535
5637877
1079991
8770223
8670969
6975754
6322450
1942962
9818873
8007591
6461341
4022459
9784365
6539015
1471990
6931444
2629689
3225104
5515742
3159440
8823413
4677868
9654131
3129773
9684901
5019392
6201877
6187150
5214261
9476308
6207667
4441567
4610842
6377379
2872696
5596917
9306762
4268829
6866733
2854097
2168973
53211
9324598
4930696
1477500
2776638
1185253
5094457
9539878
2266287
5721014
3969825
1120537
1091788
3396925
3909113
4921605
329021
597908
8042602
836998
9586034
5265454
5470445
4804246
4097671
5396921
8676413
4931860
2095902
7245574
3350821
6629101
7610471
4541371
8797866
3292999
5770255
2068438
8418820
5403666
9333982
1598641
9097451
507975
4539654
6980794
6890903
9091103
940639
3638140
8904386
1588986
8027917
9633264
3903621
2533875
1323779
314442
3908814
2347273
8196635
1738397
1469082
9348717
2940720
9244303
2677017
9122032
2113886
8233904
2632508
1880350
9851875
543612
1485175
3079765
8509658
4836053
3555237
6532726
2909154
7213193
346616
4571591
9009681
6450531
6871639
1040561
5716539
9879325
6595953
3000406
1743731
1827691
3958113
9555277
7926610
1662096
9470933
3484719
365913
1991241
8206915
4655582
1354401
4270252
6150582
396327
8379921
4383777
7819340
7332325
6237433
1365772
5522315
3203307
3863635
1921328
860313
8506942
4992941
8480982
2978017
3681659
4766221
9607386
4765883
7347664
2392408
8634390
4606507
8255172
870526
629264
6320085
1628977
6588789
24107
8491832
6108550
7986385
934745
5536435
4742237
2918328
9402365
8981743
9235088
9574077
9982042
4284125
563236
5865850
349323
2678521
4064747
5997897
3056682
7453550
7736812
5883087
4954515
6676151
7835178
7924000
3927013
3749231
1306582
6826039
5372347
4915188
971606
5930734
4655116
1138019
62135
486260
5224354
1347136
4408533
649255
7899399
6402364
7579942
2181002
1855734
3666148
7783039
5879993
8834490
4504909
7095539
4648655
4641684
8663187
6745025
941781
8009552
1223031
1143973
1032922
8533475
231991
9674626
2391599
8592797
2172598
1084087
7232452
7507122
6433634
9155436
9785434
2536620
3371653
6426169
2734966
6547096
2010223
1929779
5944816
3844649
3271231
19178
3441380
4336799
9420912
8998561
7184159
949302
2022467
1987615
5089091
579480
4620807
343408
8165265
3770048
7671383
4988246
7662519
4865308
7385321
8120248
5230303
3341606
6556766
3546919
9809144
2630679
8254048
7882578
884619
8411710
8287937
596446
6285166
2090997
4717903
8144872
2393433
4674509
8552172
8527550
2532155
2241129
5151965
8533729
3308820
8314425
3640709
1393347
4220957
4218091
2075405
991524
2597616
3094423
2743180
483104
2977313
208090
8795487
8750850
5409100
2644378
6672087
5812004
9635406
9612146
734338
9672038
1510102
3875114
9107512
1051111
320643
3839622
8357082
5888807
7855992
3723233
7129429
4747778
4731941
6071008
2534428
4222398
4205916
6277791
3238096
2384951
8479374
1057284
9856297
4726546
9498755
1784562
9239616
1923707
2983782
8973586
2053181
1323332
5272452
7616227
6676621
3875815
6725283
7547671
841653
9686974
1329993
5411557
960301
8205476
9109253
7944603
8282747
602211
1881484
7581243
6870146
2846738
6366802
9585892
8506838
505037
5037729
2506641
4063932
3510429
5085043
2267393
9175157
2097606
7593147
5975361
7087163
2395517
3979252
4713643
8338452
8216882
6671089
6109232
8187767
8615603
4447250
6522909
4886499
1654934
1740846
810226
5372803
144812
8497866
9837012
870566
387458
9918522
7828800
908922
4184190
5730661
3706059
3075137
5416681
8680261
4088118
8414632
5226597
6572509
9876644
2080223
9377363
1454831
5009839
9260729
8890886
2401564
2553144
1915539
3570894
397694
4469204
5934880
4927140
8428980
3113646
3573611
6900375
3385006
887232
1825105
2662791
5030305
2232557
4755066
7385049
2064086
2808751
9307314
1422714
7269871
3870599
1335942
7212678
8418343
9665221
7830391
6757099
4800614
6856996
731280
1946249
4694480
2410458
8267261
4704495
841666
50714
305379
8543351
5483514
8797033
9770701
6632618
3570716
6249753
8132123
4574347
6785501
9269854
564500
244495
624159
5435227
479187
8118938
1300882
8376759
1359429
9731981
7526380
7066114
7875202
6645746
178159
2158492
9153773
964108
9664580
2262498
744031
531722
3487729
8611594
7799140
2158780
743289
8967807
9291457
6511326
2122227
5176730
9938182
8799447
3067327
4105764
60038
1178357
2611665
8902864
4703379
4319084
2156252
7877427
1396460
3406317
9531575
4528600
6565412
3703571
1939501
1734742
4428607
6583459
5504955
6692726
5090549
4309172
9024066
8987792
9132885
409353
3692091
5349158
4985529
7546343
5522160
8932232
8728061
3651267
1508788
2625688
3855351
1548658
9447154
6495649
7124400
8203631
9751528
4086177
8856964
2872292
1386725
8219668
6371573
8744595
9580089
4592492
2341067
6027143
6199215
9437769
6407745
5352188
1245252
3828838
3313614
8086459
5214821
1107179
5818358
6256441
3802229
1006533
564050
1545976
6847159
9181474
2382405
9199326
5032376
2276055
1840590
8730180
990380
2932642
1625986
3436942
4514180
4989491
3275529
6708774
278670
4807615
3732849
1312348
5673709
1483106
9276863
5364763
5434100
1850683
1127640
3407726
4466303
7434449
2014176
6141070
7445063
6301305
9924966
3268951
5728569
8042164
9728849
7503301
1978899
6957398
4166652
3790303
1288572
4719719
2497258
9057360
5074271
6097121
9440095
8969940
6802379
2212186
8701400
8920889
7026908
6786125
7078776
6114555
4243959
2874654
931111
3812949
7728613
313719
6293440
7050162
7646993
5660088
7817877
268993
104198
9978657
6496585
6125894
5152933
2003297
7738877
8388693
1882465
1130775
1824532
9439653
4969453
8147249
6772246
5174396
7408142
6108452
7775404
2347451
532583
6915721
947366
4086950
8849124
2203910
7774421
4104656
4490892
7960343
5349248
8164345
4381237
3322685
7620656
8557456
9685476
5867591
9924356
8567156
2822021
1976066
9105818
6858846
5406606
1939474
3187061
756899
89521
9903603
5945758
1049480
7432201
7992051
31567
3213015
4485580
6506138
2659923
1749664
3721539
1768738
9148963
3221987
2556115
6518953
9124453
1484771
5109996
886671
9981757
403713
9688537
5816586
6491777
3743542
8093612
5983959
522621
8246431
6277087
3882437
1392892
9147873
8803090
7387906
5367989
5321558
2342214
624083
4305462
6706120
5886171
1020275
2180651
4772602
8959542
3387788
7629222
7723025
5518211
2949393
4394583
2567154
8035801
9006026
1720546
9314275
1774631
3176019
6321672
9957595
2330333
2582807
3471145
4361254
4599764
8853702
4504672
6372519
3015531
5930244
7454293
5269394
5142554
6381996
637101
4416123
6001663
3276938
6936714
2986775
4659543
1268298
7977577
5367507
2459439
1537290
4152071
3199598
7895407
105985
5375979
6971223
9548530
9830361
8280720
1682445
706759
4257151
9114718
7243933
5247853
8385305
3471139
1421048
3936927
1313914
1515099
754754
8925788
6286253
4692728
8863391
5450714
8195603
3347565
4338998
8034916
3023506
7341684
5788494
8460482
8923236
3233950
1184082
260359
9468139
7124564
4351407
3318046
1498472
5928323
4901944
1289405
5629675
849698
5784759
8063513
2231146
1225346
9161514
7891405
9196985
9524714
2456275
622089
2639501
5085103
1503244
9388775
6542569
6850997
8331627
490656
8075757
6030543
765821
8994078
4825962
4984567
2414066
6555669
2625448
8912514
430706
3658003
7458780
2380912
8989987
6680286
1977374
2112738
7658140
4258831
4180394
9251705
2536935
5112574
1569257
3901849
1918967
6190951
7563044
7676912
1768866
5170874
6032601
9874982
6459910
1717752
9141344
8113801
6432380
7096285
8149576
9359341
889291
754470
77712
3406250
1956742
7943079
829004
7003881
2074660
8632801
6273111
8386567
3093210
3218418
6800950
9072058
5474487
7936629
5835605
9741262
8006602
425010
4833739
7132562
6319374
2650428
1710339
9679454
6646587
9364821
9390100
7171370
8075519
6505173
3381176
4802879
2270234
7241282
7583110
9393896
6977954
7797382
3438699
7887118
2916411
4161161
5500751
4923257
239130
6559953
3755799
6234959
7784497
295724
4973836
3193627
2165488
1277675
4768672
8321783
2249053
2827048
9994438
4932822
4653174
9683810
9600403
5791403
7980977
3870180
2333273
5134873
7751798
8436910
4829663
8145015
9459231
6138405
1951972
8704329
5088749
2640989
4945035
2377273
6173107
5742912
3370283
1781499
2920846
7040055
752501
8897625
4883198
1147275
6008246
1305719
2992615
7262794
6230666
6934070
1235683
8363504
389553
3710932
2874338
9784799
8202000
7321145
904907
9172101
4618336
8405491
3498336
6516871
6437283
8300447
7341797
3272157
5857854
408268
5731374
3038927
3982529
980004
8969376
4285320
2947299
8741302
214920
667053
1045113
7899673
6194756
8723791
7141235
6138776
9308148
4220558
7948498
1818304
6396752
4892110
5742750
254430
4194879
1553117
1173261
1749811
5716492
332621
2479749
6501322
4256277
3236823
8270764
9580803
6831764
9539731
1437799
9480566
2068122
1627777
7839239
7587736
6053358
290569
9905994
9237056
3075742
2227665
5531909
5189009
2240471
9386693
9353543
4076331
8667072
8775866
519675
2562569
1967519
9761906
9442960
5792753
1468773
4514085
9385804
8778845
9021891
478261
7769087
9163201
5583804
1876137
6635489
3202878
6314617
6593689
2494716
8542676
2198653
8521686
9672196
9924820
5096827
5600089
2663336
2542439
4418838
7143140
6159511
390788
5173727
7494035
6043373
5553117
5087456
7993334
7080452
1342244
9387742
2291088
3704972
3770196
6550529
3179964
3927462
805129
7390183
9571933
6985520
735250
4321867
9710480
6201247
2772053
5253366
1570374
6222423
4544942
4211437
3269788
1733309
4963152
6196982
3130905
6980218
126957
9432774
100503
3304125
4349732
2665642
8140917
2287184
3025662
1197824
9463626
3254290
1903838
4381111
4324467
5567849
4763774
7666784
722499
2376218
9195071
4654249
9600094
3543237
3935316
2016526
3798052
8146376
3664557
4072646
6085084
5774224
4238879
2333855
8409099
3543857
9501741
1541313
6214458
2861273
9150846
1857971
3960792
3826577
1714149
5469534
8690291
7122930
720145
6908666
6602896
1477772
982267
3048797
7095690
1361994
854056
9396588
3395113
5461166
5329651
2341635
9638715
4408057
769782
53437
5587464
473717
884016
6872783
8398289
6546264
9159487
9771132
6624652
4457533
8138568
5575390
7439781
9203457
3575935
7550435
3110070
6023205
8788589
4235838
1208748
8225851
3808449
8408738
9903135
2400662
9380545
2793377
2493705
4245970
9703092
2708858
2337286
436520
8704381
9623214
8532295
5069687
697357
6504106
7085372
2172686
3570440
2795166
7079328
5119181
9438279
6907060
5233652
6735901
3402696
3605291
1930566
2349904
8179174
8877716
2672796
9439993
3674197
1931883
8142221
5201713
9405611
8256362
9573732
6294988
9309538
6658935
2438859
7071288
823630
4814530
3450736
5482395
5201231
7510824
9005329
5667431
5217720
9031018
7219741
2733145
5485788
6369193
5014299
7694858
8732823
1349374
3594657
6912582
6800462
8925519
7370494
1891857
9187534
3962574
3163721
9032249
8578049
6206963
3051613
6555840
8976346
3740440
483644
5153816
8874101
5288604
4345032
3872413
1960095
9961243
1087867
9552143
6548891
3653234
7803401
7147753
1592408
5933495
9272753
9190338
4514266
1681322
4949849
5570022
2137230
1334992
5852018
9846078
3973203
7568331
4355881
4208259
9902127
8445389
7791314
8719525
6882644
8159393
8822903
3085022
7060277
38786
5960365
1906406
9886989
7055738
1545922
4204580
3508202
5113076
5608454
1984945
9386596
1535421
2623981
5126819
7611868
1863271
9134699
5081279
5031377
2059417
863624
8461496
7209553
1754089
6187562
999045
8493257
2887612
3191215
2090109
3077561
8529015
6045825
9812114
6651519
712922
8082530
1664917
245183
4310529
4299168
6324096
8544923
503791
583499
85376
4568554
6375644
9468659
3933388
8630039
855769
4055349
2742098
1437280
7632940
194540
1903608
7596275
850175
1082377
8218437
3703812
6455830
5492277
365860
5994537
3666612
2844924
8121259
8731495
149770
1903824
2894239
233961
2505447
6916086
6282639
5713190
5875706
5022924
1641300
8612438
1213762
5453164
4456373
9770420
1962940
3849873
4481315
8835786
4067581
2683199
5970355
9208407
2704427
5745697
6335039
7558739
8343359
6379332
9689819
9615047
967489
4778991
6478929
5003574
7851334
1944204
5936555
8965268
5968652
7921672
8148636
4577932
8981361
1846671
6587462
1758651
6845855
5353554
3918362
8272098
4420626
8932744
197275
5153480
5771298
1144214
5540989
8326259
9648989
1298284
2440071
5317748
7017288
4117336
6460627
4927376
4335400
6809959
7595133
6050574
5387099
7522314
8378135
1471522
1809505
7037175
3412938
1864575
4776455
5394474
7528850
8210024
4992501
2003206
7309225
63745
3853003
1436126
6811550
8917349
7952124
6448332
879152
9878548
3914322
7385153
4038612
7397489
9850285
5687463
6045295
3946797
6659177
7540403
3292519
9375659
7889147
9015539
3640033
5870161
6127122
9869876
5496217
5106857
1794577
2933733
2312442
8034283
9744487
3238508
9870453
4461872
3812905
2741744
4727907
9063723
2468674
1308284
4277964
9438281
8786695
6517585
2049441
7927509
4359007
2019909
9266044
9821376
1522798
4254740
7751256
6821027
567499
5513540
8717677
3406497
653264
8492212
5919574
2268097
8170421
9304091
5532393
5233545
1258197
944945
4276609
9570557
7277687
452065
4737078
7499533
5947487
9126239
8887458
5377693
5719393
8711158
1747193
7173056
6220661
6976722
98614
6389875
9930221
595921
5316591
1245571
5796462
1125168
1216597
3274811
7370163
6935323
822423
1972923
5092421
2977225
3689844
621838
5298466
9817930
1669830
595277
712793
155674
3302896
7697138
5683203
6733526
583272
3053752
3420404
745857
7639269
2525603
3846512
7859485
6364123
8158743
6247477
775676
1442061
9294260
7629226
1135339
1366276
6834355
3804509
8526799
3562437
6198689
2642457
8836382
5443355
8898457
3834054
2634791
7441883
4465800
5584533
2187290
3722421
2413665
3873010
6322239
846107
8282495
5467553
510865
9640862
9089698
1527742
6228821
2887061
437213
2341730
313460
4790257
7001665
925769
2874638
5281749
1127557
7183729
5237209
7008085
8231999
2819933
1129
2247334
6731755
6294163
1918300
8762351
4009955
8273610
3201895
7999967
3170729
6376632
8224751
8947506
8739739
3717519
314234
4714343
288450
9758324
7106944
4161147
7112202
5089637
4504939
2089831
3106553
3514925
1521907
5825953
5597788
3393547
7748443
7463926
147601
536032
7924922
5883616
6472273
4853307
6705136
2210861
8372034
5181457
2087073
3556771
3535389
394834
8020552
8479688
972431
1606795
1471278
5833722
1052606
3282225
9254140
6332875
8061502
36125
5461842
7598656
9816309
234420
8268467
9154323
4935497
2297728
6482274
1528150
985366
6429875
4195255
5335528
1712408
5872435
1387633
5974063
4917517
6952691
3104399
6851006
6426782
7895989
5984096
5705207
2183999
511068
1660805
9546217
3153374
8626821
968618
189559
9513680
4073555
5308672
6539124
9766239
972644
4560405
8855918
5017965
7289608
7234133
3139818
7480789
7697002
9818377
1715789
5250915
2531151
6303339
3307695
8301814
1982124
5732862
579410
3726587
7915420
7462772
3341186
1628098
179262
8043250
9203632
5737530
4989715
4015283
7597848
9303061
6968197
8798330
4879245
9951199
791750
3061121
6080950
1132149
2659028
5008517
2057155
7730970
4558306
6967637
9591432
3010254
5037025
587592
6865340
3778930
8093742
8891739
4214339
7327570
6528156
8596788
4209457
7895567
3896932
465824
4200925
7240826
7350623
3534871
2081762
4882161
4859986
6942800
5911278
1485483
5239685
1465680
6862222
8757028
6567738
799097
5776390
1736402
1823984
74787
6440932
9333208
6935574
5622598
6362698
3286697
6817497
3821834
9839400
4221786
3994472
4873717
6335361
3093948
4088857
2544184
6699966
9718864
587849
8095907
5235753
2308983
1270134
3395688
343657
9971035
6180958
7357408
8600066
6520594
5468288
9210601
5278809
7540362
3475974
1118339
7217292
193368
3718240
2193701
6975260
8357473
135822
4494336
6096274
5884914
5647359
7984165
7882238
8619209
8029925
5702439
3867003
3417785
9262980
6491143
7790023
5377986
5508206
3190189
5751483
8557568
2133845
9331125
3949836
2207891
2312941
5076597
6936421
4653360
706853
3366622
1126537
2221638
5107965
3848755
9723644
8679195
3716718
2321810
9758319
4911696
763027
557113
1596272
3191978
476084
8043359
7916400
6271576
3893776
290281
6692810
4024305
8001778
855177
1319093
2240742
5121859
2246047
6775666
785353
3458418
3580931
2238411
9750689
6406530
2162031
6022637
8017180
1075626
8439112
7145752
2550807
5573157
2432762
5692603
9252147
9709644
4563480
5242091
2886567
8586316
9212831
8724429
8652373
9735089
5152277
1910997
2869186
6588942
8137520
6645709
1752387
4710787
5496134
2132814
2896728
3262658
3282421
941918
4481865
3269638
1687065
7769441
7394964
4262534
2810653
7085778
8747128
9881131
5655814
6862124
5051467
2469703
7983339
7966948
8766640
872290
6211368
1016103
2369373
1536552
6268959
3145334
9158159
1362073
9073783
8099969
3157139
558294
9214932
6395296
1040609
3672558
866175
3667855
5015270
3103196
7853344
4146351
5754206
2144857
9165518
7463571
4569300
8447972
9509914
2192187
3689774
989304
7439106
6024631
9663401
2482301
1201693
2273220
2020678
4783654
7681842
4530947
1890768
9484949
1678808
4617300
4653900
5277124
8923060
8875223
8465873
6622712
3938769
6946504
453884
398631
8628853
4417072
7462813
4505683
7154498
5503525
7124629
376260
6896759
678076
6173924
713790
4189144
4979753
9075235
7324624
4700960
2188338
7186713
7879019
4097427
9327016
2370842
5465543
2156049
9960388
4388181
572256
5889949
9926032
841757
4402570
1078655
5252008
887689
2281140
9021607
3197559
480478
8936352
9940249
7917043
7155489
2419526
5316068
324792
2217213
1592795
2400154
3767153
4394468
3888032
8913420
9705197
9841284
6856608
8624310
3338858
6629327
1538856
3601214
1427443
4647627
6547007
2720909
3777518
1837866
8102339
7958520
3174121
3421014
3947902
5463473
5717972
9479843
5477008
1200783
3850141
4657847
2597572
5167184
8955982
6686807
2812078
8898126
2557474
6368314
7670585
943828
979718
2198976
9606446
683816
3906747
5574855
6165461
8311312
2485035
917634
7299489
4995887
4159102
866023
7205709
1531233
237346
3269370
5126152
5122179
5053624
8449868
2404469
2390349
5165217
8609450
8287052
4910632
3636065
872298
1730573
7179306
3555247
8555620
2913803
3304136
9867991
7589704
5937518
9178489
4349207
6309474
5501809
3186865
8130702
5229632
2768725
4294779
6080408
1423352
8312980
8804963
2010766
6016868
3560246
9538787
5491797
7116189
1748082
8258674
9187524
3370425
3587384
787154
8880409
4911049
8665339
6953760
6899183
2775102
9417453
4466348
3868430
4531968
793952
2007946
8354496
2169416
5097917
1273285
6993518
9994294
3707419
7321323
8867555
1032328
2022615
3550241
6834652
2486008
5688396
4756547
7700349
3326126
9842935
888117
4781185
3181592
8053303
1591079
6518898
208769
9828702
968880
6264958
7071433
3882461
2131080
5157062
1898431
9553077
5974591
8034248
983648
8221513
1005999
9367224
1575274
4634902
7126536
3802039
8920928
8160362
6702073
6437010
4147351
4112865
8754716
474817
8672882
9847061
1536564
8996911
7236216
7947134
7208088
6754291
7792686
805116
7543077
3147988
4963802
6908633
1003177
1252380
138537
3409019
4600906
6622077
3217058
6417110
4946821
5645829
7831960
7017107
2000057
2425640
8499468
9663329
2693292
9503186
5028198
2555890
418203
6373837
358186
3319265
6682635
5277823
7199226
3774128
8664463
5204519
9404072
5420920
6064484
84077
3810331
9449566
6744992
1284117
3533826
8424972
9020546
9715877
2122425
94792
8656157
9628958
142594
2767417
9880674
4462495
5207216
3052031
2796909
7006399
350966
520300
4229987
3166021
7179425
7002841
1000264
8240542
4079903
3066035
466933
1384129
2806943
9290549
1433561
5836674
1302038
8363722
9077082
7954621
248851
3242833
2049001
8796068
7367116
5758652
5961347
9915133
3531416
9179519
994052
3253872
4755539
3203704
7516338
6098301
9990037
9888670
5966433
1299277
8701178
7904994
5085842
6575394
6594978
3867923
3226555
4721659
71737
2986479
1670662
8875192
3076170
5845835
1523657
7419980
2764477
1655245
8006328
9125419
5308319
1071898
9387269
2744083
8840204
885406
5540058
8089079
4975756
7200488
3682048
294968
1174955
1015699
2275362
4190450
2827426
8565129
4252012
7080786
2596484
6719753
2017186
4331547
2671026
2450118
7083468
371604
7965942
4810339
587629
950609
3503055
7557703
8237436
5951141
9264567
3604115
5953848
2700327
4030159
6289020
3249852
9651714
8861185
6800655
1453709
3050195
1893507
5235793
4151854
1948677
3903231
2976129
1303813
9052288
3726611
1763431
3000560
6658155
2873945
7522461
1183105
6848641
2334177
3229491
9003327
3201702
8049615
5959803
8761720
4432283
7729470
8307640
3406267
5330634
925584
347904
1274134
6032219
3812472
9306177
2344800
2005870
7553823
7171030
8099117
8463604
2012821
4265824
5430504
8926548
4396577
5813756
1572604
9596777
9140894
5802923
2883513
6077499
3373987
8737679
6126559
245262
8979204
3003052
745748
9076434
3506975
3691035
6023605
9745861
3242487
7606124
3441843
3359225
5358091
7222905
8859917
1045147
139212
4350512
3437456
5010944
2816672
6575881
2534640
6186487
5467036
3004852
7527426
6893113
7322684
5939336
5505450
7643263
9683017
3538272
6813648
9894060
2418498
2955153
5477912
523022
6504531
76344
6155543
534611
3815781
3118058
9652715
2769035
3829902
8395031
8622473
4685726
6000124
6422454
8646511
3349141
7912616
3955063
528339
5374402
1626182
5959816
3230546
5319135
4019483
2417922
7669982
4733198
7191794
2339010
9889675
7305658
9710811
9932068
9185926
3743484
7840498
3702855
2427490
325743
6103802
2008834
9826325
4096345
8094036
2955978
488267
4548550
8203647
7076236
4866832
8156079
3860230
3271889
6045033
6363890
4145991
2665056
423499
8812102
6513747
2147949
3532456
5939250
6995848
8074416
2708520
9477810
6851083
5419355
6688201
2215107
301839
1208427
609824
5917515
2943143
9777398
2548718
6410848
938142
2919362
7993624
8483890
3086246
8027978
7304069
3505494
2804861
2930236
6518540
1039379
3488666
7281426
1503894
7369727
9955818
5138002
2039932
6919109
133182
5106495
7256618
6323450
1758613
5301307
6291719
143926
8295541
4955462
6799669
5680192
1666954
8409212
7396086
4439447
3167012
4206847
4749990
7165099
5165131
6169447
5028917
5763060
9273970
1461594
1915168
5877178
824186
1262026
4931833
1987337
5602579
8216357
7662582
6573394
2017660
8686380
3615085
9763913
8300659
9423354
8070494
5246284
4275844
1687036
7006434
3414976
1710216
9653845
2972130
6546363
9247803
573312
1584969
2939101
8879893
6541570
4230865
8045370
4733854
8061025
7960168
7959770
670754
7659540
9107353
9617693
4296429
5711468
7927333
1683333
3856688
2072508
3642417
3785420
3490267
8824355
734812
6701962
8394105
4760090
3934181
8104818
6790089
8956604
12047
5345783
6217121
6878869
389937
3775818
8630034
3812528
8593876
7842081
7727714
7692953
5532445
7998849
7120003
4170450
9506198
6043341
8193637
2102940
2867757
9135765
6473657
7245347
4047939
7749854
7637800
6462614
9597606
2232958
1329835
8367444
8190939
9095196
2918764
520498
7999072
3565474
4979538
9318653
1485638
9147908
3044701
3452346
5618793
6469174
3613282
7849358
2931927
2664045
7521119
8399009
6755767
4966973
1929413
8178348
9567960
3793364
4198292
121043
2443448
7930534
9265489
1425664
801484
9193032
4984014
1895548
8708365
3464314
8493629
7983209
1757213
3744165
5539025
7147654
5316634
1267738
805309
651031
3962835
259730
7024960
7624847
8263985
513327
8934082
9642948
8040520
6282142
1475498
342875
944845
8949353
