10000
3556968
7349865
4112265
563167
9238558
6943937
4088450
5038043
6918184
8253231
6532700
1143354
6245501
5387818
9058049
1938104
1438278
9025303
2880914
6578158
1088131
4119529
5121296
5694515
6060576
9159800
4553261
7430267
5382419
3673169
9717141
618462
5415635
4220210
4642634
4588387
7415203
4650032
9465632
3275211
1216525
7436393
6558633
7574864
8173601
1666658
3214130
9640573
6959549
9740492
3785473
2310554
6326294
8902288
2558942
4068449
6141311
7253310
7251451
714817
4765696
9561727
4497260
7948133
3241845
3058769
1495986
9402990
7959788
2141663
520791
9235143
4547405
2112699
4318003
4610591
8741157
8714553
5127236
4218296
2222331
1530677
5523132
8532199
7049504
67920
9126171
7767900
5248118
1002201
8222228
419884
2631199
5905713
3811840
1442159
1368065
3019058
3281916
5052392
649720
4017853
3305357
4470957
5566174
6880912
5419076
4139196
1690828
5609968
1782678
4589457
792059
7071878
7095736
9597127
4308420
6813141
2685033
1366023
5972900
8350652
2290108
1056122
2691223
4569780
1812297
8234157
3743795
6185815
5853436
9102406
1459334
5329051
7903105
9129068
6990133
5372123
5158939
7533406
5916879
4585571
4883193
3759655
997581
9911352
5083315
8090097
6884575
3283572
7071555
299935
8932873
1349781
3498799
9760955
1818191
5844369
1603543
5026561
9140582
4743656
3319413
8798433
9216216
3551375
6060412
8222160
7356116
9879711
679765
3280509
934373
3714839
4402824
5139705
2177227
915732
9604094
5984128
119515
3454157
3092523
3858069
6394436
6713450
9467027
7104366
337396
7336190
9270401
7027197
9148769
2455035
8572438
5709958
1699809
9665044
891859
8119639
3946277
1837868
2322603
4581940
2721213
1449298
5311934
4323738
9740563
1309617
2413345
7482296
9134790
3662325
4869457
7533247
1374876
3835727
2103439
8020157
2600646
6145030
1531909
6696625
8867802
2751672
2685767
8954041
1137252
5980561
8292000
1896590
2208550
7617918
6454817
215015
4122420
7391973
6836544
3371191
2797873
8162617
1502275
6325535
3028589
6134216
8741075
8930606
81726
8078297
1570650
4757616
6496138
5448514
3048567
8770759
3890420
4776823
2657700
646491
3951347
2425628
4535494
7192097
1154833
4503573
7468956
4257239
4584522
8608331
5723314
3229942
7421203
838398
2186726
1676578
2217759
3481867
6593405
4370972
3964745
806744
3279652
2303152
580603
9187375
3626805
1414198
5307641
5797439
7428178
8832589
5160957
3520500
1480854
994883
8653163
3539474
3739025
8253009
8046098
2419412
4704015
6963084
3140602
4764742
9701342
3112253
8653253
7019293
3278904
4635323
7530853
3555273
1800616
6542329
3252170
6936397
3630587
1281449
4924363
9541807
5229998
7254604
6611274
7467389
8157859
6410620
7742789
7769010
18446
9151902
6504423
3379361
9675107
2154279
5701942
9716342
707063
1129690
3109092
4831298
2351289
8646962
3294849
5438082
2248882
1679925
4377314
6064843
737530
1395925
9774124
8260008
7557182
446014
8835092
4534186
8512222
9896452
2027133
743783
4399201
523746
7369227
1440079
6770451
7321046
6506552
621294
1977703
825390
9046762
1363735
238510
161819
271572
3666125
643786
8956706
8899366
9363128
9607466
5332349
3011931
1505443
294479
3238511
3450317
7835878
5167060
6083529
3086127
1028449
4398643
8176795
598806
200216
1808333
4386744
813701
6037250
7723887
5767577
8408187
775526
3504382
3531311
1808068
1434462
4959322
128114
3700121
8705301
6452350
4455035
6507836
3249592
2509703
3927497
3176605
9143708
8735677
9543277
8241926
503417
539777
2786621
9619332
4047123
8868034
9939228
3499795
1228563
4852720
7400230
5013726
343637
1751757
6383704
8368611
5285935
2977212
9135767
7690942
4802157
8140217
8541783
8816295
2133304
1707883
2286331
8934555
8433294
6798850
6279148
4212512
9396262
7397188
5430122
1580247
2172092
3710704
9467218
2189795
9903559
2790824
5763644
944665
6335080
4921022
7462438
1810020
3387944
1289977
3590408
8537946
2458102
2258146
3924899
6393120
8045847
5280512
7990017
9400074
9275284
948777
197693
299698
4984581
4326570
8274995
4351633
388733
5642160
6863163
3053191
6660955
1990238
9376358
8195270
8747198
4422628
8196130
6369668
360358
1280850
7159515
8155322
7312098
389945
8094736
8199812
5054914
6529151
8137661
7777970
9485940
367663
8501320
4858080
4780553
2023417
3138827
9745094
4973879
9028172
4784735
8248953
6345548
5227885
8078102
3985876
1901655
6253112
7336741
9082505
1118639
2611916
3995539
9052077
7560985
2723815
9188128
5279699
9206509
1329570
6964593
5225395
1473581
7548504
4143811
1271578
1129903
5594461
7077750
5067219
3915221
5658222
3653496
5890206
7720011
9135403
1861170
4918176
4610594
259092
8703269
2360372
8258729
6174727
4641568
2244060
2792894
8628952
8954722
9013709
5557171
3197536
8762925
956741
107798
447394
9751965
6769403
4692142
2556886
6978655
2639328
719086
6487272
2862184
6975726
3632780
3781625
9560379
9068717
9063006
1886163
2656768
1957684
1627002
3945442
2435119
7798945
8978584
8283470
4307618
3794808
6304392
1385399
4373208
8969168
821230
3023639
9548457
1139169
7993377
8791197
6373804
9511087
2696355
8016698
7945436
3629358
8734611
1088341
9399341
591348
7796811
8460209
3287717
8597788
9144926
5625314
9240325
5428414
5755738
986983
3633912
569071
8058163
6815896
7178756
2660175
9017906
5966367
8791988
4113228
7759454
2573607
1113653
4919224
4410217
7152098
5317144
1305102
4075357
2483080
2905813
5122624
3111825
5391030
742513
6183736
2138610
7986176
2757654
9279666
6503661
8077181
2131058
8692021
7700685
5901928
3447050
4075963
2848727
1208006
2185171
731537
4004986
2403871
1004898
4716973
9667337
5672490
8451614
6963381
4582721
6272511
6288677
3740562
3823605
459591
686297
7240648
1218739
1812129
1283705
3524911
3755363
9774021
4288223
7777735
7113697
6840059
7100691
8771840
7497458
4391347
7140126
7126780
2198920
4699075
9924776
2847158
8533046
1839518
3817200
374912
1724118
1819166
4078709
1214531
6662064
1788881
639641
2793891
724969
4076723
2224592
3650315
6624893
5909660
5303727
9241116
2080787
9787889
5487376
5917087
3211121
8117064
2915292
2400799
3916369
5955987
4487248
5780552
521992
2284424
4844101
5299887
7762962
9060407
8799461
5344311
2796222
5970632
2334000
5881597
7823711
1346725
7974067
9835023
7175537
2224943
4419100
8193549
511893
2122169
7894491
3247588
4322028
8930285
1790231
2869748
4617036
6061993
2201114
4032040
2429296
9258419
7121803
7689125
8711743
436248
8544061
7241025
2505064
9801599
2596221
4599022
3451770
9268182
9502666
3669934
189829
6630514
7415332
1640293
9644484
5660683
5881569
4470488
9415455
3960586
7859726
9695471
2398092
7967047
9152222
3566153
919772
9509340
8348541
564655
1088094
7941186
8972482
4408925
3546123
4017110
2207652
2009298
9744397
36943
7107694
5257280
4007493
4576295
924938
218805
2462125
9046833
3664874
9543970
1675172
20616
967808
511044
7814241
7268775
142106
7707570
183084
522848
8989091
7151057
2226420
9939918
5460363
8975962
1425895
9265351
5273860
3102494
2673895
7494527
8378507
2068065
4359648
5113162
1453014
9533864
697489
2729735
3295383
7809727
6585734
7139517
9342524
6595589
7790291
5671392
5347699
358345
1743452
8721816
5559822
7214697
7858948
4218815
41858
5241219
533621
6239321
6657901
2063642
541805
327423
4760607
5559708
3686664
7121813
6806438
6222759
7809070
522341
6085223
4822022
5716000
3076134
3163397
3174881
8957538
174409
8654647
4259017
122572
6317187
8600507
7613621
2674430
4476261
5518567
7795701
1323098
5997920
5828186
345283
7663101
458258
7768876
8957072
2364492
1480101
1220083
5384592
3533133
8747457
3979892
4758940
8621478
7090973
6902150
8010348
4025801
3390527
8035644
613846
2176148
85558
5106061
7445512
9461729
6191266
7151581
9447204
7109177
364704
3366858
7434371
3563882
9979169
8391456
3602047
6451574
4256637
4604195
9546762
5570177
1680917
8547054
1591285
8694325
1119222
2073828
7086399
5353200
6574279
2001939
5922825
9165442
5882670
7446689
9942901
3301962
5114519
7099342
2985486
1494088
5698025
1741886
2367851
116768
7875393
834373
8739236
9273940
1025669
7819693
4251014
8624136
1052845
742299
5247966
9548707
1682434
673768
8213940
2830754
9062302
2375980
1523611
4810534
1606582
9415075
3973520
9817302
4762996
180879
9019108
4896532
8822933
8448320
7793396
8231409
2408829
3995337
3441668
9534359
5713224
1628435
1845068
3722463
5796319
6146222
2872693
7795687
4372879
9098030
7271685
1413483
7112130
2344281
891289
1190094
3011057
4906526
6129522
9174562
9925314
73636
4351790
2787453
7359988
4144347
7108899
467656
2822430
2823574
6218701
428617
6744595
9436507
4325676
8037109
2084747
6055075
4298948
7416902
2893657
7194409
9095991
1803388
360705
3322570
3579958
3119966
2605977
2716209
3679380
8475492
2758815
5650593
6343009
5441647
3067263
8499399
7513346
1879102
7857174
3730288
8969503
955346
1385300
7482805
5943260
1689445
6701480
6942918
3358414
1278223
4068726
3936220
8299351
7325116
4586316
1829563
1060137
8261541
3246332
350814
2714272
7421263
9488413
1264707
6482485
8680778
8003421
5743081
4482020
2759120
2730465
7454592
6091369
7256581
8387218
7451206
4721700
1293949
7191532
3247510
6255623
3986445
8980680
6405139
4678915
2709518
4131367
6399790
3199118
1928159
1302934
7006672
1329777
6997605
9583164
7580628
9537947
8023914
3500381
4389409
9865508
8904398
2206236
5864993
4461289
144624
9651048
2322239
2496388
9509138
6072216
7518036
8851358
1693884
8673201
3359857
142503
8792629
5825264
9982530
2801617
2211195
9837306
750527
1087722
7087502
1330714
9083314
6418333
850789
8007224
9841785
3047493
914920
9343547
6439462
4439141
8353672
8109155
8962484
6185689
4629208
1159859
9440169
5278187
5205167
1586785
9580038
3203314
483596
5208377
8755909
2073217
6993107
4287242
1225011
7751930
1543442
2286444
5499602
2833995
5409374
3432277
3663550
230222
6975871
1319454
118212
8294321
7447848
2534088
2072074
8654388
6059909
364302
9160889
8334306
2801343
3923275
5796560
2777259
9088899
2220216
5420623
3311065
8732743
773046
5923193
4823589
7389220
7437459
1352120
164629
8659815
6801749
6883294
5968457
4610909
9056931
4509714
7597873
1753289
8109207
1096659
3928719
4041312
2254848
7962435
9526762
492026
1738308
1627683
2964403
8957613
1727106
6157755
2888145
8637494
8333624
763649
4700346
4775684
7669231
1049274
3878429
3260544
728063
1954121
5401448
5401869
9419798
7024472
6070110
6629153
2419929
6869517
2147728
6057646
7127934
6989735
7129178
7201358
5791181
7469006
2284075
6676456
8088899
7361750
3106929
7031582
3482218
3210644
2642098
9957247
8494155
3810258
4999524
1748242
8061079
508148
2038578
2997956
7745930
9084861
30374
7736027
5334864
5384037
2557346
6746697
859318
3698784
3494988
1290395
8208581
1097900
1435677
4253666
5279912
6540080
4412688
2565197
4562867
7964498
5480101
6405504
7994754
2093840
8125523
6369760
7468849
1598580
680124
7134469
8342316
4452271
8021897
9695856
1247296
3618935
8198372
222554
5838253
4484513
9858432
4216638
6877075
1559974
7054216
7616422
4965570
7660723
2050794
4457415
3037358
4329466
7523039
8562370
1106291
1280825
4555787
4062657
3027357
5626427
36923
3471062
389286
5299913
9718638
8230640
8180777
2179254
4571665
7710306
9439071
5446134
1138678
2432997
1618498
446515
7263980
4276363
9318503
1397867
9696236
6021972
2685366
9406056
7051346
2126015
5584454
921788
7152215
1626025
6675852
2706862
1230636
2741086
9667535
2871759
6649381
6209321
7669945
7374946
6834301
9311241
1310959
8745639
6790083
6994141
6099194
5345382
2503191
9119354
8221718
8485807
2700733
9097207
5077923
3681357
3236186
4089732
7076226
8316695
2808304
5268981
9869469
5778387
7342967
1245069
4873272
3172094
5001529
325271
8407045
4850482
9806295
7031244
8166890
9403949
4699036
8628135
5154256
365678
4922525
5749184
9835490
7481734
3672758
7914561
3650415
3661118
2208245
1501554
2306226
8849194
1179654
5314707
8135176
466471
267561
8679787
9395884
5874879
4466347
2054987
4511565
5923061
486171
4921949
9198042
8956917
1968823
3897684
6756291
5568508
8076566
2633647
9676390
9457422
8230828
339068
9454754
1089556
521219
2371570
3397477
8561204
8478517
5822663
2370906
550305
7534059
5344084
5746064
5081047
1958575
2622851
3226244
5236208
7531903
651672
7471527
5659724
5688802
8246002
6235290
494689
4565071
9759280
5422748
6486662
8324411
5426244
3233702
9666888
3419350
2443837
4417686
4340676
6861356
3791028
8581390
3944231
3470020
2055991
9931895
4411833
4784280
3410524
5319901
3596786
9939989
2924445
2557957
9178597
663187
5042416
5840392
4611677
7555777
1844717
1954245
7722143
121732
7935122
2666596
5685132
3866630
2122956
6438634
18407
8523108
3968426
8213934
5427570
3646581
2648511
4132993
5362588
7030804
1934662
7541305
6103074
3997014
8320845
795666
8672962
8259382
9374545
813547
6523671
1851042
3283653
9043668
2380423
2684787
7986420
1824866
9670672
166227
3785422
2241941
3948157
278381
8010333
4585588
3379462
7091534
641498
6687396
1581874
5201149
1471451
7042343
5180214
2763497
7168219
4790358
7187455
3156737
5241802
8842433
8633134
9270109
1348609
1312552
6275299
3790808
9053657
7670789
5290690
7210205
5887212
1195830
440701
3439126
5575327
2474895
2746544
4442225
4282383
4000511
7862608
9642337
6785912
1282443
1002245
9998298
8117030
3779077
4544931
8578217
3349141
7022731
7755509
123303
8570107
9478931
869967
9815034
8094233
6886034
2795719
8688487
1624277
9453777
3945379
3749264
5857632
3627820
4385786
3454953
7996300
9045330
2183036
1266736
4016096
5471749
9383082
6600570
3411883
4615685
5658753
9619319
7654105
7713896
9083468
8466710
2150428
4157490
8087950
9318813
1819885
9195762
1202711
974528
1529917
6723683
3382146
32981
3849168
55381
1035540
5846676
5490505
3117232
3709792
6384308
4940590
2872638
3063868
2531418
3754598
2999260
2169466
9016001
6341347
2464655
856471
2421952
6238403
7732748
3692613
9099868
3245375
513484
7874607
6196872
2964086
826602
4429388
5401697
5835689
8077787
5459023
939745
3395062
1497434
1102133
2037343
8005687
885847
6439951
2534660
3754148
2372170
3702849
7280356
5018295
8964265
352553
1454718
8821240
9740921
4839982
2050138
2044157
2066396
5053205
3219586
8755020
1794868
650575
559819
6473194
4141980
1477549
1844759
1467366
801278
8070103
3065353
9191167
7686117
48347
1008162
9710137
6273546
3555206
1578223
9074550
9910102
5757242
9754333
4889815
9468607
3201935
5988410
7503705
256548
8214312
1794164
9195006
1697672
6860362
1398533
9610813
9260082
7889679
7119425
3489975
352835
6781169
4235570
2859379
7829324
7385778
2033913
9548884
799861
944415
3804374
5872067
9965769
6913106
3775031
1730885
4546477
1717732
4552074
6757148
7564617
8247688
3268920
4662916
3895737
3707444
7588129
6200904
6766980
5535992
1099102
4775499
3638449
9898089
9138761
9309922
2826530
5420204
7937227
3437199
5678218
1134416
7581005
4009139
6047717
6636967
6416133
4363964
3600129
3865080
8659279
8658829
6598279
1905649
4386062
362404
2618838
5524772
6862406
1526716
6863916
7870622
3729701
8747238
5228444
5504483
5466522
5261817
7050842
3397123
4482371
5061708
3914129
4763399
9236081
2858273
1561666
5652298
4468412
9963214
1767834
5346808
970071
1901083
4306379
6403961
1966647
9291416
360432
9931851
8986570
9981220
9708891
6899564
6024889
1291963
6550338
1952991
7685996
4218196
4330414
6734668
4051123
7708395
9702514
2464827
4588657
8312567
2478670
5650539
3452329
6118572
2164818
129399
3984918
9286006
4424904
4176471
8621889
4060051
9919655
7733850
3760589
1171937
9102210
1576203
2650325
8945098
7646046
8095484
4007976
3679887
4178123
2268997
1533389
72096
948942
294672
8779081
7572021
6850596
9506882
3455701
5349005
4418203
2095744
7828539
8122723
6172032
6997805
1740948
8992975
7612128
2967482
1683615
5388162
2304065
4514069
9597810
4979991
7396365
7807163
1572981
8918970
6460150
3936498
1730455
4888622
1754670
2222346
3607015
1912221
1132726
3550971
3453061
9804788
287751
4272319
317367
5451666
5029888
8447456
9822820
816383
7060637
5777257
1028079
6348493
50067
8348212
2638976
1011448
9530578
1386118
2377573
827197
6425884
1073334
663608
9592209
6022914
6226498
597894
5117963
9447044
3358526
1502345
1874535
1521927
892286
5657387
2162007
2204745
831149
204913
4427423
5838871
4457946
9176498
5796492
7668378
2357926
8053400
5472808
2200556
8620526
8446329
6286517
6995537
1960815
844484
2837521
193783
6317752
8710315
4007033
8351917
213370
1757753
8496537
8781670
8147764
1486577
5485132
7068445
7657167
5099419
2346746
798506
1730603
8660587
3500657
8589702
9167538
7124193
2542243
1353706
4474026
1378978
2293988
9525860
3203482
6208568
440394
2656879
8919761
7190104
6009285
3546508
3243824
9920414
8474466
2351098
5495681
5488817
1949874
5354701
6031827
6325853
326449
980294
5619733
4262918
6520071
8952445
3013002
3205954
9660919
5337550
3091163
5311992
2134579
4392245
2002916
4525951
2210011
7521677
2942146
6034224
4178927
1512076
1840225
9058128
1461789
8047344
2063591
9841517
2126945
8422003
16041
1554777
7180116
688738
5568061
6981960
5590846
9748622
5081950
1517717
4742617
7795368
9664495
6666148
2168087
6387010
2382286
6262019
2153322
3836455
9594704
7715227
6282150
630312
7585726
2720506
9718606
5681887
2778410
4558848
8174456
2441166
9059272
3257685
7498376
311502
5993352
5711588
9601661
9847528
3395306
7652602
8262759
3197723
405893
7580525
4508805
1172953
2289723
3714553
3908493
9120728
3167785
6641589
7891611
1077693
7826736
2226057
1153566
6032647
1587630
367286
131733
3289738
3481942
5405472
6892275
54263
8204198
6799159
6791400
4238057
3529319
4113359
6818211
8969523
115528
7217312
741493
5414035
1711496
6627134
1835955
3637137
5915978
9211528
9635906
263906
8353772
5832145
2977919
5208285
2295304
2494663
3670913
8293765
2008765
9889207
3343021
7644838
6126392
6924259
8430747
2589333
5154901
4801932
7899463
8972882
9354750
9807687
3335319
835933
5568767
1520840
867201
3432518
5414418
7475209
6559197
5417059
7530192
2697258
5988917
7640107
6092402
6178693
2384868
6777765
844237
2916294
3406400
8495574
5681952
2812439
6356633
8208354
3036610
8375477
949176
4610887
3339693
9915288
6303954
3622143
5196052
870805
3160668
6368418
6906226
5426577
2479122
9554155
7725624
1279323
450853
2919715
3316490
9426042
9895691
6296053
6990272
8107050
5518948
818902
2293161
5902632
2037760
7890601
4327566
3061933
6929849
8915676
2757612
7217749
9691437
2533271
3286251
787887
8781659
6339246
728173
7236068
2525370
8967190
9514050
7627692
1879831
2826858
2600519
7294674
6721404
8430442
5331332
2633300
2034259
8106687
2284342
2257977
3845115
4951981
2009142
4310544
4784878
2587412
5587550
8978831
7513373
4097584
8467112
2086001
9057441
8132132
4793595
4811447
5385776
7262406
3480525
6362092
7348319
3300565
4319488
2952236
8227446
8037338
5391148
7318966
4242780
8896956
2523817
1669854
8248319
4556913
4471279
8265494
9907702
4743576
5798615
4638504
6111372
4551763
700557
5476077
4134570
983605
8388663
8895622
881957
1351818
2774535
733805
5134790
6656206
5888806
2767608
76839
2890872
1324087
4157605
4521243
9463177
1244570
5525445
9086361
7069763
311126
5969958
1240901
8357067
4326345
594616
4069258
1913144
4953100
2281266
423183
6425221
5172279
1733429
1102065
3951109
9688568
5871384
1774289
1063062
6974611
5181559
1680405
6685931
6850750
6734200
2779066
918696
1820916
7589399
3800917
506987
5151973
5879011
5637387
3026397
2615862
5441482
8487693
6210303
2599934
1472467
9779653
5313489
2315884
3943858
9219447
8152693
2891267
6950577
5847394
3219708
6238266
834686
3242558
6459259
1277681
6802021
9251351
8551418
5208175
1954436
5962667
4147759
466023
8657162
9078195
4586358
4910400
9315258
5394482
2220413
8959164
5983047
8053940
7018037
2453588
6380205
4915128
5189678
8085905
3196977
5925089
8297529
9485444
776476
732066
3464642
5073961
675823
9387157
3565897
6370960
4128805
352936
8371208
2122941
3670764
7501643
1445410
9013510
2811003
6322126
6262877
1490994
5050531
9119940
9077178
8387976
3199142
5140607
968558
6984288
56595
1361022
5574137
9873388
9040342
3315036
2688207
8536173
6723799
5230641
7060462
4343877
9737577
4349147
5723866
8584475
338147
9177442
875307
1972896
1772025
2365642
2118074
2614752
3313188
9329200
1459372
7250176
2515513
2236153
1453901
528670
7536114
8503234
280502
356658
1254354
2351718
4957807
5327019
9197378
9174383
393672
2232014
1325219
8273414
6399975
6584034
6572316
4184685
2903222
3585843
9172752
8351297
3948837
6500249
5403609
9898804
2595593
8823363
2542728
7912748
8676838
3833607
6871093
812241
781330
7266873
1597737
9463920
9186121
524745
5351800
3203437
411728
5476566
9638669
664408
917840
7876495
351197
8661613
5158251
670121
9792123
4792061
7805784
10337
8264066
4567215
5189549
9939683
2342248
3676280
9744692
3827545
1408048
9997852
9536507
5467340
6011211
9023547
644636
3721394
3074575
6044154
4102809
8870073
8029409
4821266
4463855
8740665
9393154
4800490
9796888
8439553
1186911
1376825
690129
4433714
9643962
1893784
1435066
6358384
3979615
8900426
6079470
7938132
2253070
1163972
9958447
3659202
3690571
7078897
8347213
5099846
5342684
1085704
5270152
3046728
543306
8004182
5180915
49349
9801486
7636985
4959961
6402030
677268
1616728
592319
8886127
7942753
7333540
7346590
6004567
8492372
9394472
5693906
7860589
7498836
31689
4403648
4288920
3842557
2223675
7912757
4800160
4811556
5868758
4276956
252771
3969736
7893306
9169769
4661184
8022504
7721280
8533055
4358423
7810361
2644579
6353136
5841701
6822251
1331476
923514
177240
4747571
2128928
6127145
7856824
7527834
4618053
3965921
4648217
7904187
7555300
7666439
8260057
553940
2998964
7928678
1293115
376384
1914298
2404223
5738628
3911142
6876044
6506666
370477
2992465
6677729
7600915
2924717
8835057
9797343
1595256
5263031
2265013
8596144
6180869
2008443
4115489
7821302
6914865
6448091
1788265
9727182
8691985
9852580
2710204
4451836
3595100
2056797
4758387
2738059
609900
1628087
6473322
8253547
7003676
1105929
6072426
2887225
6080791
5499790
3218751
7842744
7845371
9266952
5300729
9235000
4871268
476261
7210564
658316
3010055
3011571
1653107
3627417
6938108
6344213
212345
6685021
476299
3801166
379478
7373106
3419977
4831864
5020616
7155897
4532593
9239847
9729243
6356718
933928
2832179
5059853
6532238
2979183
2798921
2695062
1309848
4154059
9138706
6092690
6926268
8576141
8326633
6256390
3786900
4751562
1064396
1395104
977022
6569117
8269548
9756672
9575728
6327172
1885865
5375363
137430
8012510
8709304
472378
108302
6191152
7901601
6356748
5776622
9025371
9121216
8676110
7447995
5417271
8594859
5951865
1095950
3870421
2295529
969453
7011376
928581
5621525
6477014
2472345
6431816
5740273
6074647
1691674
7290241
2786120
9267438
1604602
1738678
2501096
8808863
6932327
7874816
9941971
7843740
894072
9567435
6011409
4222449
1473667
1999177
8121641
9297028
2498390
7892869
8902625
7970258
2375412
8459295
2462593
2324613
2640947
7145973
7062978
8613983
9535674
6782405
3453610
6664909
7099398
6629516
8073931
2626476
1923301
9820789
3548539
8314013
6848121
9348803
8276959
4259573
7298118
1683043
8082276
589559
8678010
324777
1680075
609663
8981646
5044851
6637623
3186220
4291998
8895902
1965807
8383427
6921769
881073
1998331
4630170
5750696
3008531
2736625
1688649
3288973
2358316
6142741
7279597
1138107
5547643
3179015
9709124
6912826
9709519
282518
3285391
2421663
6757760
475622
3383290
7050991
1910665
8667516
9748222
6628584
3374414
6413512
3874961
2562958
2680836
9239273
8817637
9372786
4647849
9549512
9108082
8764436
4739094
3952422
4040652
4224048
2379099
7727623
4260810
685696
9970189
9264922
806761
6504221
5875867
508456
6715715
7825569
22507
9785129
9902393
8789657
370955
2291230
1614884
3246336
1536363
307754
7922969
1948144
8913571
4224753
6637837
8239160
4826427
2987416
5578680
218176
8902202
3119682
9494838
9561228
6287510
3982871
4125916
8764539
4298684
2708613
4722457
5351823
5764089
5308956
7033346
7408469
5586829
2770817
4601828
7715024
2071199
5583324
4337705
9687021
1597181
2063614
4876288
8073376
495052
5228786
1538945
397954
5810489
1584970
5469944
3435671
2317762
2662113
3105579
6987114
330374
7942261
9628939
5238615
2201869
6500361
5177922
4522373
9955488
3332573
9122818
9650019
5038245
4293539
3638058
9350702
2465906
1235976
538420
6925914
2910218
2188239
5871385
890207
6994621
8249213
1370127
7002653
6618039
6389209
5055090
9408599
2503432
8388172
2184918
8063022
1772501
6442730
3552252
4503366
908861
2885198
3402183
7869433
5225176
3312511
3131311
303298
8463585
8779689
8682535
9392142
5921709
7736114
1111493
6407306
2799004
6955466
5888935
6525717
1513387
2662039
9716244
6055835
4282845
3243145
4695534
9048113
4594777
6170623
8821368
7616182
6684175
9492009
9670597
1982695
2271853
3150927
6607758
7788694
9755955
9473933
6041671
3386301
5827648
8068585
1880171
3143755
9621624
1494877
8787155
9337651
1508991
6801988
9670534
4533975
2231165
4155134
988480
1547630
4584529
6417532
4033785
733895
9750062
4456818
9927400
9613014
5782139
8385501
8692809
4241318
8258618
6366663
2185382
4090535
9179754
3779871
150095
8164189
3156443
147907
1236816
8274468
5361399
6338067
2434513
9898683
7986907
6859611
5614042
9601130
8109205
5447835
4581666
3650308
5767348
3295712
2473859
3043049
9724842
4183087
624871
4545976
7247039
9390390
9186027
4964263
3982478
8014989
7492349
7479877
39859
9762941
3751776
6334883
2870693
6338655
6390448
2965220
4930201
3491348
9215794
1144842
9096711
8286062
8292247
4549201
5030126
2489891
6747194
812922
2785667
6383513
4319944
2828912
5382325
4218949
4163922
8552812
1408796
148868
258691
6840128
5721632
262473
6153970
1050074
4637343
6696346
7973685
7110687
7569788
3441545
7364203
4265221
7369745
9174237
3300340
7988145
8118130
9815208
2703186
2341886
9777821
3065854
2271478
3321590
8294951
5175271
1274481
5782682
5336489
8184418
4148914
244353
8620002
9297404
1778303
8658705
9549377
1992491
1453664
6678768
6716040
3223953
8761594
6908025
9599335
4024708
1329744
1287081
5680433
6329662
4486600
9589117
6581434
6400601
4122422
2067320
9398201
5253825
9709086
5639237
6425145
5208412
5568459
9453066
6243046
481342
3542984
2951929
6525
4543409
7762784
7287509
3298539
6126553
9080892
5590429
5658255
7232552
6738485
1999646
2404658
4549483
7316094
7376207
9423280
4360150
299960
1482143
7390499
151825
6880752
7992919
7747021
8225884
5666731
3351844
7344837
3422547
450419
8688960
377449
1169207
7389297
9675189
9271574
1146879
6617865
5528143
7537023
2824525
8966943
5680164
7213118
3729543
7866945
336116
5550504
1775092
2672884
1950968
8436381
627625
8709448
1828000
3904330
7685467
5197124
2268004
3361851
9531992
1182177
7826695
8227354
5758944
7089317
7964297
8457004
6858036
169253
6097207
4087017
9509563
8938888
9593711
7714389
7225353
7023898
8793995
6070053
6252833
2901563
8653852
4960734
6875168
4390553
2720058
7587285
8142859
6704529
3504066
2954179
2677439
5554525
815510
1531766
1055732
3752931
7607603
6832327
6585077
8876897
7488137
9392346
9170010
8613972
7529373
8436873
9968399
5404598
2644866
9934517
4591840
8813404
2525395
1040682
7975991
4056340
3962557
554451
987355
1042541
4690798
5752233
7219041
5981583
4704436
1915054
4163222
2863259
7745470
9467787
6387704
7837912
103285
8191225
3973230
3417484
6744629
9123153
9107903
8857374
4891183
6805979
7222216
9621471
7816771
201377
2977367
4768590
1174244
5246568
4752353
1115220
1383161
2781732
8223337
1929463
8827866
6917549
5600811
7486403
4578230
2190730
8934477
3193427
7636952
6657967
3716759
8704161
1141601
7596250
1833440
5442419
6441934
9992618
4428258
4608381
2405162
3476060
1580438
2114874
6139763
721308
3609939
3780235
7145835
1110178
5307597
6046435
1325296
3853781
1589710
4937815
7984134
411522
8274094
476973
6819150
8606348
9707817
3165611
5586485
6903553
3472448
2206807
7047302
646181
1524641
7476341
25305
8889538
6138825
7555780
4208577
8111855
2242538
6929822
3512509
2596870
5546730
1314610
9898858
9634354
7352776
3166884
2106788
8278477
2056976
8302029
6684058
6446236
7393027
721988
370973
7614836
4297969
1786667
6718661
5608619
1003266
7527606
3110396
6464136
1279525
1078334
8762546
8252086
1512691
6219037
913992
3478686
5925409
1502683
9107280
39656
7120836
4943328
4315390
9286372
9568803
4354193
6491252
5840102
2270074
193041
3482458
8127305
2513518
8991110
709122
6397659
8833021
52313
4316687
9023250
7773399
9397466
7300758
7152125
6909184
5566914
757825
5534020
9158829
4907591
8179460
9213424
1687722
5163746
8302373
421708
5866523
1521174
7926685
3692356
7609217
7774085
922096
7011978
3254070
4113985
5942600
9713548
4486784
1209911
7867386
9288286
4443088
9681952
1301253
791613
9547818
7640401
5890976
278339
6675826
3517326
1203670
1229294
3859539
6688773
9587233
3148876
4776048
9071280
6238917
6188645
5999192
4798928
5171020
4714914
4444035
2075838
6773291
8486573
4972875
494894
8374509
6517136
6254719
5541027
8498346
1629065
3402671
1433316
1571174
6478290
2714307
26067
3760589
5201945
1392831
240233
2986022
4014284
5400565
8224417
1116165
6125003
7759330
3493331
2310513
6680644
6849857
1073750
9934025
9818808
5385989
8056913
4085697
9996697
4156555
160214
7233659
2371621
2190593
7195677
63967
9642387
7043645
4981504
9302936
2278326
3881499
2645049
5022159
8669297
6523780
193652
5572034
6007610
2634570
6850749
3009148
7308443
8143881
7296046
3302500
3025319
7824626
1516685
3764178
597639
7269429
5306281
9985130
1086167
1100593
9791775
9722362
5381696
69149
2067077
4913117
9893575
4385364
4263738
4780781
8563227
7584631
7337813
8689531
7215173
91872
3653243
3178072
6060937
8187382
3769580
8487222
4850786
7976237
4944935
8446720
4391626
1104228
5215099
4699481
5517233
8879731
6746685
6839501
5723612
3619367
9637532
6293218
6412106
906467
6316997
6919071
100996
8542525
3700071
9956012
5112210
9018914
42266
5201704
3482819
7405773
2970754
6647374
857865
4820881
7909313
6483422
2383840
2917511
8987022
8226471
2165109
7853208
3217811
5954087
417823
1493101
3789799
3750270
4891963
8617730
1300650
9078265
8825454
3323486
76531
6638929
5431132
5293696
8380301
3534430
5604452
243427
1736984
4814335
9865321
4584850
3135468
9809782
9752192
758131
5204052
6141569
8680711
1800712
9054839
852106
1156864
6461411
9930272
1129940
185725
7157094
4692525
2697778
4705659
899597
6694579
4166217
2637789
1343757
2994531
215916
724631
6020000
3277764
5611919
7673199
9232807
9559479
1808206
5960300
2852433
862566
2975528
3093454
8762703
5737112
7195778
1326519
6224697
4310708
3265959
8845305
5203140
2299892
50933
3859086
1034014
5769577
428724
2420400
3292692
9291049
1441948
5246479
1313776
2905689
4056169
2883345
9582826
7939189
5319921
9856904
9592537
5560377
1505345
1847829
507186
3959816
755658
8523365
697192
1025268
4238356
8918914
9913335
1884915
7092302
9281682
534085
8294022
5372110
2761783
6069757
3369550
838664
2914351
3562808
8247521
9490013
7285352
9448655
1396615
3804736
2525348
1156572
7259568
5744056
1319651
5205565
9571129
4126779
4959216
968792
4468313
9652957
7912466
1249406
9967050
2941252
2301259
9702043
7684337
5347993
7584834
9979403
1327805
7690968
3655439
7869169
8634009
5203408
1499700
816830
6947621
7424045
8536469
227234
6348736
7238746
7777035
9694727
2597115
6524965
7995497
5544998
5905508
6252319
9508150
539019
7825759
1330671
6461672
3111276
2813034
7908656
8370017
7963414
7432199
9365048
1697457
1564682
3913309
9903617
938179
2993981
3350991
169960
1455234
6575159
3691196
2154654
6206711
8957285
3560111
9240868
2571259
3959729
3453923
9185812
2004322
478613
638985
3961690
4047874
8360773
6560454
9274839
4245131
6058201
3550611
4428534
5152764
87197
1534928
1387594
1061474
1025829
8445011
4329085
5326171
9997955
2274592
4369819
9167492
271794
4860629
8390541
6791820
9580949
937542
8800688
4266220
2624068
2382229
3124187
3123836
8038369
8012637
4357125
2341033
3319889
8252444
7546246
3329534
3047388
1887389
9599949
5848997
9494313
330364
7066592
7437777
348181
9373027
6298812
5550228
2089157
4270960
7948347
477658
1689832
6273700
7270790
7051236
3882485
8766823
5244172
9449106
9547831
1903733
5550095
9525030
2143811
1626403
438465
6061618
7586426
255362
5694530
1388415
8737571
8631967
5928725
3742820
2744642
6842134
7944959
2862669
3803309
8471224
73643
2760873
1072118
9111634
5998527
3195324
1450406
5438413
9485126
166927
6217159
7936400
7554545
7895888
3099945
1536647
5592754
5683333
2073646
5954324
4876370
9018171
1877395
49607
7857667
8128527
2463462
2898032
765189
9274652
8718211
4536065
151058
3876457
2756952
1796982
1312151
9539703
8904985
1874649
4961502
548378
9788901
6120470
2020504
5761762
3274878
7838183
182633
2404460
4251197
3934421
8185870
6166868
6990092
8783507
6268869
744176
3859451
8576597
309699
7709127
9001756
4909903
3709582
5978445
9094463
4343830
2654335
2269700
426424
1039458
7384279
813501
3734068
7669023
9838318
703167
5495986
4896381
3933722
9389733
6928347
6315243
8178100
3061916
5345883
2579185
2534917
5455485
9516862
5780978
4869113
2976861
1184154
6203542
1623052
8808552
1763564
5971728
7427208
9002219
142759
3736892
6616870
1636626
7510435
3997819
2823540
7456986
9242937
3664748
2851379
807647
4910007
2207752
7691698
2931991
7805345
9777442
8687753
1454597
7409288
5414627
3031688
2043652
241993
3710432
1041392
4102377
9177721
4423595
7102531
1942516
6869222
6020787
9431861
2892701
1459074
9279106
993129
937203
8269938
8977413
1099230
9996426
1830204
2811982
3497173
5113429
9079817
7957646
1178702
5021914
8476408
9853288
8832368
9630307
7330871
2947278
366761
4551201
7787328
1074482
6090627
952001
4168077
9492419
6013030
8224335
6759524
5643357
4730775
6242180
7246519
1568500
8154958
9983689
903092
5771979
7044627
5966873
3426456
1418490
792114
1704930
3735437
6345946
1429508
8525111
6506247
8330828
7737226
7444155
9390797
3622281
8754333
483615
2032399
9736101
5018444
5196054
1271261
1822917
8921978
4523229
9518647
7298013
2705608
6160015
1526847
9494159
8348017
4172456
6284553
6889733
8122752
7130461
362297
4547471
977452
3918275
3236816
2526564
6298978
6941469
664214
7504291
3674845
4656701
6201888
6115148
3883826
6906267
4009196
6277079
9781861
1171007
865087
5954245
9264247
5720363
6485298
9869431
1609676
1043762
5836716
4882466
7822781
5408084
1003244
2653551
7356667
6028954
5365780
7089733
8606072
1135197
7789422
2755304
1772917
9768746
5121658
475987
9960513
6924241
5627
794211
201013
7334234
3642723
4718641
9080209
8253760
8498739
440732
3344782
2713353
6354109
8243786
2213987
1475249
3758272
1356170
5537773
5496817
9491746
7584123
7972179
1877434
1145115
8022591
3387853
5412634
3818002
5279928
5438974
2866969
8171093
7025079
6177999
9151776
5242165
9855807
6523287
2068487
6184911
3336266
554656
1503996
7941440
6018406
4329516
944819
8619269
5023372
5823832
6282414
6577701
3715028
4647734
614096
7760406
9212550
7857348
1266465
9568059
7433731
9710353
1541083
6588555
5964798
1658707
7252401
5058296
942681
7248268
1625691
4878038
8509058
8554477
4742014
4605181
9293393
6313246
5449837
1375670
7194822
4725944
4744660
5291105
7750930
7624433
1538669
1504350
4099361
8056723
945448
1918889
4235136
336566
2153225
5452569
5445892
6355078
7440512
3199675
7501917
6482010
9187444
4970277
1239832
2558315
3114021
1569573
5401626
4718789
8638802
4636372
5877921
1651307
7120417
531385
4812292
6881488
4478461
5042101
797331
2683393
9381845
1114306
9026533
6103638
6269972
8136124
3348100
272391
566547
2240787
7409024
9560616
8570988
2178524
8638804
3078079
3760176
5666718
3964111
8171626
1766539
7267297
862262
8036567
843352
3636471
9220283
7899757
5747834
5604984
2527980
8914984
6992774
3667052
7823734
7961951
2459617
7788283
3867688
9856402
2643532
8920812
7932971
282165
5140269
7399526
3029776
5975961
7742806
3905808
100189
2443210
6587327
7143161
300241
567695
5224714
3009046
103159
5684812
4375935
5776723
2371427
4018957
8393894
563810
9025032
16026
3979846
2999625
3289844
2437235
5908169
5761385
3095924
4981840
1010365
4676698
4810801
3696767
6642602
1897234
6577926
1909030
7379604
1718720
927933
1122908
1535888
9213911
5859327
4912534
6114226
886293
8212967
9661489
8107828
7625590
7917246
1424136
3281681
4671196
2781398
6040748
5051288
104537
2049913
2687347
5086814
3995533
2674871
588593
4071147
2163759
1941197
7483023
4833339
1050684
8102982
5000006
2897442
9980591
577192
776705
2263881
9708086
5781627
8280114
6100535
7377884
5069970
424249
1180838
8013577
1527174
6549012
4909121
5891903
7555877
2803422
2626147
7971510
8063397
2572037
9250392
6927063
1796180
6423064
9324684
9649034
2981597
1947727
8719631
7371262
3878278
899164
7224893
2961779
8989338
4421376
8660847
922577
7060374
6768520
3370270
2334686
525739
717294
68755
6478073
8609042
3351065
3560332
1375722
5853428
8736744
7608886
5299293
760514
1699681
7228251
9231544
3634722
196979
179273
6956054
5739779
8809422
5681658
8674782
2742902
8502871
2510853
5920943
820965
5372250
6855250
3041564
685085
8952914
8787769
7259148
2433352
6313587
180996
5290540
5352951
7496423
9757339
5404452
3859457
8758289
5371986
8510179
1953615
1567506
3493763
1680648
282192
9826069
7386720
6745830
2377759
6595089
7648918
73648
1970397
8388142
7126432
605099
4653230
9443363
3402856
6336122
8590684
9606774
9920139
766409
3976194
4167564
2604716
2486369
2150064
2165799
2582705
9151213
1315577
3341425
2244433
8689442
1395720
2914882
1126264
694889
7969678
6132283
534599
2400609
8926004
8143440
3872258
1754550
2184795
4844847
4733013
9341339
4133741
3285513
4333069
2288739
2959358
547308
6848794
174572
7239318
3646668
1636706
500748
8103216
5211165
3172508
6024948
7611464
3836713
8888197
5118656
3647126
4549898
21588
6614447
2511729
5761411
5786280
7504579
5540905
3016057
5761527
979475
8253966
7342192
8979901
6808329
2792545
2444081
7913332
6210252
5238613
3890252
19715
193887
8787752
900094
8634194
5865618
5257960
82283
8340358
5691471
8842929
9997409
1049307
7704482
9240674
3073977
2021099
5493913
3328222
4425153
7243659
4445724
5268774
1931888
7806277
8514212
3899992
479972
5225124
6292810
7346764
5256752
8471239
4224023
9404085
6534783
546932
1109789
1440650
2064304
4670592
1325116
1154070
1606849
3233439
9299863
3522723
2311417
7982298
9191649
3600222
2773752
2446389
8621740
4251078
9017558
1847694
9708149
6742600
5862693
5930135
6720393
136040
5085234
1671054
8189278
101802
1076114
4502534
3535268
2637067
4274450
5576333
4087933
6978232
7010534
8038420
6813605
6210703
4414170
8923629
8729375
9424513
5183520
4757055
541281
8276225
5365364
5702799
2029347
3452260
7643381
6003481
4505414
5322328
2181257
480089
2014164
3454411
4099183
2407543
3389203
4105572
2517606
1020443
9770515
7894229
4384251
5624298
5951157
6619665
2854059
8589746
307723
5687251
6519004
2729743
9310122
2178466
6417125
4341351
4287027
339026
4133579
4775085
1782119
5834936
3159527
9812691
2616749
9916019
7510876
93501
3364013
638381
7186108
7857950
1705447
3152580
6851759
2090231
8449506
3222103
3326633
4976226
1499396
5049364
2422836
7899428
6265392
2523956
9210868
7061422
7975588
1487184
5612477
1741988
9187814
1589627
3183610
3645272
8622492
3598253
9960460
6247610
5239104
8024348
535022
2799950
5060862
6154776
2921610
5849869
3034599
1025907
3590928
5516516
6609759
5061276
984729
196707
7951220
9497360
1092059
3514465
3430143
7829844
4668386
8349335
5486469
7371692
2056958
6073950
3083189
6710401
7067747
3537230
2901036
1817377
467226
3775094
8111919
2043260
5386598
895378
311413
4642774
7702079
6107020
1118448
1249437
2740925
6607465
5430435
4618498
9235253
3291172
5944739
7326400
8296904
9533643
6387948
5857400
5568881
9061791
5704732
5711590
4222121
4065363
805282
1444970
4500915
6457872
2939872
7057465
4174785
5392158
9215243
106558
2377756
556564
8719018
6778444
310972
1119762
4577532
441711
6506919
3265981
2217821
7437117
6934878
8355252
812918
6653473
4410045
3088842
4744469
3406540
1393074
4848145
1903492
596592
7295992
4526244
8140574
7673824
9855570
7454478
4279947
8047010
3943710
9724138
6064365
1643564
6334854
6404764
1082620
4033999
2451920
9081268
3871398
1811383
3792871
7506327
6568470
5711051
5187858
6534187
5573026
7275820
3421706
8987950
4530946
2193344
4880525
9998000
8859403
9779394
1966818
58509
7426844
6822134
8205404
1373134
9890983
9702719
7469240
6389255
6154345
5000479
8066571
3996353
6013741
4406919
4482940
9976341
1442550
5020782
6602255
8119757
3890822
6225988
8534088
2356263
8338716
8240153
5356149
2277437
710431
2843672
4621893
7135271
3160208
2037137
5652830
8160224
9562399
2456629
113099
3087622
3192011
7507547
9566683
2783071
7704571
5492504
8427263
4550349
418760
2279797
8829680
2623096
7000189
6424879
6721153
6160849
629588
2069990
6017071
474383
1296411
1287764
6028195
3210354
5700998
4944774
3360348
3505539
6318662
5824214
3833262
8430294
3903685
9169263
8643402
8575020
4687519
2688421
9164152
4950128
2363400
2469578
9372830
8455271
3711791
2062888
1975079
9127449
6759240
9505283
9503638
4125993
5694387
8171105
4996863
4254515
8539912
1965106
2886110
8898336
398112
1659829
5593099
3065764
4092454
4345564
5523658
9166664
1976205
9623114
1886481
3367357
5519120
3073517
8915484
8211211
3498683
7168970
828233
960200
3626954
9383709
9140763
9165726
7081773
3650853
1891178
4188246
7354665
564426
4003497
7974557
1006930
7784608
4362715
5855604
1932675
7162896
3011428
7780239
659301
5905157
5214233
6273386
7571949
4405427
4099579
6958398
4252533
9791030
6926686
5956736
1052028
8681508
6869507
2298329
8734358
1670701
3943826
4018574
4154323
2113775
6406694
4389791
7690436
3312237
1929681
4633601
699626
6192472
8803646
8866250
3810204
8467923
4747372
2283261
2230980
6700688
3700162
336169
9793281
6147292
3852219
8691412
9032263
3194838
1586745
8144531
1100528
7258052
4355762
2466992
9346366
8602368
2790705
2758185
1025497
9028221
124621
5933443
395176
4757755
6557214
1248080
1227798
6600643
9983974
1230724
3364026
5425466
3688265
6783198
2139106
7745340
6009608
3033403
3065469
2057702
2831017
3111582
1565340
6891546
8913787
750367
2282671
5294360
1473252
8451595
8013284
3175701
3158346
1787885
2797706
4726728
9798100
680323
6465164
8834317
9850156
6502770
5292109
3946430
2447179
158184
7316476
6232161
7809560
8117591
7288530
2244014
1418056
4663319
451236
7091716
337351
6684032
2771863
5862722
3802052
6824982
2982737
63104
5864466
3478276
2186373
5212459
6600987
1180000
128012
5183347
1248082
5394687
6337893
566523
8975335
4257332
7385997
6565007
5636827
8994599
907738
9629792
1747811
4705040
4182204
5778177
9879015
4778975
5968114
2111966
4952523
437725
9695122
8157492
2946336
1944274
8434596
5752183
5267448
7945451
2053528
8926099
2820064
343337
4515156
5297839
6467955
6967342
4159771
7133534
6543111
7697244
7883458
6534125
3433086
6444786
9445872
1460714
1178831
6509474
106446
7491377
6105773
2913792
4849845
4455998
1235740
3771878
4353425
4089611
5141374
8197174
7850778
6867648
6110441
1891171
1390523
3604919
672618
9442842
8328321
1379143
3572848
8862910
9860725
6419200
8232779
3925511
7701160
5092504
2856548
2476306
9995526
704410
4485977
6947769
9021030
2520468
4121641
7459474
4947437
2304901
3367800
9325419
1418478
2406693
6057402
9316273
6299741
1569456
4662970
2502558
5790336
7090701
5103603
6263476
1370367
8226845
5570849
2707873
5772893
7344040
4524351
2258076
7617668
5083171
2806988
2581396
4435973
5286862
6329475
3828079
6601132
9830923
9132806
5247530
234711
6187097
2868109
8205565
934670
8939594
5520200
3777805
6790706
5243217
9493722
656135
5559433
1546886
2321456
6380330
1317828
4176154
8072256
2201581
5280327
4846865
4617978
8280340
8599105
7858220
9639575
7765705
4906033
9718211
7138883
7123978
6352140
5681757
264402
6072575
8859671
7918845
567987
1498209
9011513
9010831
178423
6275630
6125045
7981328
7315808
5799422
1951175
2110953
4620135
8092337
7611782
1755682
450735
1570705
2176238
260697
7044829
798401
3750287
1317792
1407309
9638126
6318499
3190945
2725088
2249661
7447276
5983879
9454551
1182460
1381677
5591620
1562554
9618902
7122765
4675552
4700096
489577
584828
6322487
806208
9503298
9295264
1901517
1751494
8527016
1025815
7596595
5393755
1194610
8459559
9870419
9027363
3392081
5388332
6702046
4880326
9117292
5792628
7871902
5666243
2678391
164752
3456858
6986782
8689008
5539389
7962558
6455435
2792449
3284523
2392622
5282006
3802910
5432061
6122355
782724
2547467
829652
1239433
6710450
5520535
8578739
9530952
6659702
1847627
4661046
7691605
9305065
8808496
5451265
5521170
6017655
2075215
9599884
7246393
9052719
4909513
5274077
2402550
9654045
6643317
1237601
6351169
6047487
2103772
3216728
1839971
7933477
3233038
7219599
1119584
251554
4462825
1260798
7062699
8739402
8521053
1599349
4890558
8537445
8025849
2295432
2928846
1792355
3605867
3507400
6487745
4114062
4363567
9337895
9543839
5074451
7965613
4246453
5718992
4065298
4257106
7497377
4311270
183674
5095095
5307035
5518682
1868280
3063726
611566
162681
7790
7293216
3938306
6722895
821212
4979639
3758804
9352879
8685697
3698045
5268255
7803041
7740787
3254812
3775346
1750910
6207413
5101581
610742
2016346
4141594
1410873
6151319
355581
1209047
3931717
6747402
1007932
2451343
1893026
4638170
2404813
6145875
4424894
6779453
684623
3409662
4162827
1426547
2395633
2880359
8294602
9203001
2381529
6841333
6505072
4330822
3266100
8456805
1349516
5044664
777564
8150251
727400
5208114
2863578
1685090
7152286
8607815
8203196
2114409
4653252
2065799
5722838
1619166
1139805
7429899
5792858
763302
6429282
5469080
1964790
2451144
758183
1759842
4504696
9260142
6649126
4787972
5340711
4520443
7891670
8909525
4193575
6972868
5142719
856473
8754342
3502210
8335170
2076354
4325620
4102299
8394814
1858944
6445837
8100987
2897958
8511794
6447018
7910994
2739522
4315010
9618524
3049259
1728022
1995088
1899289
2577424
2281979
6325792
9991999
7510806
790639
5561742
9280954
3754819
1820132
1273977
1374712
8279544
7062290
500118
6112221
4769544
221383
8453221
46976
6712098
3368690
8424833
9447610
3985654
109460
6076183
2842887
5455655
2872928
8351185
8499201
1162083
7664499
6131822
5274180
405981
1107346
7655379
7551869
5515040
6368203
3151108
6199519
2581994
1688751
5020220
7671333
1700347
3785876
1062327
5063758
1995931
2887153
572772
5876992
3643606
2100385
3071162
6327628
9802967
6537277
8891286
7773112
1300889
1451758
7142493
5564114
5787131
6797013
9474235
7401484
4576460
856344
7284202
6473812
2071600
460708
9243313
116628
4346833
6568741
1100705
4814652
6502605
6602233
4118887
3736909
4332701
2276009
6598606
2514501
4046040
9888234
185759
4167782
8074557
217914
2000565
7834004
8617605
892960
3838434
291429
9594387
6304188
4897854
6995381
4504956
6161816
6002944
3488787
6259261
2730366
6812596
8684488
4624411
2726125
1144106
6142493
9634573
6019854
7380747
9728191
9785206
5149718
8145027
9458328
3352477
6377207
7725079
9726637
9041040
2450864
9337434
6818939
6914194
4246859
9183261
4629927
668036
2348670
2699758
4019561
6209582
5650115
1569677
7041413
5755487
3001252
7041358
7391353
1094278
5350026
1603585
4143351
6467559
2498450
7408694
5061575
4086228
7086764
4447798
9985776
6493561
4505229
7614086
5915289
6443089
240526
4038606
9955809
3385443
7550610
2252977
5414323
4404936
220391
6210376
8344201
4759179
5584938
9064824
5412840
4429594
7980874
2112474
1961100
1624296
1748408
8408244
5688154
7140581
4025856
6321304
3912822
5439972
399498
1362359
3883747
9393266
9875439
7788088
3248646
2942086
6358041
212900
5842785
4335182
4341796
4514934
4228875
6197496
5225756
236219
580882
1243378
5114705
7751862
7055493
9225496
9719367
4507757
6026487
9479426
4951177
8218459
2661545
9126894
7576625
8995237
5277323
7182695
3797356
4436089
2503490
161616
6858041
8522456
1576802
1332549
5606243
3019429
1259
6652799
4537251
9446042
3962355
6464013
6430154
3686135
1724870
2689342
56338
8371150
1587144
6812269
3896302
7366689
8673520
8731293
6382221
7692512
7822629
3551027
1131377
6152344
1512870
656168
8700789
3793447
9938035
4100378
2221446
8458973
9224047
5314388
1537214
9181744
7270635
6589505
4849071
1114125
6512142
8256688
5678956
3705740
4932640
7034962
2431683
368588
7804649
4987321
299997
7912271
756525
4355556
2957380
5456741
2575703
9566052
5255819
9320326
1929564
4921720
6520614
4899390
1092976
6968413
2099428
9350617
396463
4572087
430360
8437047
1907220
5297712
6934048
9503544
6400861
9302373
3867706
7793605
9928910
6958114
8792316
7927309
5286860
2622687
6063087
8441475
6148258
7493714
4095135
9289346
1557648
1200449
286984
3010507
2908615
6171094
1624527
1124230
1949804
1406186
5305216
3841441
7795969
6123614
6732622
3480412
6464544
354452
4841549
3448926
3783150
8718704
4833033
364824
1749768
5022410
6136630
9657575
9543757
8423434
6846058
5948228
6107198
421666
1389148
8255630
5797277
3811949
232629
7695998
2417974
9171057
47211
2857198
1378258
5049947
324239
6427279
1827929
312183
6555775
2921024
8205401
5244409
9411673
3903194
2773587
6682823
2149653
8021283
1114297
3352061
8719093
3138932
2548736
6448202
9944365
3914346
6736954
9472720
4814670
8318949
1728045
634750
6271838
3922700
9650477
448565
3385123
3082408
6325270
4543277
4891259
7765802
2652783
8646058
5838715
3852471
1253162
3388207
3632802
9021113
5184661
538253
9546748
1365837
3407886
1616627
9697464
4084504
7052377
543386
6728215
4228547
296510
219284
3254126
3381924
6938392
4930281
9165420
7127858
3386418
7532127
8218143
3758266
1529837
5499982
6327212
8262642
1567033
5457534
8723719
6525649
4842332
2244525
8518832
2390367
264525
4614779
2657539
7670881
3935894
5104146
5912559
1440385
9504304
2199314
2584177
8170327
141203
8070320
5671694
9597424
2890337
7643026
4520486
1634038
8965782
1553723
7363175
4942154
3094545
908244
9133541
8489311
9039594
739407
7356984
1596264
4409506
7114773
5987419
2275029
8705345
7640506
9440449
2038125
9877201
2384332
7132317
3313908
82619
5088353
8898054
2721630
9205561
5608359
5546125
3642579
2744452
6501084
697115
6836309
4563013
9884690
4366731
2505956
9058544
2305738
2178802
4816416
4275099
4760936
5979979
9294617
2947491
2532307
9696243
2601398
3844024
7628290
1214918
9558729
9385976
335869
383014
8931838
8246933
5563253
2893268
2619295
6912929
4126088
7252257
2541570
3738360
1950199
3296966
3265338
2439236
1049803
9846906
300968
3034982
6782740
6460791
901187
3489797
4232203
5112100
5982182
4596214
1318526
2482182
7216014
4335079
6912741
469050
6828019
4777024
5503589
2189853
1296010
509412
6560811
5902577
3541025
1628381
6582524
8771786
7465985
2172595
8652627
9531013
6320135
5634067
8764193
3379733
6045068
41336
6315573
6602383
9791055
3531654
8976243
2835833
3897041
5436
4912668
9506305
5697640
3956445
6249106
9061099
9895396
9430585
1287527
588749
9441510
238256
6986537
4194593
4848542
1816468
530704
8655215
5152070
4673891
5758789
1130637
7955899
3051138
5240612
6965804
782781
5020922
7694080
5709240
7577797
5162150
1235656
4578518
5126277
2757538
6992128
9619937
2152861
5752099
822257
6668843
5018389
3906837
9474154
2981674
7203047
5091832
8118292
7233254
9540407
1093495
670656
8222565
505296
6962910
5571581
1475352
4276454
3281971
2083458
5887378
6312709
787644
1452912
7652792
9415341
964104
7498074
4418625
6598647
9152384
6731014
2117986
6048935
7018800
5726304
1871750
8859591
3888195
3916775
1442285
3393193
2001300
3849014
9158453
1534850
7004401
5438545
8194487
1355778
7758626
4674026
1235188
1583399
5599979
289377
1835398
3906939
1426015
7958721
5667754
2799301
798207
2772186
3597037
6133554
9930300
1799784
8200804
2681691
1897850
4976785
666704
9561315
4265888
8688571
3405584
4302687
9491945
3965001
2103811
674454
894441
760883
8863617
1465107
2780884
9079381
4079196
1754579
4736128
4068861
4345487
9778756
456740
807427
737013
8094229
4315616
8466623
7803305
7923307
4578347
4789203
1429266
4361537
5212935
8622016
8105355
3692851
4764959
2316891
170199
3437140
1965493
593170
4972362
5522915
5925133
6789300
9809024
7859090
1983921
2633246
8483840
8487914
2644378
261641
9722406
8369756
2698751
1783149
9405527
5044271
5458034
8276960
5445410
300559
2580177
7884045
6583984
9886081
953666
4790997
4868061
9334559
9267846
4400488
6709694
4896810
4249520
3562832
2962213
6190112
1716943
5952509
603531
1531517
3569170
7364382
5484744
2656013
3954017
3668618
7976919
4126862
9486080
485151
546919
9030725
299288
6653523
8986753
9034112
6454292
8615145
6446173
1656569
7434591
5568079
1725854
4821492
9384930
7434050
7703179
6274447
291241
3105776
9398950
3627418
9494910
3840938
3007848
2109436
9646270
9085522
6363079
5162987
2206404
8025239
6520536
6625288
2441669
9574989
8007086
7671278
3292050
3780205
9094718
3821049
995817
5806506
3171258
5600409
8864908
1754109
1211462
2109276
1421864
1462030
1354331
5303155
1861143
9759156
144926
3447208
7937301
1042196
2560170
1176941
9982476
4908530
32981
6217009
3591344
7915652
9048108
859967
4046351
290461
313636
9180216
5957577
268426
1069795
5364943
5991014
7815959
2282744
1450553
7143878
7533416
3132578
2683567
3473909
2568299
4303347
2201558
1762586
3061693
8881805
1175576
8902467
3408618
9910534
423095
7681651
2109036
4223622
7224753
7028441
1960456
4040751
5047937
4042999
781270
8525400
4651157
2112848
2938399
1675627
4652463
83707
8229166
168297
8455856
7822894
9559489
7096819
185124
81326
1420285
2006582
3809246
6512151
2877271
5972930
4177285
5009448
1401435
2711502
683219
4750598
7838098
7557210
1147446
3421842
3447215
570877
4982974
3242262
755381
8136764
7152801
9742508
3015936
8052993
3366232
8366634
172200
8254875
1067568
13310
7972163
3447903
7242710
3474471
4166408
9945258
1681570
9957623
8581864
1840268
5905396
9743780
1351421
6044687
3737524
6950864
9285671
6800222
699469
1900453
2313305
1923344
4056704
9057531
1897429
5380811
5426363
553497
7454442
9305796
5878320
6464471
6414003
476039
1495047
6208302
2787327
6944637
9151526
5914665
1316440
2525724
7921276
3671730
1289563
4718637
2625805
646043
3625591
39554
2023387
922898
4714153
4912591
8999802
2737990
1247080
3374127
3661428
6295828
2764339
5914218
4789056
262544
5786711
8905705
2952180
2760556
2950388
4495181
9099262
4720792
2249210
7754810
3617251
5355084
8982299
9646286
2136177
6965683
4931541
5038312
7931727
6984888
7763540
6457895
91633
3771228
2758376
1263138
4710755
4921103
242748
431923
2264106
9545787
7418764
754796
9936616
8946876
598559
8796385
2629004
3515183
3911201
4689736
7140072
3335967
5788355
3761668
3521911
9664444
4402922
4813161
7399781
4105719
6875935
8842124
6295398
7004932
4148858
6667765
7378413
12281
443870
4763009
2337245
1408560
3591417
7208112
4700875
8893199
2529217
9246482
9297640
2792618
2454319
2748590
9022500
5509206
7883819
1749520
5419300
3009916
5890116
3540944
4053510
4426036
1459625
9269305
2243101
671318
9698998
4840605
1708187
3740448
2583049
4623199
4204628
2870715
2332145
5533959
8475231
9821620
1744146
800690
3826975
8632643
1556124
4243583
2776153
551190
3987773
5247735
787899
8620579
6297147
6053561
1042502
2033865
4003012
4444982
2084203
9877262
2948405
5926706
5042901
387320
85266
6738594
7925872
4580770
5708867
1112333
1974187
7419741
2677056
6270180
9569961
9618909
5176559
3766895
5701171
4296633
6937864
6217274
2125331
9260387
1311450
2361850
4061634
9369117
7960205
600615
7601963
487133
6309829
6687317
5194150
1725181
8386157
330647
7938879
6394468
2914942
1354492
7846697
128274
3781504
7188674
2623822
6865064
8473019
9752034
8936947
4755193
8315963
3345132
7752228
7870048
3195178
9539998
798367
9756590
2208062
2724028
9237598
7810911
2381194
67611
261764
6610158
5365142
4651173
3059274
9736250
9228092
5555017
5076540
4129605
4573466
910080
2459114
7843878
9026680
8933597
4204052
4892253
8769476
1118382
4366185
278652
8049172
2798290
4571661
7252386
2274003
6139346
2244964
4661392
3845418
1282773
5561945
408828
4777184
7194554
4765149
2962688
9097703
2826711
8267876
4054206
4575703
8402442
4675372
2552260
3216452
593189
8811470
6132445
765052
1051146
5682388
1601011
4897146
2529756
9213314
4170519
2595697
995203
6607389
4137025
9543247
4381387
1127650
1389910
7576769
7248962
2502564
301689
3351741
296812
9197014
1219472
6632678
6632711
6167396
4263415
4479081
263583
7742744
4679447
1027648
8114683
227441
4157644
6670373
6603421
2840149
8117552
7487005
1600093
840822
487424
2309100
8618476
1050437
1611493
5635429
7172342
287798
8390946
338651
6438353
6620608
1772821
7338216
1833817
1615386
2106968
5786556
3763807
2129549
6151607
2251892
3150045
2016958
8154632
8447350
8153726
4429343
2210029
1522176
5806400
343847
8541490
3981708
7866591
318404
9136887
6384987
9734815
5427024
5228919
9215759
3629885
6432384
9817895
837799
93091
8823996
2211289
128052
3638621
3389890
7258523
3716361
482726
5256086
4548830
9551625
1706698
9559048
3687238
9596646
6513810
9336074
8666843
256492
4078397
6046203
9501083
692743
9813210
8476520
9498271
8928892
9388121
5384374
2517759
7846218
9733758
3722457
1085977
3987682
7681311
1686636
8354140
355404
5429921
8044207
8317949
8435660
1404289
9071315
7247651
3971904
5290167
7131352
1792925
1804646
3991754
3770629
4279136
7077911
1653985
64526
6083279
3483729
9042911
9841744
9937760
3146180
3086321
3856629
5125075
1453295
5631693
639664
8124726
9989489
899632
1727626
2445452
542777
8001880
4297327
992457
9317362
9455087
5946259
7729285
4016966
1074679
442382
9920429
225832
6455386
4808463
9064284
3844269
9268788
5515911
5426607
3783010
8282606
2459828
2645762
8706540
2628428
4789641
8121718
6236811
4038626
3581885
8464825
6658530
5687704
5557399
905820
6598940
9915622
1160914
9052289
8080650
9009900
3805910
2447620
1756522
341604
3634519
6244856
1948590
6338785
6901079
176031
3490948
2536693
3382151
621767
379601
6864412
9881907
76102
3569811
8576006
3747666
7628355
4925151
2336280
8276050
9023963
6921509
664714
821472
4575061
8506850
7880639
5474850
6446497
3784801
6399737
9024737
4655810
6985431
8266223
301262
5641827
2523553
3929654
8172205
7616745
1779001
1659459
3388813
2275583
6935522
3405176
8700039
1208639
9332262
3864238
9451966
7072157
9252748
7828985
8958064
8337666
4561378
3971424
2227426
6261597
5200353
7799990
7857577
4502026
6671625
8820421
1592383
8060110
2870169
931869
679655
9477422
3826024
6235426
655675
2338470
7789668
4816255
4661511
9771064
6559525
7723610
1285688
7081757
9082337
1593058
1837536
2052309
7883166
958315
1777172
3860771
7576632
2668339
4866512
4158243
1760455
6963832
3459943
1506758
9927858
3255491
1130537
5216826
758015
7853803
8603344
6803505
6715498
2343927
4842781
9963394
3588317
2488293
1781748
2537130
90796
7108698
8887829
1288123
1469200
1620020
4229835
7689893
5953709
7883461
1418413
1573693
2489192
4413655
9445063
9342079
9726021
4673389
5883576
4682538
6143151
6415978
8716095
5161071
3591644
3695744
9764222
2083002
5412336
9964535
3217699
1223470
1811948
8951226
540312
2565078
6193301
6844417
520482
3321905
215275
9568414
8197138
4169485
5859861
5503738
6661906
4728243
8336878
6485902
1174843
5179815
7052483
3098265
1683454
7810933
6693962
9243126
3036364
4212706
1539150
8925302
9425457
5816010
487116
5374580
801971
6733534
9076570
2199295
266418
6184090
2977145
8489400
6060064
9580958
9203438
9586060
8137601
5270657
9745334
2706139
5013412
5021868
7433746
5687075
4030381
9754653
5228329
3506295
1964504
9136845
7041188
8926687
6494937
558774
529555
3667965
52486
6836232
6872928
6243135
7014273
3424666
6331273
9796169
884185
1224711
885788
4964998
6558737
1568932
6211005
2894689
7591852
4070494
8977337
7530689
4189083
9114174
2817021
6827130
5697610
8038665
9081603
1124836
2640771
7489928
8350511
6680817
4982008
7102344
4997405
89101
4642596
41219
8657593
5492193
5721681
558661
8731183
4932464
8870972
6525002
2967639
8937771
7666241
8725360
9732034
4844960
7384867
4595540
9499531
9547987
7020498
547192
7807790
3152119
2411177
8115657
4594946
2172798
7404154
3837422
9809717
4937823
1335131
7995863
2757178
5505666
2638312
630235
2046803
2338134
6432842
3847056
8273852
4476277
1753646
620788
2493213
8651093
3141747
9630012
7566076
855111
6024246
2793195
3323729
421820
3428368
8885891
3981220
849186
2955243
8413298
6546221
2654005
435209
9034708
2060703
4427196
5415609
1600857
7885468
6713257
1934360
3451207
7117127
2935139
3682150
6955487
1024798
3961367
9735756
1055589
8937760
1814288
9184918
1245286
8026412
7318190
9450265
9561240
6073203
6762891
1234310
1516151
5486574
5005463
6287090
8512064
1365304
2485785
8752741
5136731
2691718
752158
7635464
6667961
343722
2458817
9940765
2299125
3666280
9851352
4573276
5387956
9181287
7225356
9958826
9554716
409172
2740425
4165703
3692155
5475585
5276414
1643682
5706944
2349731
2312223
9581171
4001730
7925239
1325431
9851478
5591094
205096
6135871
5654409
2798811
4816525
9072132
812814
3222615
4299544
9958129
5303521
8543124
1072970
6301015
4285942
9326641
1977041
6171540
1879599
3588952
7061851
6792629
4251038
8029509
5225463
6743175
299793
6321228
6678437
6490473
5637257
7876639
6896665
6144552
1543625
4294657
624101
7460863
7199164
2498427
8101262
3197662
9744144
3461567
8115439
3003192
2696317
9260010
4989416
5725038
3013254
4073996
7541699
5932607
5960076
6940334
8250553
8411865
1871234
8533791
4465370
3696790
8185182
8702954
1868632
4586010
8846956
2649956
1496333
9372730
1228310
3666034
4425619
7095909
5732792
624826
3800026
7980507
8415102
4119627
8855213
6956620
8222375
6459567
6847591
6957073
9570246
1703920
485979
8270459
1976866
7438572
4347830
3912749
444951
8433269
5647260
8638033
4456866
1431990
1449613
654892
6688984
9739123
6645505
5667663
8589565
5597960
5121276
8155319
2091513
622090
1673139
5050883
8911246
5472524
966214
1492039
9739776
4331026
4290171
7430256
179772
2636173
5048311
1691542
5757400
6450983
7755168
7729305
8526852
290860
7534691
7089512
8640591
7315593
4323714
1674757
4907296
6121579
327478
1456709
2043907
842683
1834593
1785617
3282222
6997614
1689409
6562640
6962230
1410968
9757960
1367388
5539177
7071533
8821245
3070336
8321827
6948061
9925562
339247
586634
1026538
4764303
8348358
6569776
7752671
8641181
2672296
6591063
4000889
5676492
401703
8873210
7972722
8949858
9756781
2719065
9565889
2784367
6305765
9051931
4599504
9761798
4121908
9833312
5393063
4209987
4791978
8315851
379931
819536
3627234
6357986
7825252
6428447
4347081
7169682
1238932
6637175
7954418
5351975
1817756
5279602
7821149
2250918
6296269
3770067
4325615
3893305
3879367
8867416
5020690
9065705
2208230
3137969
5057299
7864867
4364007
1370849
8815260
7072089
4195586
8588340
8713641
3240860
6900531
2236335
7860522
6856407
7328883
6280526
2597798
6956479
3923094
447253
2357151
4022752
173585
7709771
4725802
9698252
4928398
1233123
9957560
6715281
5864662
7139870
9281440
5495830
8902013
9602896
1565833
9824512
6250256
6447979
9388206
5883346
9917459
1235292
8704864
6245805
8204040
740135
2575554
1761318
7484780
8371597
6799935
7060202
3995853
7782909
4960696
6509511
9890462
5313412
7060629
6405910
4113345
5900323
5066570
5547637
1894386
8961332
2946826
6237196
186194
2129408
4051298
7914509
7704532
4034207
6430109
8266910
3707840
3907110
5074911
3902115
5005521
6903227
4291289
9933058
4862323
3800270
6836270
2488049
6880927
5561998
2200903
6277456
6886813
7719100
9466078
7430191
3578103
5320619
9845144
4290695
737295
6528263
2234926
5202984
8805662
6512683
1070736
7052622
7018985
1320964
3384031
7827048
6464490
7367110
7073049
5738008
283591
4069471
4849570
6314350
9091909
6682749
1890157
5381682
6049654
259522
9181178
5535372
8415746
5146845
8569346
7150513
5531286
1096758
7591497
9894067
5711613
7841438
7341081
7181821
6665229
3146768
1262504
3053380
236969
5159577
3164071
777218
3635644
5331074
5667882
1590820
1558440
2231565
376898
9539207
1882593
9788707
7168930
1926235
7783939
1172099
6949651
7949716
6936323
8564612
3824041
7230223
4243448
6905641
7663944
3346038
8609742
4174769
1610268
1103407
3970134
4552417
7694321
7885289
3974375
2456491
2243458
1661455
1236990
1125348
3505082
4129551
9759339
6890896
7142955
8139961
6686260
5013915
2919983
5307452
7310252
9855761
4334330
670034
3435212
1478252
7634486
555827
9467620
4868319
9701225
7646018
6473551
8621950
9970776
5304469
8473138
7666586
3133490
1344139
5827129
9042741
2012208
7688162
8369143
2298953
4380199
5171223
8375127
7852010
5983936
3073999
1151624
9851722
6432238
895994
591063
9047587
991996
828933
9846642
4397757
4369704
6431094
8484850
4017598
391933
8794160
5332341
5255733
6231370
7531954
2106958
4215773
8315798
6330651
8970038
9352831
6518803
9436834
6566593
8269002
8459266
2554196
2957935
9060148
1335788
9255517
4530074
3669405
7823823
194685
3944986
7354753
1995030
3024544
5181533
395835
528895
1862716
377974
9399792
208428
7544833
360460
1511184
8734456
8988899
1991076
8447688
8424502
1009092
4545537
8627511
8242330
7719516
7105547
8546229
6100673
4313712
5707229
3482585
6496264
3004156
2524123
2866080
2971898
2651160
3819767
6311890
3344866
2243103
7826529
3880108
8037342
2725848
9677278
7822951
8494098
7881798
6802814
7036170
3608255
5945771
9752508
9646759
5428309
3449
8796344
4470724
5017688
9821568
1745102
3845066
5881229
571820
4778937
7277790
3102278
5041551
3693204
3276841
433727
9691711
927229
9327226
258099
4356166
8160113
212900
2124059
333844
8257825
6072532
6236540
7479472
7191008
7766234
2184623
8629835
8133692
2106851
9395547
715719
2263794
6956826
9651635
1842060
8516443
8671627
2951195
3683790
1287449
5485396
924912
4234521
3769322
2486460
6578658
812749
7471110
7119330
1390658
2468640
4248307
1218937
1208537
8356194
7686959
6915161
2235687
6451968
5038857
4371362
4511929
7926742
736353
3328826
2686244
5671332
5476025
6984678
140474
7065255
1945406
1054807
187267
5936316
2012527
2589509
558195
4116912
4035543
1004914
6138990
5915403
187744
507758
9640057
6451388
7194641
5199135
7153409
1121229
550114
7201027
962869
8608965
5480574
1206665
9391996
328796
8986446
7249802
8596137
2112198
4624601
1595590
2686945
190373
3686327
334703
5362758
9432257
4568270
9157379
7107521
7784320
7716655
2914776
8136298
8940188
3139727
53011
7108923
1256715
2595174
8355059
308630
2917498
1325996
1856581
1486907
4047248
2775088
490157
9328627
2654203
9161910
5348668
397620
1704345
1133949
4327221
8463647
1225292
4747117
7005804
967705
9100287
5279267
2141589
560913
6284833
8477340
7801418
2650340
6718034
6492256
6268722
7027259
1082241
9408011
5113641
1808167
4238907
961397
6605175
9805426
9469222
5573587
9913127
4194381
1715733
9086339
8755414
5298809
4054653
9268617
4794637
3883214
5326852
6731834
7865581
3014678
7636947
3397529
8564996
4549585
2193729
4912186
2310633
1694412
4108108
2394189
288578
2318956
1463914
892052
9647577
8541811
8819659
8953351
9860677
6120660
968416
9643060
1610958
7449815
8907425
8650065
5540254
7394624
8329447
9836355
1331147
245489
441594
4379132
1269171
2401502
7153672
1778374
7902021
2293430
7553422
771186
7638711
7076962
9056570
3185695
3529495
8907503
6674937
1235981
1125408
2094571
4820186
4016967
7008164
6536904
8784550
3818194
3363325
9959923
921003
1441455
1668473
9136127
3109748
2534845
7802153
1390971
7758444
4356769
922318
3128391
1890304
1519771
7120038
569480
8921009
2917535
1264681
7819891
3102926
9602163
6908928
3329159
5418234
5667209
9483778
3995736
405423
2478804
9403887
2013848
7066143
2858701
9040504
25573
4842140
6596685
9861566
2782527
7234150
8924431
8285858
6524121
3690067
9391484
4209099
3261569
6532060
2274446
4448346
4428999
5741801
6611527
968556
6846841
5953632
6551664
9425422
9561307
4577919
8483519
9148731
4750700
125392
8486126
8747303
1542213
6309136
6540148
2374309
2239802
6571221
2695285
8084137
3630128
8079069
7586018
886303
8470296
1410973
4824607
4734899
8885174
3143616
2359999
1781891
1250329
9093231
350761
3628620
2928687
5773340
9281740
7581308
1296902
7799547
1491657
3786199
7210254
2860802
5894118
4398162
2137455
5906825
7650560
526449
8539790
5029984
3475821
8483143
7125636
9318919
9713383
5550774
4880212
3619664
8760943
3732082
567369
5445406
412077
7372757
8399249
8709957
3141969
7717265
1273298
4261315
9904470
2361539
8152737
7993991
3149308
8118101
63509
6731570
1956066
3618792
2107383
8900933
3067881
6647385
317905
65681
4846056
9109007
7210004
5914015
675949
2200153
4314514
3665430
3735092
4627758
3593883
5452946
697098
2794241
737556
2090801
5877300
1768256
2188202
4481938
8082449
3787223
8462781
113788
8536939
8413862
2848320
7420959
2952090
5813849
6746422
5333702
1285792
6177716
3033320
8528845
2249806
7804761
315634
2046952
5521022
9715034
2889684
6952112
5163182
3274744
4245991
7188861
2019133
6415204
2207129
6341329
3498965
7395777
245401
6441285
7100548
3433899
2296972
7223004
4646326
6224680
5186112
5724073
528042
5834766
6274688
8945266
5482963
3015153
2148584
4498822
625500
355755
1420928
3244406
1865243
3747091
4788670
7381325
57338
3043371
851270
4753248
4608364
1756378
3794171
9485998
6250199
9234817
294465
8435519
8951975
8389173
7171846
3687829
1923764
9766340
5798075
7812246
1645396
6376582
9223194
8389366
2212881
2741918
8692513
6396354
1158729
448733
8986065
2418163
9028159
4675896
9745277
1646725
6113971
8973253
8433362
8601452
4731526
8851872
4789790
5510359
3449110
5173733
6400082
8531920
7952796
5402577
8960436
8645884
7313800
6096318
7629701
1738399
9124739
1171330
5405941
5196053
7574798
4907277
2202504
3302028
7958205
8416758
5404792
6257489
3907051
2367228
9143238
5741512
7906650
6775185
1189278
5590804
4075912
9268315
4812043
3992395
8207302
1725631
2460487
6266203
4829461
7126093
4996509
1558179
8127101
5281441
8760975
237509
8526416
3690555
4824081
1936644
5057797
1567725
1077602
4265561
289399
5813760
2623499
5613467
2757708
982480
8540057
8585141
703200
7404833
2426163
512662
8187770
3841852
1937912
9315071
4031951
3413246
998284
1920095
3310782
6325584
2281679
4558648
6703794
7909789
4267617
1340611
1853915
1455087
8767251
6879298
6499545
1708482
7709928
9357518
3554595
5413304
3681112
9757650
9066588
5396827
3778640
4843899
9301017
5265419
9145350
9356173
3424055
3001922
8670625
1807326
6582103
3844232
1740947
8005731
5670342
6812919
4768393
8406907
6488535
4219808
1475715
8799586
421564
9708934
5126781
8587188
8818651
7951958
3055373
7024900
3377616
2267277
5978039
8617213
8095853
3354915
3187837
9873444
2096136
6711710
7133060
7268175
9781753
8232379
5398532
1665965
5327133
8306203
7771774
2277619
6069818
8446729
747458
5349030
810940
2485544
9354215
3196245
5665219
3217990
8158530
4381226
5561393
3192800
9749093
2269824
6598003
2212750
3485017
1158117
340984
6370709
3595535
5847090
2901360
9487616
8295695
212627
4286360
8684060
522115
8262077
3543135
4921155
5855895
4517541
8734655
307250
47118
7634262
5104939
173778
6229729
6351420
4136977
3755012
9128831
5811661
1352410
5212588
732925
2838737
2072069
9779367
6531641
9071192
8380186
9402908
9956646
341087
5120581
7117334
7637267
2416651
9420133
5569098
563940
4054614
5494273
8273343
3443871
3179118
6433751
3447926
7392108
1549599
3325017
7292926
7323126
8073383
8400647
1346853
7307248
6489907
5587392
4994635
3946054
3835979
5450708
8161516
7519767
4277661
9978885
4221890
9893608
218177
6459713
4565719
4286829
6740222
1284559
7742230
528271
6791889
2156792
1902298
4028934
3283133
4555975
1161287
5272683
7709508
3358933
7626162
2460072
6368671
6976162
470044
3588179
3661818
2091036
9308143
8969381
9003572
5078883
7270955
6948504
8197558
7641822
4527319
100075
3190289
1039116
9776902
8615733
6649916
291253
885170
3828697
6839118
3960070
5177819
3401830
607752
3961968
788733
7684068
7288478
5880569
4290933
3053918
5498688
9948255
4694882
5723616
6787748
4476940
3983581
7817178
7376750
8134383
1304717
6711526
7288600
802451
4519415
9884289
3149005
7414756
5497046
6159813
6678589
3455113
2612924
7817062
5346234
1591346
9106833
6306592
9490950
527130
2517904
8911329
8289516
596436
9177880
8246094
5234
3741301
5965644
8680153
6806592
9019253
4138170
2626739
8088779
6292029
7628048
4568012
8987952
4765021
5102924
123400
5154416
8600662
6309633
526049
182501
3248046
5745863
4393345
7962661
9848838
7817259
5727354
4716406
4067625
8349438
1844560
8305136
4236138
2590583
7465162
29061
3439915
2608272
9527987
7076761
4154381
4328130
6503829
2229875
7957227
5923018
7553823
4436047
3265655
3371109
3068623
3684204
1426896
6807469
9924130
3010191
9912109
9255725
5436681
278226
7501732
7529564
2892243
7246722
1047088
1257485
1021094
8227342
8312783
9868462
2020962
2523142
4711834
493481
6366269
4517298
7217073
9396959
452307
9080549
6466630
2774157
26494
9848627
4467551
1837564
5889993
5443180
8028194
7484064
1516003
793101
6162272
3866947
6831890
7362740
1834456
7423446
6581718
7499274
8076991
654196
6015921
8041304
2646630
6972035
5939142
3133186
793692
6785908
7143062
7187031
1318862
3647798
9517045
3922803
1523575
88874
6084409
2921098
4559917
5390553
5662913
5094320
920789
2114384
5218092
752354
3636748
8452007
6996495
656023
6218973
2465804
4847523
4670657
9220841
754426
7463661
8251980
6934405
3138083
8328551
2520202
9150635
5337573
144635
2191261
888244
7627930
1516196
6309292
4518411
1967330
2988317
7563543
1715898
8634038
1256078
1139976
9534579
8992296
3261760
1803036
7102054
4653595
1875605
5690253
8255858
3737297
9721848
7544310
5621920
811153
5351949
9014537
7222501
9506665
5899127
3832256
6555020
2077041
7757295
7599501
7426690
1226571
4134203
6162553
4869972
5460620
4333575
3016542
6920653
8542998
2631824
6109180
2892107
6210551
2396233
7230466
9191237
3078159
8188843
3138730
562674
3915931
6339982
9228304
7357857
3780758
432376
9460434
4271341
4498266
1611488
291101
3822511
9026893
7310391
460577
1139836
8545639
3895751
3851975
9242172
3153574
7933794
5502991
7357478
8407247
3045191
1961502
1073163
9966145
1810851
99550
4907714
3622005
4659618
9499273
8613
7376871
8158781
9912283
5125280
2887249
7142326
1148576
8278464
6971251
2865362
9361564
9393132
2973851
829490
4017313
8693593
9265433
8505806
8263910
3508131
5274212
4768942
982789
3021062
8307831
8708957
8755692
5385315
4311045
6810085
87826
6334841
6367192
4345491
5337516
6185297
4108619
4085446
8578832
8204642
4292410
2918313
5976599
1505038
1490483
6001655
1572892
1680746
2056556
8764886
2520604
9901063
5058748
9721751
3769908
8540213
1957882
8800694
2132299
1020899
6494272
2971075
8802769
4530345
8068542
9751489
7382910
3511903
4195420
8853438
5456797
5451592
1795048
9152607
3703395
1766435
6256228
7463036
5534179
6633746
968556
212267
4035837
6489293
7871815
369388
6922877
3646272
2585409
6701016
8061677
8385238
9971423
4668887
4482112
3985638
9670358
1298255
6281439
8542102
7405532
4738211
3773238
5113241
6301373
9751412
2538828
6354590
9408026
5133938
8382718
476589
1508909
6440106
6536550
3673148
3940270
333682
529870
2757354
2358282
7246840
8563989
4185363
66115
1405758
1953467
799120
6438049
8951580
436343
3491570
2611349
1895519
4205908
2422136
4943903
7438075
8819545
9682975
8811875
8438882
2918150
2060213
110051
4454246
8986361
4530930
916140
4461024
1756606
6233776
7814901
3988963
4297736
7269289
1182267
3356503
4471767
7579352
8188265
3061198
8577494
3014059
4824786
2266457
9257699
154690
3201078
9026304
5551297
9375191
4679098
6659267
5709789
8384571
3258747
5166158
224016
5977063
2746810
8695281
7877288
6739233
938976
8034239
6561318
3832943
8507546
5026236
434221
6600034
818124
6472195
9738228
1163782
403858
9305980
6488981
3554470
2027479
6332390
7800522
716121
4077862
1275999
4544167
3202159
2081519
1627047
2549446
6135428
4755727
3133326
8268579
8803203
1520696
7369087
9476361
8870332
8951277
992846
2892395
319439
2135937
7457880
7198931
5623501
2352064
4813959
8686894
6533915
2339474
6456116
1187997
3633101
3436305
7652633
1473289
6479819
2732053
8102291
5563853
2498360
861310
3107264
182338
7259747
4287483
8490676
3050563
2090546
5539360
5560796
686595
2037910
9973204
4690844
1655199
2124316
6365313
8959381
1448169
8898373
8393890
3581944
5783065
9950642
9814184
6750309
2900012
5868625
7653900
8706960
4601318
7846322
1199693
3653864
524844
7079866
9172798
1300385
3383630
7047906
4867686
7606935
7666692
4282500
8892654
8624128
2498015
4932770
1510110
9910458
8414170
344750
1200955
2234494
5634917
155357
5889360
4443481
8070722
6177443
9994623
9212390
4497938
4960978
6035840
1725533
3171196
7070050
3155934
8704895
2599800
8956302
4699508
4376979
5854670
9630729
796304
7844662
4134791
9870692
5643836
12464
2855248
1984682
1150561
6182140
8618537
6417864
5926246
2621613
5292003
6802953
279366
5652118
4157525
3734999
505006
5236723
236777
5750507
5957295
2734814
6296257
817782
3427778
5198205
1508361
551043
2496075
150542
6008253
5081267
5466448
8503234
8878158
5032891
7371750
1180117
9910067
6974135
888289
3648497
7039757
1737739
773371
4978876
3328150
5743348
2855045
4459363
9165431
8140599
6965072
6614869
4462304
4319226
1268352
6850245
4278417
8510140
8232209
2563424
9336931
2827173
2151699
2809780
6220862
8665328
9469459
7021652
8516407
1322537
1574158
6054748
9797935
8061979
6911931
4923825
7567131
7531856
2618556
3590137
9186270
2737099
3749659
6825762
6964734
9043723
3933117
8726765
9511219
8791264
776261
8148921
2000614
392673
6071946
1544463
7474462
5467403
3689422
5144526
7394307
2175939
839734
283673
704553
6087492
2205534
6808825
5979079
9642028
6962093
1588354
3939585
7242081
4365544
3503759
3744538
2820287
3636968
1348122
5602492
1280870
6849284
7209127
924864
3549957
5820598
7887555
9182825
1045214
9427559
430143
4680858
8228763
5663076
9941651
5171065
5458528
355743
6894366
7924984
3672814
5674446
6509533
5096299
3115379
5374405
338553
8108567
9643369
3849115
9886680
8942216
6863541
904470
1496619
4729612
2836808
5263549
6406966
4165865
6039763
2613125
1810969
4677812
5135414
6552808
4646213
4134097
7720635
568063
5101813
3928760
6083373
9994505
234559
1380960
6780246
9947820
7030480
1292452
5621221
9483326
2895700
619640
9667472
983167
973968
6789331
3514317
7976777
839762
6116153
6546954
3822336
653328
2369366
5092844
7035665
7269102
1762015
4224020
8936049
4892784
5791226
6599994
3694271
4895725
546553
8610299
1003403
5875886
8192370
4533519
5297271
7269349
2246212
4122712
7479567
982123
2126827
1194863
863445
9681665
4458283
3469630
6065589
4010916
6315284
3963157
3743343
1541080
6594183
4878780
9446915
8415043
1316709
7683892
4171595
4981284
2308059
1648134
4742499
15321
5647306
4553424
8625873
1332742
7589665
3425503
5902734
1663796
5261777
3128048
264826
7569050
9507272
3803876
1233868
4290771
7956481
4534457
8418727
9702638
7341814
4210949
4445053
6216775
2834295
9718813
6179055
6304937
8043933
4319245
1005691
9617890
14322
758292
251168
8982502
3689208
4877396
4394799
1116177
8260455
7172804
5676666
634815
9035140
480122
1587276
481285
9505591
1606381
6893294
4914105
4684438
6641920
7368441
5962667
7028334
5302333
8376471
7601406
4985995
5040243
7228257
3462545
6345995
3113917
9893421
7335121
4382787
9452531
7263775
7824634
7020117
2339583
6014692
1016329
753178
1456276
6636606
8251065
8441270
7393970
3933715
9907960
8752291
8516980
2970066
2393791
9753210
3149243
5158949
5943532
6409493
1999796
7104690
8462748
3966226
9408714
649012
2151933
2050469
9211591
3118635
6713701
5599153
2165363
2655376
8079059
8274734
5532002
3334299
5693413
136548
1444830
8149524
6238348
576588
6700768
7296930
9082329
8562538
9376409
7767092
1001333
9712526
387626
2703342
7697098
6415235
7594248
1863394
428476
674020
5993031
7493282
2346358
978599
9604263
9473053
5790008
8744383
3707331
4191619
9599156
8886396
136219
2294451
5199059
2484399
2349433
3913260
7344328
5145289
289818
1102382
4400457
9200144
7248635
2196213
4388135
6592330
6186703
4103154
7631900
2149901
9742092
795154
1653312
7284402
6116840
7036590
4089856
3910075
2166231
8482425
6302734
1080871
4844215
3248659
5905775
8853924
9464274
1670544
4963938
7243954
7233613
9976988
7943394
2348156
2461088
9659183
3833389
8267241
3018745
7597298
3297300
2330822
2517533
5369151
2221719
4554322
8119417
2425109
7550464
5186120
6400828
5537285
9930810
7064769
4659268
2571601
3916288
8417377
3980568
9957851
121296
9655223
3930051
8084958
6059855
3351463
2710743
5295345
2071901
9705195
3371371
4893378
6605458
1381132
6236126
577632
9827686
562470
1010828
3682827
6850283
9973294
