10000
5196083
9653766
3961096
7214023
4346112
6849182
2660674
4891564
8338708
6992056
9644170
600520
3064643
4501301
5051838
3773622
6612241
1490443
3918722
9028579
4201651
5604300
9498516
26627
1191458
289814
5564501
1802807
2727327
3740672
3606818
6799025
2231384
1367386
9238981
7421987
3143798
6091531
3053146
2943394
2390008
7061752
2965562
982009
223574
8837620
1265163
4722507
6533501
4392943
8522939
7332102
1716875
6744263
8593875
4406910
2905980
362172
6312648
8503335
7336836
9576176
6626481
2916633
6939344
3718347
4109736
9267521
8278892
4276104
2575001
9747350
9496055
6497587
5232642
6929385
1321992
8207750
3996061
3354413
1071767
791703
4701762
2716716
5330644
8813963
8233400
2359585
5893325
8090399
1442842
4357751
7046380
6937758
3337493
1347006
1137637
4050501
3913096
3380329
2404912
4232992
5689461
8200474
5797389
2941812
5628461
2406990
449244
1871065
2548588
5280409
4417497
7091616
200924
7843775
1747561
1037949
6796378
7465556
1742438
2481821
3734616
9855104
8560061
1930542
8610177
8551932
3692008
8478914
7939103
6262545
1911546
4579356
5799933
6210541
6935254
6171237
8293493
7592094
8959557
8387366
3887819
1670549
2302847
6424275
1739976
5221390
8322697
5617903
5912074
5377376
3161834
3839495
859324
7390102
3120231
6118079
2010993
9430507
34447
2124466
7937677
6437404
8033243
3405729
6528738
769348
9339378
582776
8863790
6198386
2072491
4281447
664559
5154608
8860366
2968263
352014
2518263
6365756
3385615
6670326
6794229
1482550
5232253
2737523
3211796
8293161
674650
5957433
3635080
5806596
7070127
284775
7527641
3901872
9168738
1960062
6287094
3085144
4441162
6537155
5941774
4154691
451186
1685421
2250083
3566819
3971978
1162197
3671429
9232816
9140180
5772751
9000306
4545050
7625765
8844056
3771959
1397792
2560024
9455309
7405629
7609118
7265164
5796431
9898777
4224089
4555833
8075735
8779374
5640469
5005944
8088942
458907
9455876
9638214
9041763
6363330
6464029
1382054
9491044
2436934
1813169
1626510
2535498
8752128
3895507
8482345
8254608
6761094
1404050
526929
3771451
3573483
1753443
5785573
2274656
3032814
6604359
5803395
4671361
8919599
1779031
5763447
480344
5310886
2901048
391416
5249727
4213245
5537835
5736518
3054244
3929800
34182
6896719
456553
4409196
8064997
2631978
1770655
824782
9567388
4588653
3180715
9966534
9376278
1644481
9270995
5848050
6276244
7892652
9525678
3664126
9390694
8592213
4099809
7203670
8516393
2021445
5882994
1076090
9504417
7920363
5234274
5921885
8256912
3299576
4926016
9526239
6623568
2158393
9050265
1342864
8889823
8386370
9462849
4613777
5947022
7175971
7829429
8305790
9634295
1981395
2852561
1730770
1610366
8962433
6288038
3758124
9313727
8654747
4828341
2170220
1164977
8162667
9415361
5906912
6299046
1075771
3524390
9326551
5730956
5927415
982546
5930853
8001442
1147102
3382721
3796241
384448
5348401
4451099
4690308
9485193
5691817
7108439
432808
3169203
7692659
1710969
7144088
7153349
2914166
8382360
6545385
1510296
782228
7693132
5926318
5650869
4835443
7152262
6136709
957819
3242717
7180920
9231267
5959746
4948369
1561652
5611195
4399412
442264
8835985
6148980
4680192
4209037
9400346
9180250
2192563
4324331
980869
3874259
310168
7403302
7460504
4517917
7306440
6160064
3148087
832545
8646266
1131687
2806319
291333
4752967
3295676
267677
9137503
2715538
9541956
6697804
1346703
2420142
2204344
3834991
2819518
2370180
7307087
7398631
7688533
5773984
6841589
6332235
8273663
22161
1326380
5081320
5157220
7627206
1730654
309413
1366331
5042713
2494371
2446553
2453399
8097949
7575260
953505
9718372
2909989
9673647
6135820
3586828
4670011
5036767
5754647
1043714
111056
1909581
2270127
1343773
402083
5510247
2614188
8549914
3461222
499147
719193
1991662
6351411
5704144
1227789
9481967
2974205
8316018
5045263
8020321
6547942
851131
7047776
2246773
4974411
8496876
3264158
1851590
7906150
9936443
7185599
9906832
4394190
7165080
7230767
6615235
8316394
9842979
9728133
6128957
7352047
111384
7866363
5635863
1790159
8745843
5854094
7880445
2919478
6928010
5123807
4676156
1670242
9432414
2006261
5518695
3214349
2535190
4689606
3565127
6082083
2535745
7100524
592610
4937385
738697
3160603
9062714
6931460
5532181
8559672
5171768
3531658
8144113
5098258
9472136
77195
4751193
6895082
9890323
7388634
3544242
5632054
8220446
7924078
4046680
3899162
1849836
3313199
7427166
4039873
7221264
164825
8315591
3224704
7839542
4430839
8008669
6790621
2284995
7229016
8365999
9383664
4449695
4093597
3275086
4434833
2526922
6219691
935859
6034401
1972519
8160208
4498831
1913138
8255274
6945012
4890201
648746
6448909
9337955
4001344
790375
5141112
4097228
886363
3245779
1898812
1942031
3411497
4946993
4332037
5068599
1132773
7953713
2061585
3566949
4666471
1520624
7826497
5039799
1447123
4456013
1966858
8677714
7165630
1310006
8370282
5242712
2128987
6240769
3042082
8345008
2187326
1525179
9849713
7020566
8508517
3623960
9288666
1879394
6577101
2837585
232272
524690
8461537
5176576
7442112
770525
8628021
7478024
7685032
3558290
9673109
1010144
886377
1620025
8958065
439559
5409583
1788878
860358
3528865
4376403
8823281
7306190
3087080
7327525
7896767
7449500
9994995
2578919
4765492
3493708
6504430
5427534
9610453
8209618
5310253
3325129
9158546
8183708
4121162
8958374
5526329
8006499
6379045
8857248
8273606
8267772
858627
3977516
8314140
1521228
3950513
715664
2150806
2884088
6102512
930987
7383732
1790439
92635
4050293
4213504
6815328
1905380
8100714
3322470
2054384
8134058
6540090
4487083
4923854
4720269
8654346
2768490
4846639
2995355
422557
5451972
1162691
6354924
4026764
5120094
8976352
3324328
5015554
5258510
2359609
5522688
411137
4174472
3204621
1976333
1499299
2643394
4615302
5336050
895173
9314530
1907058
8592438
1141565
2178913
4885880
6038259
1746313
3563184
3515478
327391
237459
7268421
827002
7063786
5113840
1253233
7438032
9268795
8648620
8181924
8652204
8200665
1210411
3089938
6337740
3908741
8298471
5984013
9646143
7887782
8331311
6740591
4290873
3560183
9298890
1854120
8417353
897516
8243658
4603987
5764183
160940
9418640
7182275
2732051
4082662
3284353
7873986
1869357
5434282
2608053
6290076
7107445
5224755
9381823
864043
2096258
3209857
5401782
3259134
5797443
4457800
6728959
1022175
2867599
2695524
3859674
4993676
4929270
4814512
3051745
5464111
9825083
4584202
4251588
1123770
8009016
5956525
5579365
7989726
5315683
8713900
1178358
3768789
4687662
3771393
6849214
7820555
582804
2393386
978407
3229380
1281753
874538
3825514
1025037
8491698
22353
9663108
9368074
8961140
6200071
4276398
7892110
112399
5013107
9127463
1657960
6633851
1853416
8896860
9633341
8298919
112191
5557257
1635897
8824114
9182575
8704251
986476
562879
6222350
8479792
2575991
620496
3465209
7545643
4926666
7012666
7139561
7842259
318671
9922842
2347813
2334309
2916429
2128504
4817271
4081448
5707187
9701092
6631253
1956583
1877116
6453574
3240302
3852464
3966537
821079
9923980
3159774
4794563
4497392
6950897
3459028
7087123
6642340
5149654
6204709
283609
2927604
6657
7680685
614524
3658616
9337210
1087010
6497857
9312375
7157249
5288800
5258885
9805755
7899876
6221596
4758552
125193
8797978
5107033
8591758
3402128
6234201
4800526
9134668
3899008
7433767
7387722
992494
3981866
5638385
6592319
3792716
6564932
7332878
1019027
9879829
8249152
9575255
972433
9202945
6969941
7271819
3970012
3032458
1242394
6181915
7942925
3988176
5900981
3038125
7217524
3767549
3264877
7225683
2974169
1056692
3968027
3996293
7229916
404031
7871854
2212993
850731
4290721
266534
2492350
3871949
4940074
4107391
8486131
1781230
4487542
4119602
3257601
1440672
9986794
4476783
2002124
3780475
4605158
7893315
1947374
881497
877082
4503162
5194303
8840929
9965568
9561370
1847108
1186593
6072231
8663629
4073248
9141885
380850
2345484
9174623
8710245
7604141
4894560
2315676
4978845
4997565
431162
4120400
7756199
7472542
7521372
989708
3112212
4269781
3475872
9587122
1363488
9575980
6462023
8911321
5159760
227342
1156066
3681342
3006923
8193218
4666835
7796510
139813
8837279
6027230
124564
6048790
3089926
9656673
7357824
4230176
1477291
1068878
2742065
8432020
6804337
9003533
3216778
9555961
6493848
6953069
3411580
7720993
3155096
4760419
4309382
2327637
4056382
5359438
9028356
6032904
4522182
636743
6263317
8559283
2926852
2000335
6267188
7357495
9652357
1252047
5845471
7737179
7666139
5072951
7559027
3292827
8408523
7454191
7699244
6988845
2838156
8452279
8622996
7946126
6706616
1268085
2674954
6034284
4753491
1739570
6143903
3604330
5808695
1163548
4938543
3462943
5537418
2056207
1597901
6129670
5684524
7442079
8755673
7315629
5814474
1759586
6570894
9040825
1007566
8110142
4832679
9039505
7774616
5618230
7114606
8948295
4254671
9950424
6746423
4673510
5877755
5030455
232489
616620
3343327
701362
7334870
7390546
7597770
8176313
5878243
1331884
6082183
3152091
5799932
538150
5899329
1673858
3094430
2014959
7453603
9076240
4479764
2497739
8676719
4796262
1760798
9044576
3673763
9338617
1485391
2784977
3125588
3150102
6113689
8109683
5816784
6388407
16711
5622386
1005088
8461776
6804255
8766140
2562818
8747225
7071818
8564646
4216375
3455723
6409002
1742042
5249634
171273
1335123
4494307
8315653
5268390
6339939
3901817
9814952
1804172
8342323
6147607
1540242
5713925
8651058
449520
5823137
966656
9226817
4159704
2109457
1521916
645975
3782403
4679468
7539474
2384922
9633788
4755274
6425430
6381000
1146273
1851949
6336465
8654005
1428166
1885243
7434342
1857295
2609050
9679710
1807021
7182446
7184282
1975140
4171993
9750192
537734
1430696
9800061
2945358
824879
17387
7565166
459854
7868688
477752
9353097
5454548
1195088
8362285
2415151
3958802
6373142
6664989
4350812
2348342
8272922
5842774
4140354
586162
8827748
462339
3889986
2357876
2587662
6208746
2113349
3156319
4188807
1313361
9913997
1544632
7843226
292061
1769957
9526737
563513
4090207
9790840
9683802
7083265
3604996
7310465
9970250
2728276
3489172
1109517
8573486
6469176
4805822
2081374
5140313
597067
6401189
9868281
6622977
8076996
2007919
7504801
4724749
9194897
4425043
4015155
7882664
9628865
2959005
9108169
7843916
8076453
7117998
6891934
3975601
9052167
2861856
9125631
8777258
8375456
5449834
1495355
7875494
1538448
2748437
4117238
5490774
276517
7013367
952123
9186715
9456288
3152652
6761083
6872142
6508075
3122495
2909440
6284197
9168833
3339025
8710728
375526
1566823
2998787
7864184
1156512
2521286
9095695
4305876
3922492
7961462
102179
8547722
4305125
6971629
3801675
8380220
3495892
6633745
7660100
5566145
2687525
2370422
7060756
5638506
9093811
6708838
9660638
3920615
3274686
1345181
176539
2653068
5913959
2748440
4865907
7985368
7248568
7817361
4976970
2233270
5749488
8072071
7162804
4555299
8011429
3332973
8919291
4538159
9558200
507962
4485486
453172
3715130
5290117
8155918
7985534
9861126
1613620
2988861
5808020
2955623
6459280
9174012
9785270
6440611
1712801
8400921
8864929
1018204
1290851
7829553
5492113
3447611
4011061
5991327
8695727
8172403
9318146
8338197
8037813
5813450
4444062
8530978
7997452
6951702
8035890
700988
3642787
8993305
1908698
5559956
4900281
7268744
3100270
8891985
4737890
7680684
6218173
6674614
8921182
6802321
3424705
6324678
9560112
3211023
4804591
7792653
4175186
1238573
8086764
8863274
5856728
19298
8449834
8221498
7785620
1149047
390712
6466796
352866
1650305
1770678
6630688
9345152
6044754
9014666
1871396
4522396
2710562
520563
2476181
9553967
3986224
6233917
1376478
3195460
2119252
4581623
9689092
4534601
7455044
7532369
8951941
743599
4000443
3801631
1586685
2833610
4818328
7788458
8973915
2297812
9447967
7258909
8437671
2165905
2000623
2201554
5642212
9079674
4304225
8397932
8637994
5637429
284274
7977040
3738214
1878575
7742754
9376815
5852407
1790336
5028128
1882903
5977295
5699567
1886318
4922186
8986842
618148
4454169
9962080
326464
8259416
9791416
825763
6082905
5712174
7951029
8394769
6763331
6178876
9452044
89847
974231
6820269
7420657
8393515
6323340
7849740
1285211
3620310
7349298
4531737
796004
5247919
4623174
934617
9585720
8785471
3844413
2100953
626551
754453
3902281
3869103
9744763
237931
6794542
6598064
3596103
1618411
4616591
9161814
6226479
5139270
166277
3237015
3105171
7136245
9972761
3408998
4588300
101639
6975442
5733337
1377971
7330733
635433
7234310
2061722
6596673
8261196
5303476
5371348
5188014
4540254
5576472
9457566
7188646
9199197
8570541
7117037
4105957
466972
1799541
8938798
6446587
3918048
3699051
5504298
5671967
9813263
261453
6310346
3824196
3308072
2780885
3849599
549763
6842702
1790883
5132955
7778429
1621305
7398890
6798702
9167416
5137530
3501506
5217139
7935905
4685969
9426760
3045188
5421573
5911524
8410230
595455
2572687
7156924
5225560
787583
7498226
7145858
466113
8798419
8340833
403010
8892216
3488710
5422449
3622803
9870050
3896996
7595779
9129321
9056062
7546123
2128852
5489972
118941
2430547
4320414
5224329
3964935
7756015
8114064
779628
8786551
8482842
4747305
9880416
7543102
8243054
8907196
2201869
6807938
7766172
5631752
966937
612371
4856694
9981614
2772896
9625140
5640122
7143603
6629834
8720602
6384835
6542777
2449152
5743549
8113173
7014774
4174152
3741708
9280859
8310367
677923
7872562
4192377
9890135
469883
6597681
803381
6956833
9817314
5886068
8216325
2217119
390888
9734835
6700589
1742992
836512
8527210
5923599
2947090
9912828
4019414
4427132
2898450
1017456
7732283
2009809
1674263
7710778
9020923
6326590
5420153
8431149
1790060
950568
1724819
9777406
9213020
2567550
3499494
7552621
2545846
646799
5171218
7282344
7476596
200581
5965762
8383732
883887
5268889
4148545
665438
5563551
9827850
6198712
4816100
9784353
1852507
8716369
2525881
6519361
8715394
966959
2101899
6390452
9184782
3636579
8103703
2059860
6770980
6433467
4168959
3118610
7184784
3083033
3276680
736318
3014498
4367594
9491100
5639344
267057
3350660
3024554
9493500
990953
6842663
740600
7190910
9062860
7084129
2982184
3965114
551554
6593521
5717722
5182401
8973595
6459138
2066996
5871814
6348202
3522770
2402739
2785268
505569
6370586
4422228
5433832
9147075
6557266
9101392
394902
6352471
2659202
4425097
5111396
7247657
3011820
1301625
9308251
6767842
8906855
5887017
3296239
9111216
8123561
7312067
7747271
7260393
4975844
2942391
5744244
1881502
8108510
3620637
831206
6524100
121004
4600172
8089921
6664370
6744869
4417225
8646963
6841215
1128079
8944024
6600766
1282714
5323686
8835749
3971405
9010378
4056882
1635095
9325972
3183108
1144815
1298788
5852811
2630781
9370899
2713428
3771710
282381
5726797
8647558
5191198
7937898
1419007
2206784
8972530
4926096
7709601
5657046
9092009
2852766
8469926
9678111
4071968
7779513
96618
5059674
4629578
4869851
2560536
5855288
72044
8541218
6690459
7785525
8712345
2701040
289695
6039335
2294983
7592978
3055928
5571813
3644804
2137263
466830
5326107
5770929
2345687
2986851
2915520
3346565
6077277
6963359
2864400
6358650
2617796
8408878
420872
173606
3274970
2703297
1158834
245889
8764074
4361618
7928747
7889297
5937987
2757502
2153923
2446672
2274099
8789446
6950253
3483061
7552501
8395584
680800
7328335
5883503
7536207
3037272
6609206
8999961
1418797
503338
1678065
1463803
4651267
7159278
4668889
245613
91812
3604389
5755292
806224
7407739
6902118
5290132
2263995
428735
2278536
4217594
2668842
381254
7090628
6223828
2790324
1048586
2137791
9951704
6565345
9949822
6425428
250398
67312
5771118
6562888
3292504
9043596
9144180
885703
1896455
1734782
7712472
9181522
8220924
1296516
647398
9623721
6327309
758927
992633
2654569
2801697
6168707
2740808
6069303
9301369
5307975
8438842
4093612
9637529
2292267
9135487
6077373
2841310
4912966
5448652
3147951
7748105
9056616
1725516
3196096
8492499
9131963
2346601
1543033
912938
3158658
6542164
4109717
1262240
8432849
3669103
5233915
8775125
8671357
2146498
186805
3134694
3930591
4231171
5013906
7705919
2454829
9584855
2320775
6176665
9030010
3641298
9681701
2653896
9127364
6006553
5569948
5323370
7478885
7812621
7898888
5197739
5075318
9271455
4294548
5039872
2108629
678393
9271361
6255015
1417839
1031815
2040261
1731149
1908539
4028587
1523559
6185875
4594138
7561091
5378017
7894998
6996917
5169953
5869008
8308202
9646061
3067254
5641652
1427545
7587069
5410426
9458732
9820837
511085
5973701
3677325
5808293
4693529
8922358
4056062
720569
1404547
1570799
6272751
5133382
6738684
1155834
1952974
2933272
3542448
9765265
4212850
3045253
2538273
6266187
174364
9503456
5889701
1450850
5994776
1072829
5066459
3020402
1198208
2827175
247938
450574
7144301
9502443
6490432
4953892
772003
5405651
6760354
3990329
986460
5378819
1319875
2453829
7277798
5161932
8552506
8047944
7930338
4001424
6450086
5218498
861764
4360257
9931190
8961918
8759951
9101074
2917127
8964875
9708205
9034524
6111079
2735325
1130284
121182
9698078
7791754
2527985
1343603
4894798
2150901
8087556
9779482
4622100
4419874
7342006
2396560
8245049
1834075
798832
4057826
829941
3640378
1852030
6694109
2169656
3536639
5396619
574968
301065
1466305
8343549
1888161
4865737
3408437
4711062
3299868
9306342
6887008
4578899
3005401
6992989
3236517
7370380
2485708
7402059
5483593
3638849
8654343
1959429
7384589
6561678
4097282
2112039
4935486
2403656
1218949
1625035
1724131
1327351
6282220
8414448
1931890
2108410
2497940
4987811
5921991
3590476
1101357
9174666
80932
3358887
4053760
2474010
5767113
3747501
530389
2337564
3979216
2626294
3963483
5177647
8091794
7539044
7299871
4588693
1404617
3148514
2214984
8218409
7608557
3735674
7002841
3566241
2533386
8509190
6808890
6818496
1997377
4580489
4157571
5724557
5308595
2254676
2979610
3758313
7641815
9019263
4066914
4587633
6856721
9359866
1220740
5632492
6991716
6282450
8296501
623104
2930539
5431576
6494780
444771
1103384
1626856
9614265
9522498
7549048
6028718
4835929
4232499
2426493
2625738
2231590
950270
6691164
2000090
2638952
6207641
9402831
5800941
5393774
772144
3033881
7949259
7726067
6178002
389451
9552148
2910542
3147066
5312502
4043750
8077488
8491386
6275234
4663902
9787527
1993142
3513867
6486817
4211475
2603004
766690
8212324
9516147
4731342
7889343
2573356
9207344
2478612
9587190
437326
4489029
9244881
4356040
4584328
2584124
4962486
950660
3809730
4249922
8310677
402815
9002261
1636663
821155
6015032
7507658
6139573
25327
3035561
2256169
1509344
5566811
9397366
1800176
8027922
603399
1335769
6100073
5167226
7133929
6241006
6580550
859470
9145615
2517269
6662970
1803987
2050031
8707144
3411226
2039353
8438577
8087549
8357404
6255912
5806398
7571883
6460354
5947365
1249811
2810745
9908535
1311117
3231618
9261296
2398321
9429753
1727246
8623065
2280227
1765712
9741378
492208
7582500
3206067
5818931
4182839
2453554
7002818
2186202
6837918
3354478
9858046
9521046
9842546
906768
4549464
2639736
184234
4169825
8915939
4110411
9827488
6614918
5704592
4955693
9498077
84942
1248328
3327316
564581
4291186
5587699
3343107
8174737
751167
2212377
9769126
6906472
5315411
4065645
1221410
8402854
9647380
1263827
4310139
9712978
2231894
1852310
4760690
2301633
3864604
7970040
6980653
9396623
6504576
9006779
4596327
9373985
4259679
7999464
8565047
7719993
4718257
1365622
5172862
1741082
7704799
3547328
2133366
9156360
7731886
9672031
1534369
5756619
1486923
8721531
4284331
693195
5762742
5758039
9591751
504011
6739811
8346399
6308526
414697
8469399
661188
899348
5560051
7252511
2826676
5080211
4825597
3115423
7049658
2751503
5062835
5398863
3988095
642952
730337
2565082
407248
4168599
333931
119282
6158021
9207025
9546209
7151885
2046788
5964932
2864638
2904701
1060099
526275
7144941
9394431
1658467
9673997
9770718
727808
5986839
956576
1824996
3838202
8227761
1810050
7085856
9675378
339937
8965214
9714678
7165237
8772980
6467483
8374855
4799935
2780352
233833
5100374
9799682
3712555
5931394
831721
7286225
1800195
7345690
6831307
4742301
8965957
4066092
9236504
8043104
4962320
583503
1251929
3499997
9033927
2397887
5853738
1321136
5964152
6884478
7846566
1873074
9330355
8835649
1077691
4218335
1113985
2596433
3246580
9958698
3029470
815563
833969
1389957
4575801
9779977
9228988
912423
3768330
8993049
6505246
6366832
4582028
8710801
6366033
1031065
696234
5892901
304885
2710260
4382663
9996364
7463264
1822003
6422656
9684862
2838245
6630017
907462
7088556
9366526
5468368
2268307
1513425
1552879
8192780
4036139
1132899
9902365
2920071
1711026
304209
5532629
8817498
4128379
5114078
7540353
654270
5082160
9795229
1291307
3272335
504212
2345110
2121553
3248669
6275101
6713650
6895306
6989877
5564261
2737225
1851117
8192091
1271174
3145052
3850141
9689735
2882095
5873525
9545703
5498707
1305899
649655
9357504
1592095
3046282
4602109
7024309
1947358
5979804
2124687
1232163
6068393
908303
505814
513629
9977565
5100438
4472927
1891129
4989885
6172052
2660790
6329873
8460574
5287320
3261642
1881996
3631682
3030800
3211851
1620799
1205621
691553
709793
9162971
3796663
8311294
8379950
8080469
7597770
8211053
3266872
1971921
8842202
7523315
6521501
680465
4708606
8075629
491050
5002996
9699754
7415771
782330
6014597
8738206
581382
9552464
5912494
6709619
685892
7512518
9672656
5947654
8900697
3450395
7744294
2825319
6294229
3029673
7579004
1606780
7223145
9646715
3121010
5646946
5087984
9119923
8697602
9512302
482725
3042678
7394913
7417907
5522733
6560531
9802021
5052630
9357543
3023828
6585022
2450321
8853442
5505154
3552765
6259413
2269378
6928000
4285098
4234327
1399267
8482774
8102462
8779469
7672208
2963007
9855041
2134022
683478
8806172
918578
5462939
1932632
1187470
6902784
7768849
5427065
5613484
4448173
9996181
5663510
7900531
4554404
2126388
9727158
8487583
2146565
5058252
7663142
4001918
2108710
7273904
4518296
6152276
3339310
2820886
4371168
4420127
5459566
6467062
697362
4878228
9602801
2896292
4881350
9641089
978483
2084258
5170673
1884624
5159384
9183004
8094199
4806121
2135742
7240565
6218729
9383596
1496042
2293898
1122594
8212227
182603
1863461
7376637
5742963
6679623
3734654
4822422
3305272
1811634
9287908
4675156
6496590
6889859
3081955
1986808
6296214
3370282
8170801
58827
6199448
913988
6766097
8284546
4777712
1522303
4503105
4111788
9958229
6195623
3690771
8564896
2874452
4236907
4186324
5730639
9016098
5416244
9941197
9214416
5717841
8210263
1149105
4732760
1942392
8185446
1698951
7192473
4930234
55492
1140967
3560758
5682215
1089024
8579236
8211448
1821571
2406301
9561785
9347977
4932722
502694
7851964
7758743
6363869
9934273
2169430
1113221
2286619
7325605
7089957
5905487
9083099
9202490
3251041
6861899
4970582
4565166
1687607
7139419
8395882
8018243
5165058
9552730
1566432
7895344
3906855
3560873
9567584
5027346
5304644
1837512
928254
5766265
1061332
7134533
1647079
4742649
2857071
1498346
8774683
5513459
3863998
2412231
4913134
1525130
9621559
1428508
8236531
1045689
6403497
9906207
4529472
6283563
8220252
5453078
6939
9466914
7609227
3368751
5638595
8101744
5335647
4501830
3752582
7430627
2273779
5513100
8820188
3158424
4198077
8244680
4539626
1687298
26012
356643
9153312
3954085
3593578
3953861
4463289
1312472
3525470
8070181
4742053
8542346
1931643
8836419
2088138
8568880
1478100
4551480
1561096
3416702
5368271
9980807
7363574
1891888
8199370
7062254
3247041
2863067
59227
9010441
7934119
748502
9476466
3072762
766617
2866493
3262859
8701153
8016163
8538542
2273326
7256102
8220344
6665622
4203623
8658248
3679963
3398226
7167542
7515150
1639528
1494615
6083338
6883420
5226341
7550685
4003611
7490817
147795
6649230
2932161
4084677
9688045
7276337
2307217
6029643
7681277
9968617
9859429
8370866
1123605
2496140
9796380
7116523
7470957
4598357
7682414
6615860
9653246
2898081
3184104
8407550
5462138
3645305
3486340
7638965
5127558
9168273
3409757
4008625
97935
115285
2928931
4728701
3792929
4643720
8271765
1976688
851776
3899544
5703112
6108787
8537874
9116795
5225540
2071276
4590024
3179006
7892015
192107
7149277
4674276
1900376
9756454
5016930
721646
5127819
5669439
9487605
5668603
3199414
5539891
5728994
6642655
243409
1967033
9688208
4665814
7582316
4145123
4708771
5501218
7008630
3219516
2952385
3860719
14505
5226105
8943330
2168241
3506292
4937112
7639821
7120744
2373157
9513042
5433599
4629737
8197954
9425313
1568432
4187866
1396257
6181630
6470207
804043
948154
6646764
9518169
2649608
5594210
4894176
6566939
5661830
1753399
4730670
9793227
5791416
2432261
9356605
6693922
3391414
9126467
2505922
7798689
8622295
2079355
7707616
7372578
3559940
8449796
1178649
9310816
4720914
9889347
2858955
5247758
3583014
7946591
868634
4099550
6798953
25704
5909697
9145572
7538503
7321367
1335352
6385226
8585247
8986457
8954635
4058942
5361881
9345839
7602722
251669
8799148
6234507
7726655
1431001
5938040
7551515
9996441
9622912
2406667
1160849
7196839
8438752
9178266
9283634
6948529
9644529
7910031
4629431
5702687
2540156
6777541
2377808
1442812
8848990
9586128
8317756
991896
8697493
6537245
1341899
8612282
3572095
8805932
4477040
4202342
6276145
9037346
8222937
5230224
8120901
4276275
7549231
6893173
3179747
3320509
7942207
7661623
6256459
4559735
2576568
1347839
7887014
7826921
6454568
396387
8324646
376502
1954866
504730
3560732
6204146
8544721
7664318
8646937
3182692
9884629
8738884
6728163
7722988
7140028
839428
6077563
360127
5438396
7730498
6012910
539619
9072730
2241493
8683142
61339
6128839
916067
7976158
5736021
7662865
2958253
5186949
3260005
4656630
667710
9915079
8779529
8685321
6552103
3629909
164224
7392573
9869522
9996199
5222129
6271056
1705254
6816902
3221686
6827048
6207959
5010569
4213787
1149178
3867296
4872568
7222500
9998700
344349
7092772
9832377
2554876
3208488
9803438
554521
527940
8151089
232403
3387356
1577866
8856721
1949053
1374018
7321601
9275049
3531341
7455031
9668921
8642999
7925100
1540626
7521437
7336121
4729019
3371097
3077385
4473016
4017889
3674750
2014062
2990167
9086133
4453536
3060726
3065755
8600273
6441663
3648443
6663061
6112047
893736
6899669
2925944
4024619
5733542
5625483
6101822
3715370
8181689
6993691
7157229
4305991
7462293
9141488
8358159
890113
845081
4786821
8684226
4942430
8656813
6413451
5915678
9765303
380093
8681075
8066083
5266711
2561617
8695126
5588425
4415898
8513869
6065019
4629949
3211631
1126094
5878383
2130074
8930875
2225887
6921803
9623639
4394370
6004506
3492196
9594465
7740483
9329491
8611195
6852642
2285095
8361333
8664616
2022286
4725978
5035236
5144274
852185
7443677
1144078
3242279
4589906
6401324
3596093
6390170
7309275
815421
2257505
8496293
8328535
3586090
705017
4063064
7358224
509753
1465474
4962272
4046721
3806401
6517216
6731711
8924206
3688618
3079311
3215428
2632671
1871357
4973010
7217848
547967
3123875
8688594
9392311
3102086
7333672
5282392
3120360
3871427
2265162
1066182
1797598
3480401
7149794
7634036
190602
3053558
3515756
9463026
3215124
4412303
6981562
7213698
1966542
306372
510617
1591494
9402749
2255545
6215468
2117835
228791
5341076
795513
567006
6229291
7386372
5979022
8431845
8848233
8461407
1217205
6503168
6191807
6127903
3010997
7525324
4340153
4256607
4230412
8256583
9314532
7628370
1449929
8950293
6691110
6291504
3595439
6240703
9587736
1173586
6132426
2783739
3524752
2362353
6611679
1286020
5490444
2980761
8078482
9749600
7858564
6495223
834029
1592747
5657911
7903603
7212032
9745791
7410366
634252
9143722
8169009
2130651
8763325
6336219
792862
3802307
2824683
7056248
3897514
6195930
5656752
4847432
1674629
1999125
2238789
190698
3323897
8982965
3198875
6970590
2722019
7498637
6937862
7399102
2577410
7146175
3642997
4314994
978598
4348782
9526510
1463484
3879759
7767992
9838923
1793892
6095852
3251453
1286086
1426950
7992109
3625371
8352434
8225054
5760940
7968951
9910042
5625462
3064030
9616909
2092072
6529063
2514958
1511920
5149656
3347297
3001759
4236123
2289410
5015031
6834517
3688969
2737259
4711300
8784061
7064173
2062447
4904085
1840686
2033816
5343230
2928249
5612016
3755312
3766472
5860613
297910
3778229
5105179
8178651
3005741
1908944
7885616
8831857
2259863
1616495
2067415
5494506
3778390
2907879
3648121
5622782
7443659
5391458
6998113
3775438
9216967
3259642
9623126
1969972
1366817
8815013
2003467
9273101
954644
7517308
7685284
1894602
929979
4680256
6060419
3078491
403218
44107
3174641
7167441
4683682
5045849
3751834
2102799
8686851
9124243
6841341
1439218
4284434
1727043
9728237
7609788
3513956
4100181
1103465
3262458
3519275
5228627
1468351
8106770
7433764
603824
9132814
9488584
4028688
2853759
646089
1044403
7818746
5575692
3932493
6846246
5704824
6035262
5582739
3586142
8135596
7672704
3024892
749637
6898953
2254980
6372060
4563901
4277958
1286051
9856511
9926552
8246933
3894687
6898986
9851378
6852754
4974515
2276604
3304156
1835200
4030145
8047001
2300235
9428906
3366680
1781274
4813986
8559971
4897184
6324182
97819
5361683
923935
1878601
8119660
5912302
5921572
7368469
6961303
2285077
6789339
6051597
9613327
4333958
6286718
6513654
267969
7018362
9125440
5499075
6665283
460095
8599970
4257412
3802415
8386193
7177709
1530639
3021226
7998624
1633526
3234851
3862767
9824130
3931944
1217591
4500785
8202003
2947251
6071603
9530192
2711634
7018309
2909841
6787036
1388887
8405522
2550619
4841773
8094223
9598731
6224332
2099388
6819990
8355445
7453468
4199224
1003190
7670948
1883616
3716033
8038593
9686234
7579736
7924376
3218771
7920740
8574113
9469248
2367905
3771589
8291105
2650244
9753992
8480257
9361047
9502841
2640447
8563379
8560930
5567924
5011274
265106
5961265
8195115
858270
7672570
2882279
2156885
7663364
4445994
1104499
2553210
6406000
5879628
7522022
3287098
8044416
6098918
3803421
7205945
4799332
3066657
1781746
6877710
5847798
6804596
8062159
1516652
2448610
7906299
720311
7724655
5594464
4939765
327604
7048802
5819922
5404504
1979101
1736503
7491832
3590280
8279175
8118065
6789808
2440891
9489476
2495668
3582146
5348682
539492
3212816
1562013
3590669
4749160
4965575
3690327
2106986
6780714
9947065
5174640
4403800
2463182
17808
240232
9717460
5482110
6272969
1832088
7008761
8859262
4890475
9059708
3742600
4242359
5037565
7593956
8857474
7069005
3571829
3139713
4195250
1137476
5739626
5380011
3088625
897851
3506100
2777576
8200733
3424682
2984310
2945014
7329256
2826131
749897
420887
6939090
2200804
3522820
6837485
5124940
7660144
9884608
4269892
6260813
7034867
1675432
3962240
400131
3842465
6071131
1525607
5927127
3936552
8528103
5326449
8218043
2929910
545886
8685394
358804
7349364
8160848
5501765
6009847
1197899
2598494
9449667
4643886
419010
3343550
7388813
7922569
6075998
9842775
8483436
1565371
9752420
8367403
4325152
446472
204543
1666251
1047411
306833
3396772
9550651
3789496
8321325
5853192
409094
6880012
6673197
3273969
9086239
7190091
8898075
5600759
8631194
7984953
3683418
8536062
9108827
9952038
7702612
9416216
5597425
768780
6961359
4913195
7764189
954418
6919163
5028250
6574495
4091023
8831695
9006375
1898136
1091002
1046716
8116281
218192
5098593
5578198
7697947
186870
4149428
8846988
19497
5237095
5842156
6477698
5898736
4122261
5525811
4493445
5321781
9052294
424077
4266670
2925081
7302109
1317777
171245
3297755
85817
9540021
5309297
3667361
9812918
9989551
649124
5581790
2145018
2926865
8860844
690671
7655308
5388188
9532970
4651319
2697487
7548927
8366920
6006636
3002516
2730422
1722369
5701196
523959
6682095
414270
7424734
7253640
4678049
2138281
8256378
5916845
8863828
5286305
825638
3025507
6539763
8625260
5957260
5001268
123358
4683279
5959979
1094332
5778688
5497818
3834154
5761090
8002644
1609332
5408354
6195979
1573042
5371276
9726102
6079310
1867655
6809625
1868064
7375664
7672249
5086778
4395866
1009683
4895255
9844540
7856734
614874
3577700
4256305
7875896
1492849
183558
9190909
257390
4188620
971774
1311139
692717
5007303
9265772
33806
7235404
2132482
2429093
2931976
2347206
8816820
8707881
5701905
5384165
6870431
5260117
2403353
7587501
3968352
3764905
5884117
1228615
2647720
8599743
7894684
8023315
170430
6533053
1303630
952705
4879970
1254135
4659077
9261288
4586078
7234469
7590175
5518384
9798461
6758392
7716396
3740243
5431095
1815846
4042411
7472166
3037968
9013397
502296
5112061
2066622
2384891
1990852
3660860
4104352
2767233
2163422
3398986
3866096
6956370
9323174
7288789
9991503
3853027
859005
7429335
5514561
6185119
671768
6151998
6975178
6554398
1676547
5174238
7310080
2336867
8495872
1702292
9135355
4927394
5922902
5568959
9901565
6951715
856544
5191298
1978663
830573
6594848
5224044
8781795
5212825
2367947
7266176
4748468
9957002
2768569
8526759
1092064
6614879
9257016
1693341
1886192
5552999
4843626
3761531
323754
386957
4957291
711372
7428119
4745087
5398926
376143
6756719
4711247
6961959
5779908
9721842
2805555
3412006
7164412
8859417
8839128
4121286
6605300
1519251
3201951
4809208
2959583
1179510
3652721
93528
653323
418595
9786041
8046985
9441261
1380362
4125732
2361391
360251
2353418
3713973
5312349
6340110
8248047
6065622
8195457
3281152
5109122
2420912
4854169
2896747
9887636
8002136
7167619
6714945
4840608
9378793
2595256
3687569
5623902
3113552
5450258
9337174
9217588
9372750
4283885
2339979
2790090
7359757
2447580
3382212
2789092
9190443
2948261
796570
1161041
8930888
8290648
8397078
8349708
4987696
2554078
8577755
4762167
4411105
1764907
1496514
475227
8297000
8599891
6146351
1092723
206441
5820933
3213212
7204956
2880837
6242470
5516084
8479307
924935
679758
3432736
4992729
609899
935167
2116057
3773796
5089120
549888
5636796
2893708
595824
5158541
5223319
222689
6765396
5197532
3421110
8693359
2860938
1451903
8937030
4401352
8459858
9134878
5778560
4853383
3560042
301386
1172306
9509630
496158
7370322
4299958
1662934
16813
3658824
9711309
4066802
5994956
4653699
3716818
7351064
8823022
8808133
5866098
4868058
5087161
9390300
5278232
3956755
8317341
9733931
3225715
1413317
4881815
9377277
90057
8461963
7728878
835233
3984837
1789116
334381
2735397
6905419
3258542
4568790
2944213
4661076
7839158
6060402
4493114
2166390
9023775
2076914
5451469
8140421
2641298
5638833
2535808
8624031
4679568
4093252
8756376
8121758
9032116
3939578
8923896
8382439
5289526
1512122
5732686
5490643
1246995
8786716
2881053
3214580
870257
7158361
2524136
1514815
4187788
2265776
5626690
3446730
882988
1001181
2177866
7594373
5002117
7150754
8953418
4648655
6298001
3773502
5311475
2477009
805614
7351581
8367769
1539687
5390536
6312265
4498742
5133929
9722827
4368900
9941718
7436448
4148888
6350827
6744860
3291332
7901088
3052465
7823265
5938797
4214404
6514652
7525096
6484988
6356801
2592836
8398806
1895883
7559284
9393110
4054957
9386745
3400771
5063292
2819749
8936105
8799303
7621752
6916804
5905155
8144110
1485212
9246999
1672570
261719
2814208
9436198
7583637
2877960
6930197
5322308
1097282
1901994
2101188
2217545
3867307
8433637
5026737
5066781
1473698
1551903
706712
1166908
3066838
6852236
9677320
7430092
278043
3884146
3478431
3830485
3534033
8531088
3887369
3019416
8582102
1691107
6168088
4740065
7935590
3122796
3039917
9104967
123450
4423127
9263169
1595740
7900203
7284090
3772373
3903571
9722807
8689354
1471866
9950613
6634698
5687079
7500278
1575229
2779732
606836
7197053
4649964
9205353
4522384
4904649
282876
1672900
5756784
4586460
9430834
8591464
4656836
601619
9362667
3073040
6031725
786512
6094451
2235955
4912520
6804403
769844
27715
6373128
9266423
1212867
5229044
1912843
2140480
7226596
193441
6089868
9668914
7497876
400383
7891019
4738578
282765
4081159
1391813
4521074
3515219
6899383
2920080
8448371
8079796
4907968
1995575
4310755
8901141
4902204
2688373
8045265
3861074
8729566
5681278
5658967
4607823
4817649
9976596
5530168
4432455
1419757
1617426
6280845
8726852
7722673
9788384
2674264
287812
3477789
6796016
3840668
8635867
7472294
7956634
2482898
4536585
2806658
1312281
5429697
61480
9225833
5553213
8743004
8672490
6064050
4815277
508419
1383970
8197927
303515
76730
7106425
5991878
1848331
7052793
3685302
3317594
7139951
5580846
4670051
7007420
581225
6241685
6765209
462942
2095537
1622144
8665264
4952231
5529493
5377507
4545975
6431331
2845876
2170281
6930306
8444543
7700119
606099
6120587
2797031
7326275
2352821
4498155
4478873
648001
3556006
1409726
2432432
7010282
2887292
1160510
2874786
6870191
9330582
4005183
1400229
5210963
3624629
2956194
9696774
7486946
1457969
4676890
1596854
5624361
8709928
1586490
410961
1132902
2570048
2266167
7702982
8331609
4953603
7674845
6590770
7820314
8729465
2750133
9735442
9940625
9173070
4128002
1688487
6519575
3484313
5176338
367868
5680818
1746644
4799745
3427821
1595747
6915600
7629112
4547229
1863298
2377783
2378628
7413163
5038945
1788377
2913662
1229628
675445
1946676
7318807
8673523
1323991
3414335
5110151
6660098
2310510
4968321
5710766
2008713
3070056
4864043
1077022
9931117
8727531
6756725
6108036
1594546
8795182
8837005
8265484
1308322
8986357
9922958
4950346
7252023
9497165
1710079
1327490
522166
7843937
7618819
5143224
1478131
8514446
9586551
8796344
7955106
1268604
6771634
2872810
5753913
4394440
9250233
7122661
9823835
1962289
1643259
1219878
2284519
3134809
2561359
4374048
3771841
5276687
4254667
6727275
7789613
3158245
5596199
8266523
9129171
2702727
7000868
6831656
2906371
8598753
8182513
8394702
8550065
9429523
8616
9368964
1184932
7689422
6490155
9909608
3402050
4588747
6837048
1320863
4809431
5621414
1769051
9347034
7562240
6097848
9873164
5861330
707436
8614629
7271899
7410725
7197240
650006
8525898
4125748
7893289
5430942
1181078
6456683
5716039
8690655
1823158
1956608
8910965
4963408
2847459
2312378
9407283
5596760
7870786
26862
3406894
513182
6969831
5565182
8109156
349985
2126862
3189894
5663778
7212836
2604745
5023224
7297068
3453955
7050925
6986640
8414288
9582494
4551060
8652979
1732236
3702424
7879419
8601026
1378456
1284164
6304059
3959594
7358338
1192047
5575026
1563244
8463220
6130297
5704455
844829
1404530
8218719
3472022
4466645
3657643
8222556
1939769
8799519
2794911
310421
3824648
5258579
2432399
1879654
9472641
9014397
2222566
997224
4182486
9455225
9065667
5583277
807046
3708293
5798357
1443974
9220236
4279930
501937
5420702
7148751
315698
6555303
7581097
2351141
6087499
2369011
8168382
4530385
533476
5241625
4231449
4966012
6599089
6808872
5677240
2862506
4108737
8044356
9048665
7643233
3522074
582335
9433928
6516461
3210926
2514220
8055157
6346973
2410614
3570565
8322255
5324225
1096572
3588912
5584180
240895
9356806
7262060
3494846
6126246
2205000
5411453
2733489
6694818
2213471
385542
1870537
6087850
6100152
3198944
1473505
310938
9614948
4001652
9697049
962915
3435562
821580
9477974
7558786
4537752
2256228
3822208
3780774
3478410
7054271
1434278
4035079
309814
583438
5213591
6869720
9904481
3704026
2027003
6417759
208433
4611328
2884413
9594573
8565266
5890412
5561390
8117215
5331223
3821228
8005423
5325815
9311473
6893854
7917003
2244479
5021247
4820095
4836304
3282503
8390149
2981197
880802
96371
3585283
4393911
1024604
9089808
2927176
6335441
1822538
5860944
2602201
712368
8745651
326315
2542412
9159086
6490048
7817045
2053135
6000296
1011464
3203781
9452322
8892839
8500477
3444387
6948540
8456675
3898292
2638604
3386029
1820421
6611029
3392973
3763658
9950810
1973730
7066775
3533595
5681939
2403765
2055396
9415817
9619122
9235241
9441914
6767845
3694638
8197996
2714621
3623214
4512371
6421872
1316082
4084151
8382496
2354010
3510237
1126896
1270183
4026530
4875973
539206
3972641
8631888
2926081
58712
4784117
9891379
9706952
2502362
7948702
3776185
2765931
8631204
3045834
5130880
882024
7994477
6789091
9378846
2666300
2189206
8358378
7387878
2010360
4677961
4024944
1831951
7192048
7529387
3689366
1252958
2704077
6440473
5362476
2719287
9615850
3940332
8442333
5055334
5707911
3135099
9632790
1934764
8523885
4164716
1595368
5200367
8674826
761598
1830453
4801849
7900612
7248067
2254171
8528387
9254678
8989090
348096
7230155
212142
6739441
1493021
113414
6080900
1032852
3813643
2618723
5574999
570911
9752855
6546219
6181310
4707010
2212571
1034759
2815746
2864207
2039881
4381156
8299332
5018963
9504586
688590
5431218
3130964
4865754
5723350
8845243
6665737
6314236
2276743
1221040
1049189
1673747
9583762
2161341
5762136
901103
371977
4188932
4358403
5656424
5141457
6476670
4102885
4976537
1460433
2776654
1495449
747204
7240966
1139155
8711371
819572
8429944
8298220
6500117
890799
9155051
6049105
185133
6130449
597118
9351034
2670307
1781101
1811453
9959704
6203082
3223291
5641750
9536110
2609330
5098334
130091
8882114
3368676
1375033
2750900
6565349
100744
8248969
2279507
6419529
6871449
9021426
3178755
3043125
5292125
6720211
6829376
9823163
4192261
3679357
1017051
1770352
1637725
1544643
6649744
2449704
1646037
4832082
6124602
2999155
8873356
5074153
1364456
6505957
9660105
6784775
7921320
656282
8565751
7340641
4499332
621251
6701047
1640587
7079303
1583822
2528745
6778882
558486
5154640
1503089
4832253
675701
4771213
435781
4090432
5859389
8682996
701939
4381220
1076913
2183636
675875
1000562
7412379
4334610
539384
8643315
2771070
4132836
4705812
7198135
2870605
3475543
5805796
4376687
8608009
4896624
7027613
876461
492348
2008526
3791528
2531360
6766516
8176940
3049561
366846
7943697
7010465
3730949
693919
1569933
7564088
9119601
2294212
6062192
9440408
8958104
7761015
3582009
4062871
5314894
7230769
3819266
7537124
8639724
7910698
1522672
1568979
3913680
3053494
3333454
2098473
6491992
7459417
9023062
4020154
4610601
2399657
1445103
5387182
663710
2640709
3728685
3204220
1299974
9275340
5815993
3520161
2210876
5876755
6608550
4252615
3392424
1285505
1839762
6865572
8783368
635847
9240767
1498007
4219054
1617878
9637147
9293568
735569
4826111
6838530
7841803
1616720
3205705
7943689
4005114
9082
9140212
8309239
9726672
250408
2315718
2775250
7195224
8474663
9927716
9885307
634210
8010051
8704251
926053
198186
5839229
6545639
4901312
3879925
6822008
2662633
6776878
6845490
7201566
6364935
3298418
1024170
7501965
7949269
1810178
6260060
8518408
4049019
9064683
121481
9816214
7749172
9656309
4458289
4913718
7815282
671233
2716488
8815949
1251373
941951
3612877
9274102
6712969
1391412
9764297
6998873
3313908
803980
628746
4774385
4060212
7339939
9936373
3538489
828583
6344467
9234979
8115883
6790730
2222113
6585778
33589
2832270
9331609
6280504
2803951
2374606
5190281
4067837
2422842
436049
8433399
6914011
6200848
2538125
723929
6211231
8700565
1838748
9803103
5203322
9998617
8373017
7987296
43093
9114955
7283319
1078596
5810903
8888380
4404165
6697955
7551008
2191465
1920918
327301
353825
9481985
4218444
5536142
6315700
347457
3560602
7639046
3718621
3218804
528972
8529546
8522391
1130077
7763542
3729131
8243749
1640141
5666099
9708942
3561239
9780405
5349950
6030529
5772437
1273894
4553456
6189850
4032317
4171976
5054016
6314521
8382444
5093973
867322
5841750
3184603
5225216
2145546
1321474
760922
1547491
9438535
3395937
8310213
5109655
7627510
5004640
5910228
4259685
9256548
2785935
3822997
1661761
3859154
3959945
1575226
6205402
7059143
5694056
8956527
8959444
1329101
5731345
9475695
7031305
7049678
2529821
6972093
9612386
7789177
6193457
9838039
3888622
896290
1840529
3796049
9794347
8010481
5878964
6355608
8807162
5480415
7498159
6254346
8239432
4221361
5879804
5366386
6062068
7698598
3125761
3719505
4707542
1469376
2241832
5857803
7692656
6392247
4733273
1895250
9886173
7645369
4960759
1422317
4581355
5771188
1015712
6643941
5181950
7451975
7385936
7421133
3155842
8813794
9719570
254903
6786381
9304317
3604379
809061
4020511
9919102
9364136
8683756
9200642
573837
1486619
5239225
638938
831262
8884326
2143872
6405168
2668009
4183130
1331556
2576397
6606606
9342799
8800297
2823063
7742593
2153783
5752814
2068474
7611228
1864302
4672247
6141554
6272747
8233904
2704074
955558
9690646
8571744
9227875
3074888
1355340
3307142
1490530
7416747
3063001
5384714
5568034
2083714
3204555
7877188
6009674
7005577
5061740
8806675
6500954
8868220
9964874
3053141
2467533
4137700
3380177
2538840
2785648
405058
8490345
4043549
4922576
743778
9270332
8102081
5495206
1597253
9814524
6807437
3571379
3180708
5259009
6688465
8510826
1893984
8631513
9979291
3800535
3127962
5074062
194879
4357125
2631305
3378662
4616905
1019229
2626274
5828797
2243464
6817300
2473609
8630062
2194157
9140539
4746346
7772827
6000575
2443987
313912
9222925
4636902
9229222
1979541
1760547
1457506
320200
2169736
8947479
7508173
5158409
8387068
65110
6282685
4469721
5718836
1941519
840916
9646545
815913
479764
7836191
944678
6221295
4056782
6646583
5229038
5946435
6158330
7112420
2604167
5603228
6231463
1300496
3869763
5485323
4854195
808243
6487301
9357852
3331228
596858
6522784
7037345
1767986
4128650
5212645
9723180
619920
7083756
1256718
1120281
9700373
4718667
293627
8465606
8355185
6340802
6729239
1620037
4502812
9172347
2060357
2541330
9922365
7477642
6792455
4875860
4103643
7423850
6518949
7443977
2147227
6367738
325193
2194341
1694959
427778
2761910
3060842
4710434
8683212
74793
5193674
2999743
3962146
1654502
2036356
4452900
3261145
4573898
7899758
8079238
1456440
1590815
1911203
4986117
1926758
2471014
5501130
6512575
8517241
7616335
8122216
1857009
8305919
4211611
7079829
8604174
8820805
3111291
3489676
9359409
7718626
4594918
7964489
2560822
303528
2526535
3884487
8064967
1723384
1824881
1448994
3191650
5211584
1897782
6556676
4996802
1795669
4522766
1116588
5997713
5942604
3243732
5171856
6179370
3116869
5998837
961341
3740562
5014605
375859
6330322
5423547
311627
1260507
25535
280424
330316
8452836
1145718
8677711
7362761
3962842
1999329
7104706
9738169
1246951
3951341
8463189
2788001
8770907
8878220
1350884
6097510
9461319
5010208
7153322
6403272
3061094
8545844
5119780
9826694
8277127
5026895
221396
5123046
4050217
9449793
1915670
546714
6454287
4233617
8465099
9181321
674379
9197215
3410945
6291529
2959766
9666088
8789654
7452348
9605707
1306161
1366337
44889
6957934
5805618
1994195
4433595
3852809
8295726
6498013
5173235
8337438
1368994
6592298
523606
9703883
7810903
2772080
3274295
8743918
8193095
3449597
9492812
8715390
1508725
6339036
32015
7339440
1353792
5916900
9188362
1885619
3983263
9692194
4299719
3282996
9562177
705948
6853243
3495848
9767432
8534979
2048424
5731457
5740872
2049899
3120617
4111978
4274853
9903265
4638374
8405156
6597867
2233762
861611
4681418
5326493
965617
4195346
3766787
3691730
1638914
5583277
295121
5395745
4969192
6928889
8200130
7326022
9135293
1639324
5630289
382475
6257569
3355472
2945468
6626265
549501
9865183
8631352
7854881
8544877
3727540
157958
3305620
5423702
2487108
8190096
2809885
3118489
240508
8696210
8552212
2532418
6553703
8845960
2313070
3082458
5537074
2018041
3286257
296438
2799332
6212406
4909033
6343450
9717657
6882769
6964057
7193833
8148011
916595
2488260
3007141
8482970
9146942
2981982
6958934
6379102
6096533
521174
5849477
1279993
3624832
3119497
8856049
334806
9210346
104223
783201
2977671
5121429
677611
6546796
8298630
1828173
2837936
6600159
8525216
2070498
5153810
3500143
4687782
3392327
3315780
6722190
7981073
1299182
8471079
713242
8842789
4686943
1299067
6100597
7881705
3559234
2727614
487715
9733396
6078423
6414560
3785267
9105809
7874808
5496915
8041291
7473458
6443435
3417889
1766271
9033267
2628645
9612683
181123
6311463
359043
9407228
868047
769789
2340854
9536607
1967301
9375489
6755742
1176092
7319008
6327891
7426893
988575
1255663
8370534
7827594
3164015
1002836
6534413
744711
6102258
9655687
8900744
9757775
3498212
9492827
4670051
2888680
1163179
5081467
6882514
2892686
6616801
3883404
4572217
3202167
4974228
6535107
1333989
2938321
1835952
6533144
7667471
6401009
2615487
9820883
416093
8882419
1183456
3477455
6004929
245208
7006575
2217707
6773490
8479097
6330312
4212970
233220
1089719
2421538
4674082
7894053
5485254
1252452
4371312
5566100
6199637
8524394
9864334
7468594
6048346
9090707
5376953
7502361
702779
5150884
1063613
8830497
5362518
9417495
1372210
9362387
7571748
3554768
6942105
2764943
3334741
8841640
6811550
5546074
7000745
6763531
641986
5197254
8118620
2138235
5330865
5892610
2993926
5896063
7036986
8197165
538847
8790358
1967390
7075760
7819208
5722266
2154363
7185692
1666460
9575809
9583693
5476646
3282315
6511363
9191621
4988285
2981713
7962710
6225421
7184628
6641243
3633434
5942875
5379465
6373987
7846137
5896143
5264278
8803500
5269803
7274492
7531849
8486538
704656
5426376
172356
226009
8155721
9206522
2926282
2365258
621971
1822259
6739710
9170736
1632518
8008847
6236415
3939518
2950498
5302473
2632419
8817435
5459403
1742673
4120917
3043505
9723553
1187849
2298482
3307570
5030035
698444
2533893
5427590
5304400
3967846
663884
3077254
4059660
4518275
166501
2240274
9866664
3819707
5716338
8137286
5385788
6392465
5626288
3411869
4702304
480989
7240114
2246369
2098353
774070
9477960
7407933
9478588
9587248
7335694
7827130
9266085
7051723
6416430
5137196
3843562
7884529
1044108
8889656
9738598
1096958
5781869
6620277
8216315
7134672
1856786
6483099
9441370
8704175
1054119
7652762
5645775
299638
2161998
4865958
2803442
1414847
2015022
3033096
8478315
4267229
2029211
747890
3511767
1324293
8770158
3780330
5390469
312067
6736457
5592588
989734
9263477
3555057
4890727
9704114
833148
7306978
3969915
8386254
4342293
845869
8314592
8455357
7287694
70588
5298344
9383132
1103643
1540721
7808392
9014546
7174703
6639492
2547709
1387442
2371725
8117112
3108951
5948400
5523072
1537739
7496261
9356178
614689
3371367
3286040
409980
5224137
4921938
5221380
7793195
3760667
1597912
6376619
4532714
3713491
2921881
8957621
8647701
5574763
8731024
3269909
7828971
7159718
5406123
5095236
1572234
3443607
9038729
2360092
3240645
4398365
5066630
3344434
4392573
5885813
719582
4780135
8212606
8935769
9713939
845156
4135581
8624326
3412458
7704900
3776872
7661339
4157443
406671
8032403
864332
5879856
9399193
1111712
7419478
9158794
2650509
3513157
6751242
9036684
7812303
4448219
8392292
2138027
8280981
3858237
7903168
3571396
4959900
9134298
3798520
985507
1955231
531884
6962475
4219853
6688033
5438876
2492428
9927318
5366539
2455521
9341949
658509
9542011
6941741
4887323
2460364
5773032
6568432
5704454
8585613
9064565
1931613
3365467
282512
4683832
3036233
8491667
8277662
2030449
106722
3844882
2972030
45296
2728281
8177435
7392017
5492523
4410876
2022976
8325530
1413524
7021287
7512432
4599597
7318752
8385544
5436902
6724285
1375640
8618341
7324958
604205
2923847
5623255
7063886
9806198
6201170
2974060
1970041
2442538
74937
1627779
6948693
3981884
8284733
8674960
8678485
3838985
2499346
7793966
1328799
3354158
8323552
8159776
4711732
2831616
465766
7960727
5019914
9676886
488822
9229024
8728025
7387725
5549837
3163282
6558037
2363543
4450014
6031790
3854825
7302334
6419095
882413
2360590
2644270
7017064
1324948
2650926
1265466
1108103
9200094
7744727
7478434
6441226
2868870
3892034
8796216
1074935
7275112
6725553
6169922
7683519
7722544
7077902
7149716
3433670
5518302
771632
2334130
3558503
8248496
2224794
5059
7883715
4689064
7472426
3119581
9473163
6750044
272173
7219679
6207014
3517378
8033894
2499823
9015702
3229780
6538059
4596556
7223847
2986384
4833216
5362293
8626400
8829278
8430121
4727529
4399345
3048272
6334472
9479919
9515042
677926
7153411
8400431
7128084
156963
5832497
1882049
3794982
4867637
7083609
2300921
619883
5244470
4546103
3482690
7928558
7804888
7130039
2772322
3238353
5626411
4908878
2003377
8491740
4387292
3573247
511328
5172759
9182170
1361971
7327184
6132768
5186427
7792288
1554017
6425936
4326295
7435674
8326710
5432293
7183884
5851648
1911986
4237263
9492045
4093992
9709037
4420176
1488574
9581830
2796316
3425012
8080417
5185203
6319005
1494475
6845179
6258792
9479031
7012932
6732607
3480830
7681908
7844641
6021
7799447
2725335
9454493
6341961
8707456
6780478
8617914
7414758
1655541
4314742
812349
5900977
6256096
9784442
673662
6528906
2821920
6676937
3251501
1258204
456603
8277316
4315056
1108554
8533963
6785152
7619500
8247569
396787
3913040
9892130
3621353
7881437
6340993
5650208
1732679
4712857
2018961
9650935
8336298
2955939
6055343
5300997
8659761
2161384
1809287
5910182
1965971
8882053
1935345
7086689
4472994
8872723
3268018
3786827
3369019
9083895
7324568
3098274
1208846
7748200
6879566
869824
9465306
5757350
3754530
3688830
5167827
2325220
9678091
7335578
7990224
6094078
6982103
6363693
198433
5057058
5539225
1486874
9893314
2295188
5622690
1483111
2841205
1525288
4704577
31326
1171744
3273309
7083857
1941443
7516727
7349665
3921297
320306
75494
4526149
8126119
9361060
1087003
1978168
117404
7647687
7813089
1574801
4576724
4807069
6558663
1492366
2843611
1015957
9603047
6022397
3668092
3096836
6872772
2672497
8929030
6744581
955856
4710927
7698926
1176299
2679325
3645745
3650049
2650157
4928983
7720427
1921029
5828629
723106
777044
4131231
882197
6662252
6716689
7302935
2401426
9128085
2280045
9915157
7779788
4305455
1218457
5166016
8255080
2696461
3465394
5227589
5139479
1807054
4233843
6822199
2098993
1780705
5117662
8659587
9693514
8004065
5835062
242908
7660432
75684
2366318
7148634
1940643
2328777
2568720
4251119
6704428
389930
1262898
8149290
6987804
3379112
8025070
8762190
8382674
2539373
3433439
122907
9652417
422871
7004704
614507
2374324
3561689
6326640
650478
8748760
5344747
9805740
2779139
6250568
9847358
4852127
4321897
301650
6737483
3676917
7714746
20245
7292629
8785168
9357297
3134369
7709635
1533555
5017204
592464
132409
9407424
6261007
9664895
1627860
8801033
9596306
687212
479870
2253867
8333452
1854978
4625233
4029669
4698010
698941
9825261
3514986
425541
3004789
1387755
4043398
4132399
8821332
7356966
9848567
2264243
1099605
3139653
151223
8014822
1279974
155303
6469052
929972
8223316
1714362
546490
977893
6424665
5882215
428645
641961
5718382
6056841
8405208
3959164
8077557
2206727
9905312
6296389
3821402
3655083
146243
4284286
7605762
2903313
5951895
6127030
6276859
7521242
6101018
4710749
8464033
5076864
1620502
8154013
8198747
9049270
1386174
2684968
9156101
5020437
1038020
7773459
4670319
2570002
3209289
8342269
9820026
2346032
3261052
3162569
7936668
6232255
5458605
5555551
5957880
5822989
4694505
1762939
9997693
4855963
3918987
2705202
5050392
9576634
8094489
2098533
831913
6176061
6439716
8978970
5281283
8053715
1603506
1321800
1918797
1567844
5932122
8221179
5882945
9912858
1996668
774027
4560503
1971023
6170543
8019808
1916948
7648169
7710755
4928947
8347374
1217098
1872331
772739
1411463
6314112
925979
547401
2365725
9499781
4382684
8958593
6472890
9025853
8823328
1347602
9498278
9912462
6077490
1027919
5174293
1175658
6871265
6408717
4328589
171478
7819558
8770211
8113033
6732881
8136451
9988109
9139537
1457711
3220017
3254428
1446324
1046676
369885
1514750
4838761
5751760
5430433
8616338
6991534
4759575
4156739
5465930
2084713
906932
9329801
6718161
6848648
4633369
605218
9415470
9652284
5908408
2418420
8667215
5801273
5071278
746105
7073994
4393166
9966235
6664700
5714127
3379030
3524333
9463316
2865196
6585023
5393982
9287174
6110940
6467611
2290584
3084689
7106885
5036408
5663339
6844505
183449
6511329
8583304
7368201
57680
127129
2335159
2889572
9776069
649307
6865725
4663045
7441594
5097311
5725184
128147
3755127
8924195
4370304
2525012
4446491
8848053
596664
329755
1670622
4793697
742758
6189487
7173309
3106877
917539
3465524
1066738
2541560
2920836
6895002
1268038
807224
1116174
4733880
852415
9233172
4397657
4103594
9232577
2110002
2089406
4319101
1244315
7364426
7067984
1310062
6490
6405436
4028158
8926866
9415118
9122564
4156611
9959206
5166157
1874113
9060279
3452340
7591636
1057880
9684360
4081207
4444243
4532308
7389179
3236220
8899602
3241219
9110930
2264003
5294129
4542659
9117249
7520348
3913080
9997621
2000471
630977
6712786
7029171
3606433
5194505
9353528
1877718
4618657
1247350
9199189
7970961
4807815
8409884
4374198
9610509
8294751
670258
1899718
632452
4086113
1790937
1367463
6238429
6341861
2746119
9393763
7609572
7921409
6773357
3975335
6415188
3123300
3087319
5760642
4817587
2027245
5096726
7132327
3723960
6989448
4385868
4415925
4693432
484202
8999943
2931167
1826873
6174366
5717644
1289770
2926415
8498571
1520415
6523516
1700937
504178
2186232
3047559
5441327
7470133
6548098
7005015
8185216
7738504
7659338
4189852
4862189
809900
787672
5255978
6020765
4748738
8955680
2995830
818679
7170519
8667301
6433706
9257735
6802157
3718778
90073
1536014
5945643
6103611
6769087
2276052
1126095
7198627
3982546
6929978
6766661
3664970
2201622
2595423
4447205
8806780
7107541
5551972
3340299
3116200
6252595
6076295
7077364
9008933
1434319
8558914
9851293
8000969
8540988
9020155
326556
3955879
7521264
877931
7441303
1142686
1276645
6678660
6200555
2132368
9564921
6458197
7605850
8863297
9236614
4636350
5976411
81373
8269803
2604849
4980627
8675816
475594
2452739
1884787
8401389
2149626
2981071
1971998
3219533
9097629
4027552
5024371
9846684
5659464
8147181
1855457
905883
4369436
5829754
777969
584099
1948641
3905971
3045251
6711336
3900315
2177849
4943283
1186075
9185824
4704581
362687
747027
8352602
9844961
9445626
8003354
3301781
1590119
5885932
9729181
335439
5526877
9076819
4022665
581215
3549208
7828063
9950845
8058968
9214929
2128820
3318758
6158442
1669774
2479144
8663002
7411264
501198
5536214
9673415
3486757
5199364
6230075
8211389
1495093
9080776
1194602
6071323
7793459
5638823
5189725
7766468
4505037
4849964
1205093
6481238
3872973
9969831
3502596
5447517
6911702
9802176
442699
9769016
5937104
4733240
6090521
7659450
9443803
5930224
2017675
1876984
9925197
6255289
8193667
2799823
971409
7130403
3253049
7816072
9177201
6336612
42868
1716385
4077177
7269415
4442360
9935459
5734330
6461025
7713700
117563
1170253
9722774
3892700
4374576
7065989
9968043
4566811
3897936
3418090
5652019
8143763
5682845
1291924
8421605
3864014
5969252
8142813
6801042
1251074
5679922
550123
1431573
3303848
4178667
9549656
6362980
6904194
5815704
3385423
3708720
7386532
2845972
1966579
4697924
2839451
1176697
855853
9821401
2888914
5424150
2776924
6134280
5058661
2090658
2209588
3158823
6813544
3081402
9042113
475351
2550728
2100307
2465575
868091
9120948
244546
4653648
2729899
1619186
4830050
982074
5799264
6407673
7734700
3934822
9742725
3035376
1363171
7477579
3105827
5254473
4814213
9507365
6814321
6039204
6229410
126318
3615248
1744213
3968966
8361562
980349
7034079
5950697
6526514
5965409
6599960
3166919
7569262
292664
8439466
689205
2537181
6124349
7246327
9769214
1344386
5968526
8952102
1198200
655669
551810
7808914
6364304
9493904
5899471
412458
3341735
6598930
7910531
5882574
8556866
8145810
8026392
751505
252331
5481607
6522311
3443894
1502005
4480074
2297616
3299802
1083300
7993450
9503275
3578733
4798994
2452043
1912989
562401
2270822
2033828
7072782
5931870
8913113
8707093
8756430
4249506
7837896
4481348
3552594
6548758
8490256
5040786
131705
162465
9550521
7147016
786593
357681
7141674
8922722
2268842
194112
6184916
2473284
8861668
4491404
5206984
3585917
2372978
7466239
4635856
4330372
7427997
6890982
5876935
3918243
6837920
1233279
8283741
7019361
2852623
9097793
7708326
7048990
4660366
2706645
6082483
6905509
1219469
707192
163221
6731441
1521140
2950260
950760
4896271
8858973
7031009
8004566
5970234
7818710
8167904
414225
5148176
8961457
2204312
3801729
6351297
4347293
3779965
7292006
4084676
8656219
623249
1900648
7545857
1484486
157041
6626506
6543629
4917679
9593908
4042743
4370568
152256
5649026
5278028
3740661
7849258
6977884
5113847
855650
4480490
4895513
6921657
6851714
5791935
8378912
4959333
5423921
4817257
1669767
9115094
8557764
7730514
9932190
3511406
1961578
8454026
2490938
9802804
2949087
9369726
5270986
4480229
2679177
8917392
1525438
231002
6086710
3296750
129214
804579
5115275
4775430
3452518
3389327
7700572
3932527
8188829
1829116
3572632
753500
7782325
7020208
5080369
481181
924831
6327715
1285369
1731288
3899184
2929372
8792365
4691108
3383034
8097472
4728346
3588132
4629431
613457
6735057
7327358
8412708
8136212
3521120
5686250
9689640
1160188
9935907
7046101
277486
6400588
313314
528171
3406231
6859512
7894382
6579067
5711875
1867407
7732502
8878672
5438753
9576044
2139489
479158
8551416
6989081
2998682
7436640
7772959
5280089
6913650
3264057
8733592
7748104
3954036
6036704
3586990
5620954
8326268
2982026
2121873
6494930
9029900
2067434
8588744
8770132
5153177
3770608
1253746
3503359
2399502
8643766
276223
5538830
3767580
9101012
64956
5449740
6135944
9640625
9203833
6479878
3013833
5687382
8428140
4950570
5279441
925707
7435166
7135063
7152003
4087668
7712019
8264932
1654900
5683441
7187010
5218301
2959713
1490172
9239361
3559279
9045404
429462
4524802
7773281
2482468
1107314
9984665
7314609
9473991
7188032
4534653
1174682
7659426
4153389
449345
3156003
3446740
4207229
1292248
6441725
6464133
6398813
1477037
7967189
1892448
788490
1512013
6188770
8431270
2513653
9888056
2762399
3456984
7520
8057828
8006608
3994260
3912847
2107458
8679858
2448917
5303547
6434155
8436668
7401236
8903342
1312702
3963465
5600300
3492586
6323124
355797
7975675
4590668
949513
3383316
3810363
1855840
1205219
6798199
6533249
860251
7977842
7663746
1078625
1760613
8098733
8601025
5580511
4927240
9632745
6941431
7608643
3741330
2632198
8368441
6133114
2278782
9958237
2541408
2547231
2131459
1175118
4768976
2996169
4267750
3152677
6693676
4612846
7369602
5072870
5656461
4044815
4082061
6601065
8677732
6462291
9476190
2612093
6596587
1106059
6882242
1378775
1679868
9126053
4655516
3306662
2212148
5788587
6411853
475508
7290559
5058783
6655392
3122094
784670
9796044
7686614
605650
1173474
5974751
354776
3557129
6492520
319248
4356542
6611083
3483261
5618729
9007024
8376484
8239092
3562583
8933953
3285869
4532688
9013699
2703613
8997797
619866
8450930
5129788
5101165
458899
533132
5992929
9805777
6927766
9182040
9120426
7082577
9726804
4227808
6176122
4876044
6152002
7663797
6550320
7334277
5884720
8429590
9646698
1472099
4428311
5063223
4711892
4198167
2494232
4304877
1040569
7867148
5519785
9088462
6609516
1718427
8893594
5093387
3987362
4068566
1196510
5048292
3547402
6664829
1128661
2807595
9341999
7970290
7311602
4726646
9795523
3209192
4262092
2099180
9649523
7774678
7782569
4380537
8762388
4730701
5509381
8293590
8085557
3515134
2689694
1044457
9043323
996231
2800335
4809658
9150202
146094
4089677
7622317
300415
6762020
8652137
6920409
1629718
7616213
3601815
5322594
1717971
395135
8690268
1264045
1561604
7881135
4417660
5878211
2994641
198459
6550449
1901800
3058624
8224687
2767369
495996
4135076
2458513
71286
4186337
3666944
3756499
5339330
812148
3727353
1885696
5224734
9776033
2261261
6544956
4283081
5607428
8059278
5651539
5305113
7567284
5244642
425112
9199108
4542163
7512766
3647500
2737213
4740739
3571056
6636534
9267729
946254
1057124
4184802
6052965
3999095
1273414
9325293
3128
6000783
9681268
4135539
4478483
7348128
2264279
8723491
746314
2116474
1409076
2176078
5043963
2706220
6899717
3869487
2312586
6265890
3634385
3670220
7345737
4422575
2430957
7355487
8148767
846370
7094023
1076107
4391778
3609804
8683862
7138453
2328518
98058
5301069
614938
1468834
7618492
3495572
9456877
7355850
1930786
1277643
3372719
6061983
9095932
112876
5092697
3038500
1888232
983708
7143807
9523165
5438593
4083922
9394436
6652345
106306
7162907
927192
8602342
3401715
7114774
5514740
6983187
7467581
84277
5064805
3564721
1199140
562494
4323748
4008697
4198412
8396788
9414347
1795738
6062075
732050
1864622
667912
9676819
5785495
5238909
5187197
1153435
599623
4612039
3420207
3799949
4079282
1527860
172435
6184364
1551796
7458670
8752325
1562121
5876772
5404738
6609194
5867108
3673583
46788
6863851
1027511
2193720
9441063
7142856
5453485
6297561
5965364
1171193
6521576
2410111
6163015
6393982
8244624
8321495
3873120
3005101
7933682
5013510
7556693
7521055
7631932
2750622
7560933
926843
8764441
9624136
4822473
1204425
4470004
4093654
8090872
8804903
4552084
3649296
3519697
6975493
19711
9497140
5637583
2498454
4066566
5223720
379646
797895
6042232
569640
6647636
8268696
8620533
9455883
3349875
3098568
7630556
3493744
3041221
1778495
1310146
9792363
7908132
9862220
1317288
2161163
3421544
9130938
7232939
5029123
8125567
8237071
8369574
6583093
9190088
8098108
2205976
8391351
7729594
3792029
4779862
1122122
1724548
9796104
8933711
3537868
2324204
5883416
4466486
7275554
1558469
9004757
1361465
7458981
1775385
5728559
2191529
2139840
9022734
9691413
9407935
8043557
5036166
8151953
1723606
6840222
795343
9627146
741638
3836379
2428298
1541694
718620
5912549
2173026
5173907
4347896
1165183
9082091
9078261
2467899
5961214
6598071
5366444
274050
7614868
9657362
9910201
3386517
4977200
4309558
2903277
1688826
2176366
5717945
4213893
1152855
3335375
7064948
2207550
8188999
3417876
6679229
7283105
357754
4679621
2378120
3004704
2763516
9581465
1809084
9840534
8624255
763610
1174201
8958712
8102375
1172867
4106506
2817172
3476209
9773865
568223
234059
2804362
3897686
6839480
3271915
6104768
6779185
64995
5954863
2916666
9785331
7763036
1768082
9890290
9761983
1326476
1712416
5115764
593817
3560461
7569631
4728865
2552142
6994389
6413066
1049609
3406147
1948529
9713955
5151384
2788640
9876434
8942927
2757383
6246282
9719578
6382207
3455175
2680364
2476605
1895135
8946113
4585110
916089
3440242
6061503
2258588
157575
5720976
2372864
1351690
7345332
6540226
4819274
3366696
1404484
1668743
1511287
8669044
643076
405968
6526768
8165770
6372237
3521540
2687502
2390637
4478859
5184780
9671999
7271583
6880601
1256861
1537285
7242059
9247213
3250315
2302020
3277106
6528839
3388714
5879456
6551811
7793754
9559681
5221891
23044
7793025
6966129
7985346
9414942
4141288
3766679
463189
2299486
6841260
8536237
6127144
7206716
9794354
930578
3478690
1031040
179138
2163686
1506752
9540512
9472715
9689352
7827032
5164041
5143586
8684805
1233659
5189437
1688710
5171905
5501771
9411579
9924337
3145903
8470055
1966106
6302824
7347207
9657348
4550876
2692457
2764827
203906
7973101
5790802
7522438
6353787
1189062
4191637
7999679
8470329
4789172
4193892
4527188
8964349
8295076
1859059
4793937
3456121
7287873
6601195
8473930
3508348
3518684
2126494
2731187
4082326
4367897
7832515
2026496
8180875
1578294
8568352
5407347
3655067
9183843
2518687
5540664
3051130
1281146
5199790
659567
7752130
1019215
2364145
7534802
8853437
2217070
310303
7444243
9187490
8570546
1317053
8022248
8212741
2778103
3985328
2026144
6641981
6309819
4718847
6614753
465719
1035501
7878243
5223566
7238597
9971932
6354685
3115008
8793203
4713168
8771375
7134964
5534797
5574403
5898425
4988083
1102671
2492321
7200158
6313184
2570405
9809108
8025093
713753
25255
2969116
6215305
641597
4608154
1226366
4575882
9373945
4435606
3341352
7350092
1646853
5123031
4426649
6783504
9616554
7009820
5336228
2677798
851633
7502603
282852
5296806
289225
2240664
7157233
3390030
2702044
6162552
2207524
2719582
9558306
2249615
5068624
703521
8053744
92006
1299045
4302633
5863940
6675242
9396690
8127018
7641786
4271964
7976255
5518332
1265971
5790279
6632469
5759996
7973012
5247977
418355
2777783
9618771
7171851
9193655
3796178
5087013
4571938
6375907
1684902
1029010
9329147
381114
6046373
1412829
2424342
943803
5088909
6756302
1122732
4330571
9262021
708983
1613782
5881805
6979011
1086906
8729962
1463776
2713775
6973772
7105581
3230152
9385609
5887307
8600475
1785053
1664495
4144581
1846291
6857305
7269357
2421568
2889154
6714991
787718
2646211
2314540
9147997
4200992
7324298
685279
235282
1289695
812009
6240561
1909514
2403931
2606401
1049266
854454
1415429
3337228
5800793
2532421
8448370
3176917
1587269
5407551
670440
7360248
2462221
7793712
2379483
7557190
7361671
2444854
3579557
4113321
3279833
8511427
6104742
6365718
8366239
1781874
2962074
6134340
7968733
2114602
3572127
1727646
4339189
8086655
5344488
9931235
5264266
699025
6199684
6729794
4051210
9424583
165389
2704973
617375
842631
131216
66582
2144926
8814739
8834010
5528425
9852365
7691216
6974322
131002
8032827
4253715
3790125
163287
3365345
9470683
1420726
9362785
1229160
958280
4942390
6002620
4071248
3124951
6920244
2744464
1244860
1906655
5010527
1542224
4819861
9365621
6473485
8678715
19720
4310221
7921010
3397367
5889658
5527954
9456731
6670889
3217477
9671922
4345359
7162718
7175593
1152318
7349566
7421318
7586696
6795989
2866766
266532
2527284
9457616
4490435
5749303
8314441
2648244
9119469
3769678
1234472
7954741
2696507
5970805
4356971
3479307
1552376
5021449
8529661
4049580
5367456
4313343
1051022
8012162
6000885
8184925
8729164
3497926
8380847
9011724
1820850
7727141
9098895
5055253
6046708
2313562
9298274
2270787
7531905
9432216
3092935
8122507
9328207
6461231
7043417
9963387
9067831
1752093
6672064
2656487
99284
4429952
3385349
5942383
401746
596657
7422838
193400
7614816
3667911
9954807
1363081
1429274
7386597
72142
5576078
6107093
783569
2678398
2497648
1978276
2337400
4290093
4744341
494287
2268443
2822215
2491771
1469588
997991
6448051
3127714
4534528
4010405
8570605
4217385
1429791
9028523
6988682
1839267
426681
5545900
998809
2730486
7902109
5540443
4547105
6218252
4271489
7048544
9203565
8977427
4063237
7261056
1464817
2977628
732761
7720322
7675386
1931429
7550287
1579218
9150134
5578852
6634618
6387816
7748387
9823362
9090042
3812430
6227030
7233413
509321
7718324
1136511
5200033
8485379
7182434
9657707
9342002
3426169
3747021
6864489
8192025
3719732
9194489
2922106
3779239
3911497
3947743
9549826
5078472
1536307
9805851
2054651
6191887
6045305
1480347
7999101
4629044
1618094
387442
3306076
6002188
1653587
6719892
3966946
3671567
1566218
3898424
3331582
7436450
7865570
2613061
9054254
2255912
4822583
6581046
2464172
415623
1020284
280365
7304284
7603141
7048639
3250252
2457626
5052434
3637390
384758
2218358
5168855
1030036
7045458
1259155
3562074
9784262
3287692
1663956
4411014
8776318
1373707
4976092
7848894
5490675
8514008
2496817
3337284
8324265
1684304
9698567
104564
6145520
2867605
2753588
227019
4242438
6134908
5986516
8641572
1745485
569634
6525418
7823996
8423763
6736763
7641406
2047397
7703633
4959403
7603500
9792620
2265101
667045
3077771
1130493
966211
2121924
3459215
4786673
5318226
2648818
4757182
1485452
3698856
4933684
1895238
4366857
7536762
1299327
7778178
8464626
4695353
4382609
5206951
2675164
1470333
505136
3019792
5315076
7629426
171042
1779061
9027668
674559
2228871
8103925
4682297
9004781
6175391
1771841
2087947
6383818
5795395
50977
7447533
1388352
2351596
5577580
3559495
7677399
1590926
7306249
3645841
6797016
7602875
4716545
7523888
7680931
9354153
1006429
8151828
7255179
3036087
4039681
2105430
1041191
5488590
8254846
5120943
5497269
5981752
1602810
9368730
888917
8761007
7109015
6716838
2280253
2391871
9494205
1673823
1861362
7683356
6154405
9831874
9060075
5575250
8934463
3273381
2618247
7310253
1775990
4705574
8385650
5286773
6528442
3699311
6651703
1097346
4962714
5061797
946252
4585767
9526479
1030690
9792344
592151
4593188
7029122
8866700
8804239
5367777
583502
5613838
4965608
9441139
3613454
8394241
8349882
4314468
2483947
791881
6382912
6327787
7568433
7893669
1843865
3027842
1316653
4733976
1808353
3143848
545379
7045845
743577
4708571
7586339
2151760
6563407
6188358
6186782
2408379
9528000
9358599
6730348
5301243
9184324
1857753
7873774
889727
1990539
1158725
317067
8341417
7543036
4979375
669250
3562820
4785524
7299120
3933810
8535457
2079485
6350281
4650314
5219841
6637081
1067625
6398463
9445291
2551651
4933319
4741764
7006997
4091307
9559398
8924931
8664592
5700569
3596603
55391
6689706
4735376
4438256
2678509
4129994
9808048
4945938
4219204
8707712
9781887
1157089
701073
2145438
4604693
6441847
9859441
1938560
8794131
8702762
9369357
9467652
3245732
7456099
6775578
4908836
3083092
2926125
1978179
6793222
2267119
7595496
6365499
9157809
7029128
8898516
5999083
4489991
2174986
1766304
5326330
5354048
3422804
4090194
8105957
3874344
4474802
2223385
5791672
8625160
3276620
8939108
6827363
744358
8262066
7441049
4898013
9705602
4918494
9153667
9078475
8407762
9417095
6213424
6414560
4208338
423826
7737017
1016187
9042780
9938545
9361001
4066591
8563014
8803402
5711209
4813735
2958312
3054866
5401205
5163844
409846
4402268
7711942
8859136
9389872
6404923
7283597
3287756
570725
3058005
1069732
9404461
4862660
6885159
8771804
2792689
8606298
4607652
5713030
2418182
2455240
7378721
4229228
3610153
3222856
2853542
9478624
421687
7654174
1868328
7525144
7026126
1788862
639718
5446446
2955061
8444190
1721056
7175873
4665154
513941
4959460
6873234
7386354
7877384
5666462
6896745
4298863
266010
5764884
8891809
3607946
530451
5168950
3929868
4006363
489904
543998
4204586
87411
7626013
1877860
5727819
9388249
9428449
1595020
1305829
3943062
6859792
3041450
4285825
7203353
1526581
597481
4455525
458492
5107601
4401024
9475563
9615020
1462337
3179534
750292
6946814
8842305
3385761
4062759
8215349
6972042
6822456
6060156
8975960
9252896
7164179
7096301
3361878
6086155
9215237
4740830
5334927
3246730
3959558
5314764
9390958
9774510
5495590
5605177
3643227
891999
5716139
5428942
1616161
9266477
956227
9649976
3958067
9821574
9147307
2536890
4966792
7549350
5029013
1570271
7401775
5142102
2739434
8920772
3832507
5741977
2182488
733279
3878878
6358969
6080389
8897121
2208746
2602814
7658778
2470580
1102871
5099697
5994382
9488338
8096073
7988237
4906979
5265832
4377204
5800604
3192535
227390
7150688
6633863
8930443
9352533
3714795
2041651
2967078
9063818
3280349
6990176
3699056
4374295
3222537
8181346
9184506
3560373
8889217
1721729
2580205
3036513
3373518
8902057
6353147
8618654
3523696
9475151
1141645
3137047
3283336
2463019
3622345
2357594
9054162
7382129
8947423
4563583
4086931
5617966
9767163
7084593
9948196
8663730
5672996
2871188
3671827
2091374
3132334
6387122
4252384
9391165
4797290
5813562
8281115
7049440
3749033
4754825
391834
2522113
258715
6721304
3132220
4344144
4211983
8957972
1599877
6623874
7177739
5625902
1197353
406056
9200218
4471789
432583
9216652
3530209
6664398
6944212
8745110
4595761
5065351
702476
1492927
4312090
2170375
2739009
6652101
7258543
9800803
6487101
2938860
4804291
5115426
3159263
3802868
8361278
3985191
6284446
3890278
5798446
2564761
4515010
706526
5687964
7690291
687048
381589
570274
6624191
8856097
1799686
6035151
2891106
2458823
8924576
4977476
9700548
8185516
9812758
1628211
6329060
5376069
4279521
3750886
2990124
5538468
5711190
7589262
1325898
9738306
4139449
310693
7385939
1548761
2308803
7742964
2630554
7679853
1377813
7090904
7062177
2245659
863061
2571713
6712879
6159237
4537089
6738158
2944581
8237581
6942447
9257112
2739164
6440128
4505397
929375
9487679
4042697
9681964
6666302
3107693
3698482
8206799
9067492
6267250
997154
6164571
5226261
540110
58218
1646758
1844033
4086170
8247354
4863638
7351721
3941696
8028162
7866427
3139594
8597325
8895025
9807291
7019814
6947509
2321219
6917330
2484707
2396596
1241711
9865435
5300003
8814688
1566427
1736630
3571248
4857950
2135204
9671784
9940086
2615144
7946942
7985035
6447180
8160118
2928982
794668
6024459
249493
4200213
1843790
960967
1882141
9746085
8493881
9945407
4957424
492386
8516387
9842027
3483450
9507230
4796531
2997375
6301166
8260942
868793
2102072
9558176
5218995
739675
1371183
7368152
9136722
3658402
7528812
4079245
8817816
2243029
3720042
7946213
1340426
475797
784729
6961052
4076976
5353963
6681599
5796167
7963324
9564132
5992940
9543952
2788146
8768937
412965
1020172
1845981
323957
6838290
8857800
4635964
7424716
3616653
3571249
1097546
1046052
3389143
8213571
2656390
1816994
4628700
7768675
9941217
9455654
7822630
8750129
5184607
2820781
6703157
5192068
1449006
8488663
6186247
6389924
2527040
1201961
5092403
2872309
955949
1422120
1418316
2628375
6010261
2565930
8886042
9289015
8787229
8033404
8336760
645950
900589
1985326
3425653
3327843
3882049
5205808
1442898
2204324
2464923
4146482
230635
1347741
4946934
83699
1752075
6876861
5431672
7241213
1689166
4178574
7534965
8691465
5173434
7209962
7298613
9511163
3483943
1015802
2198651
3656639
9458585
7333992
4677406
9920722
2094114
9071459
8406586
4709152
9732767
8298926
4741083
4220099
8976418
4595835
1562447
3708843
8624800
7326881
2990790
9401632
5208054
1410973
2825955
6404545
9155676
2313900
4963186
9277196
1730537
4094097
6717117
1160243
4401706
8390261
1794592
1267654
9339177
2771763
8109789
2059964
9240951
1564085
5677788
8237957
9268976
857447
1304493
8252896
6482762
3010906
4508771
5844099
6161750
4809788
2177664
4215865
3971051
195381
6990119
1730608
2301889
3696518
3892774
5109355
5703224
8942327
4386290
6916153
5953003
1261302
5732221
6348919
3783878
3103949
8620815
9494695
6038598
1581521
1255098
2674453
3184268
2784040
9833973
3195255
6756663
1658612
1268440
2712016
1502357
9796146
2875416
1343463
8523342
6951071
8441210
1594980
2836185
3432135
7130137
7657302
6513796
9317624
4436953
5582237
5379202
8553293
5834734
8817786
4307512
4181236
399130
9534590
8429078
8607285
9916577
9236011
9072904
2898054
7735215
2043905
7346941
8181579
5153076
8204174
9028754
2146433
8071590
403127
2988
1828530
9514415
1804153
8680804
2785276
1597255
3143973
6201740
7675013
7315504
3445317
2103627
8749735
107675
6429134
6127803
1489128
6084410
3158749
4423603
6191479
5346358
4988861
8551201
4859619
6661978
7226323
869197
3093378
1953833
476718
7166249
6619993
9457568
5726443
4334805
4959473
3105317
7888832
9310727
3373630
1829780
3801510
2894611
3503882
3437960
7073079
5104011
4251230
7610555
8195892
4668452
7759126
5254755
5199118
5567540
3996811
9292166
4054168
2264817
5057317
6457199
9943618
6480397
2368719
554513
3485317
5683199
8740091
5545424
1735264
9082980
927615
3381696
665636
526656
2549075
5753011
5098638
8384935
2157628
5981316
6764514
5966639
9495263
7242709
2554724
3359560
8557713
6748563
3945427
4802658
4231542
5095037
2224337
5146791
4341895
3808818
1715630
2587218
25871
2303204
327117
447007
1572466
7220897
4117565
4171314
5748734
1415383
3496764
8517421
2234356
2094672
3397339
6242647
2039188
1629102
341709
6761769
1523729
6490107
5349011
8244719
8543107
3644286
4779126
8400505
297235
8709222
1477621
5241599
3176725
2234492
8903429
6048490
8846001
493803
5891894
5835936
1010050
8636774
4519625
1507777
2279807
552554
268760
8498989
8663860
8423609
5496093
3769084
1758177
8284082
9565914
6683902
9317081
4638417
5234845
6079115
2098833
6429999
8681132
1724281
4340498
9331348
6523543
848363
2661971
4999765
7441509
1575001
3155459
6638870
3426826
4751320
2724576
9584363
7519244
8209877
3542693
2786052
9371802
1328987
3172627
9071306
6191690
5110772
9231392
5818183
3402231
4236639
4495633
6072200
8962247
1146562
559611
6870615
3560410
9462611
997822
4376996
2564433
8960491
9403332
3645357
3110797
3341317
445243
600108
3689021
1436233
3609508
1422024
3528354
2962274
1377514
2666837
4989662
424085
3259632
2319511
5369888
7459010
6795384
7380496
8644545
4945402
8902587
7667632
8673933
4016997
7427022
8497194
4115851
971801
546255
8778479
6762297
6030212
7887162
3645542
8957643
1889642
7758688
9201101
7979536
2789346
3782713
6652791
8686442
3852238
1382104
7852050
4616456
5888875
9444614
4129853
8717545
3587770
7763060
2377583
9154013
2577133
3795860
1552752
2251475
8493802
876179
7076990
4996848
7287080
6443866
5784207
3375493
279141
420316
3330861
1038287
3098687
9834994
7392912
6517303
9386497
6192926
1954664
5977167
7674329
802148
6724
4077913
6167774
3377570
7787391
8802044
3897306
9436533
2760702
5795514
9854154
1765637
3470058
3902841
7366666
240605
657639
8665856
1631140
1746721
181798
3387340
3098919
2521966
7317985
4207442
9213377
1121134
5510692
8678166
8129093
7894388
8142126
6553652
3594647
4981695
1098964
5721907
3827205
282295
131617
8610021
6103284
2930361
7968283
9717300
4899026
8308961
2168391
6974616
5060944
1051485
7239478
8032800
7155903
9424157
4582038
3275404
1486398
5330012
1711222
5211685
3722687
7311254
6502682
6887247
3256343
2646553
3726841
3418436
1253820
1249216
386611
3493242
686104
4909335
5287938
4336361
4216950
2824265
61303
1424786
7133188
1835266
7825939
4122205
3703740
156574
6447163
8522897
1887070
6871038
6362004
4373940
5022995
9426439
6218680
9460707
7129097
2068257
3216834
4612913
4615784
286748
650966
4283064
5639687
