10000
981641
7843059
8784313
7159776
5219236
926333
5056531
9242282
7416282
1535711
1729126
4804359
5126461
5509793
4430864
7605383
9232428
699667
8259083
4415134
3160570
5947735
2541347
4727880
8114493
6982882
1727820
2631469
9056555
1248251
7341416
160331
527430
4687916
4160377
9842530
7908911
2069719
3864824
5856224
4326935
2250926
1997352
7681964
7854693
9133961
641189
3755184
8371675
8309361
9345875
9666221
6349461
3364191
1210805
1517989
2894692
2152198
4719616
6835669
4983984
3230842
5117137
1355680
5940479
7497160
6105883
2512546
3533480
9674262
9197573
8586992
1561978
7891491
2267046
9949339
6717586
3761789
811831
9135806
5800018
1606758
6059178
6833523
8110268
5136614
2321000
5471562
2953179
744023
9320962
6748413
4027963
8288217
7422242
7779198
2015269
1482374
226117
7858432
2163290
1655473
4628269
333091
1163938
9346453
8454437
546828
5066052
9225677
1069464
6170136
5791547
8486850
1606545
8146497
4052765
7667606
5467536
6080925
5101092
6173011
2853308
5642457
8055363
3668774
4576852
8879620
8438997
9581911
3818010
7654616
7250939
4544022
3487439
4287295
6055688
4370544
4482916
5788748
2763957
3675051
1274191
7593370
880233
9672861
9830531
1650406
2751886
2671491
7561475
1796778
6430180
1301523
9266959
5881782
2807651
1384401
5982349
434942
7904290
6571175
4570134
4249867
6317797
1247108
2231491
9585051
9868437
3747870
4662727
8177908
1586765
4190862
1770872
92589
5684706
5660934
7550209
7990974
7176720
2902977
2556953
1905625
277663
8370182
8439168
2951279
4346800
7133787
7977714
217628
3364749
7217071
4192507
9171197
3987317
8835938
4805119
2776598
3238873
5833907
3813934
6392250
7176901
6113188
908983
8029339
1770527
3203139
439938
2700960
6044770
2383193
687580
5431444
3389040
1086475
9633070
4786618
1423389
2136581
3975540
7730200
9108581
7857621
7356985
7599441
218399
7660530
743047
8896606
3177240
1865906
5424948
7693550
4605884
9271879
9670423
4927610
9283656
7182734
3619692
61915
4831619
8405754
1064962
9900259
5453514
8969459
3970776
7748423
4721188
4816043
6527043
4093019
141643
2203904
8155629
3808571
4317859
8043650
2476131
8481420
3208113
156876
141327
9393846
6819486
8109515
6273202
5633293
9630047
6737246
1972912
987917
2563576
4397110
2869155
417805
6570446
5506082
6668479
8909899
1399534
2597247
1757719
7486990
9242278
7735480
9835689
8873768
7873202
2421595
7175349
9615010
5373437
3687125
6596019
3533053
6169850
2291578
372989
6239923
5510372
8195754
8163186
3100887
9658087
5276409
5137192
4016951
9278604
5017592
8518722
3255268
4527293
4796221
2492123
7022303
1709899
1121056
4826753
8964548
9731300
4701175
9542724
181192
9750701
9177953
4343638
3029752
3556885
9608143
8655469
1209520
9182720
6545501
9820313
7493908
1305763
4491363
2510141
7348619
4827769
1267717
1614672
3967046
7834178
5404340
3338682
9375720
1893236
3601009
8490017
8358965
7984490
958993
7796631
5843125
9580460
3412165
2120580
5799715
7853465
76332
855210
4947031
643365
6500247
2156803
3600830
9927193
2320382
4362563
7224880
5074484
9911019
5667471
1221574
8245513
1610650
4995664
2754162
5501375
2913561
6301143
4077368
739860
7274975
1239630
3028048
4214867
9412644
2947666
5177825
8019409
6029076
7436505
6578215
4830409
1135442
1501993
8800276
9272067
8924623
759296
7946275
6456919
7910317
68219
7833959
9495172
5972922
2174372
1063473
8771103
2999367
7871044
3389104
1275766
8161290
6956422
8020749
5527483
1640042
5294455
2128805
9590376
6520260
2895388
264031
2233994
9598844
5594507
2224900
3355946
9580657
9042566
265812
6138027
9990414
9023558
3665285
2456266
2625279
8838740
7914287
8773006
5804788
8112742
2161506
6052837
8981461
4737922
792990
7043342
4554931
447094
1645179
5928167
9791517
5198537
6502002
4126328
6312832
9495254
8325840
1756562
905793
7163291
317248
7435649
9583843
8661198
7594841
7828709
1910113
3934054
7374269
7311006
6621916
5124697
2902926
8616596
3569781
7650873
8824489
2672810
9410967
6728298
3599156
9193615
4041415
1769316
6337285
7257011
823730
5960093
1571568
3333263
1693878
7466190
4643586
1387086
2974353
848855
6730725
9048857
5472023
7886947
8316479
6411750
5361818
6888278
6454387
1822877
2041874
8001992
2538979
4200392
4412573
1648394
89030
9901533
2050724
3003864
9084435
858870
7737701
8625626
4688174
691549
777116
6729963
6997459
8993463
1875784
7771769
9737339
4602018
1031990
9591895
8553540
9632891
8392345
8715455
9172665
3795999
7334429
6897018
5018693
4300521
6932818
9973143
3916287
7270891
3840793
8999273
789316
8422788
7533724
215490
1408731
4706137
8787937
9587120
6518216
5051810
6905519
4570916
6556122
1140720
8622652
8327897
1203743
1310862
601522
5246500
1393806
9864697
8544883
7395591
9640429
1021003
1361835
6724672
3613309
2460782
7492229
949632
605657
3558885
2797300
712958
7805654
2373209
1686368
9720547
5034442
826506
5534662
3831743
4868025
831020
2736768
5251605
1271215
1075757
2030975
234060
7608339
8843771
1381058
4513641
506278
9987891
6845695
7598399
2831169
5966842
1563224
381839
5281063
4064558
7196378
5507635
8317684
3142394
2831241
3406852
15145
3067844
338160
9106837
9936538
8192705
8436945
4416765
6696925
4422032
892517
3575836
4113148
4831653
4773627
3180183
6804486
4469901
2692734
5194954
546320
7361305
1058274
8558342
6695808
9695481
5714866
8545426
3088824
9693622
6697907
4264638
3294273
8763576
4106343
8266824
7525835
184619
5755500
115990
4245055
9102024
9512033
8211433
6656909
7515358
2320645
1434424
8614844
9458769
1538115
5198696
8645734
5716279
9052263
7437779
2587923
7982260
5925151
5312954
310980
956850
1608810
926735
9151172
2506456
3176333
307141
1468432
1332017
1887511
6928458
9348451
7523371
1826278
8469336
7131760
276189
8344016
9582487
2185063
2579240
1844745
1708956
5877917
9040054
3719479
4849414
9996594
2489770
2721597
5974880
7616347
6165437
129228
4693650
6156354
7902648
2640455
3172069
8306
9368920
2300057
8834532
5641062
2781158
3069596
2489749
7203416
939409
4884280
201482
9153237
7944057
4273593
4197464
6153214
1910627
5918576
5487360
6824840
6776402
9003522
8291721
9257808
8364282
6921417
6987135
6978913
8181469
3219141
8256858
7707697
114961
3565369
8406391
3997995
6424971
9495589
9128759
2433177
301441
1737012
1095578
9679521
4953249
8126628
2743552
5900785
8486636
6805356
9310185
4175546
3845011
9763668
3205524
189867
4486171
3032015
9170139
787226
2107637
9112854
3139957
855821
6960458
4306385
6773413
2734651
730128
3247827
8634312
4948076
677650
3829983
7928467
1524735
4054029
788928
526710
1387296
4049741
2229366
8328187
9237469
2232844
3020442
5869788
9401631
9414495
172465
7713871
7159212
4289781
7121157
5172486
4899251
5815233
8379427
4717181
3744799
8781357
2789701
9222472
3834918
1974075
784011
4490143
6486123
2896168
6821417
8948279
3129816
1489286
3281230
6540707
6200135
2744176
2021195
7137626
3876839
6029524
4511930
9894043
7688172
7588131
5599947
4274376
7263312
1063245
7190021
9922632
7883271
4354789
5117793
6861966
1991539
6262776
8335071
6722564
9871709
179226
9526145
428357
9552865
4682445
1315614
8309140
4879605
1377321
5311380
4757013
1695195
9724254
6271009
4842226
9751046
7231430
558469
3729473
4964589
8246043
5160781
6158674
1641641
5971700
7691456
4098220
2876752
3786428
6554606
4358729
2368003
3354814
2463568
601654
3157044
5139946
4033530
8610928
6596431
617458
8969027
4477545
5574040
1739158
4543989
9645823
166731
5112880
4955331
6851989
6528052
9701641
5554497
9209526
3539983
3462307
2206027
7781431
5939907
559566
9327564
4328941
1411571
5494806
8827094
1997051
3235465
5113219
2515992
7905772
5709840
3085838
9389518
7917640
5177623
1876710
6332335
9679501
5471530
7506034
4771565
4914180
126867
906879
3558270
2579068
5458758
144947
7526464
8763422
2604552
2831495
7171292
6097964
6136586
9991438
2399871
8062006
7757365
6335922
7908842
5826483
2682260
6563954
5681341
9658588
4579745
6292014
5703325
8177916
7290592
2653843
9342749
9194495
2253073
8675669
4177326
4454629
6247603
6679385
4468274
5592241
9260383
2457031
2555058
7934761
3432965
2103199
6295976
7813849
8651437
4116709
4133481
4999142
9337676
7166974
9496086
3964023
1878969
2284713
5538972
9037888
7990346
6439244
4021547
8640346
5401698
8326694
6219280
6201273
1813322
2255588
5300370
8854231
3575610
1742624
5094108
3547332
2249635
1649935
1083731
7658105
5106972
9415282
8785994
4256101
4780368
2290002
1316620
5418246
5328444
5135889
7347802
5883407
8895338
7137520
7720836
2909133
9159044
8579774
3241623
2180579
5659543
697186
4009785
272693
9733458
480109
748955
832314
8157027
6465110
2963586
7643470
1001328
5629693
7182777
7936257
8251276
7057184
6216293
9028751
4160247
4082478
203774
3309154
4117414
117090
1396132
2129311
4188463
2703347
7516412
554411
5795551
3582042
5390558
1921365
3670016
5310303
567770
665795
6329000
3018864
4829656
738178
7702728
7305193
2941876
63250
2510132
680881
9271361
8804626
8810533
2516840
3077851
8797711
4567978
9525462
5993732
5901224
6603284
898051
1914597
4673874
4046145
7637436
6187610
5172296
4966511
6099409
1152180
8924589
6197057
1033232
7781451
4625550
547305
2353807
3205143
1466865
1977225
9040030
3410393
4671164
5804393
8735402
8082225
5166471
8048895
7852215
4584471
3397300
7589919
9123520
5808528
4240818
1908578
3073211
2739885
2197396
4585663
5717372
102472
8161031
4336381
2051134
8627439
1788405
5880264
1804962
1913884
3535095
2565686
3502434
3445578
1261969
3231937
1058171
4408464
1984714
8995545
684074
4967043
5393688
807407
5034697
7281591
4455405
3773585
3971356
9585604
4548242
4161104
3266103
3703815
8970208
5305474
4483784
3812535
4664452
9876476
8282076
104990
9294866
5023160
5120856
8937557
6522067
9971566
5944605
9669539
170844
6354537
1479159
9029240
5267287
3778541
8377583
4143817
6989190
631253
3805399
7197410
9428632
8191495
7181333
6940485
9877299
4990478
981064
2923678
4422109
324421
3928191
4915421
956094
7145483
4622732
38344
7377051
6386031
7946893
3995327
1292594
9055987
6491517
2749261
6462543
7347477
7500125
2273078
2815746
6331944
9253591
1980998
5456835
2900806
5393580
82495
6464324
6834511
9248118
7990893
1508156
918699
3467943
2307082
2152807
9265445
3681841
652991
1212351
8664591
9736298
7554059
4929741
187764
3449868
7706140
3981131
6047401
3151175
9510671
4603985
3667521
8982734
8144320
3178354
278868
6177299
9424364
9351419
5084633
5536511
6871764
8088064
3778562
8270083
3225391
1440520
5334413
7971363
5807643
140553
693690
5157250
3571972
7232102
2549748
9102848
2222590
8652323
5142919
9530717
3996553
3188290
4835398
9686494
959051
8448535
1396542
8275316
3846150
2740678
5714637
9882900
6689592
4187606
6198427
533727
434929
5532882
2183112
2361027
9544640
1777484
3555293
2284375
194507
9229303
7127863
9914158
5620912
4919274
9368688
2991865
7001304
1015174
2673550
309868
6990967
1283120
4870912
5844872
301356
267161
7769177
6782388
2362475
4000714
7486137
6106769
1194239
5428352
7970983
8863691
7886565
8027177
6020016
8038271
5231401
5885443
2782848
3047807
8261198
8471937
8224929
2757251
4776397
6019486
1010699
2334123
1937534
7106352
9094940
4479947
5683743
2852638
8695334
6991242
2444235
1608865
3737453
557054
8116052
3122338
4552809
2152083
6276645
6372361
4201091
7921407
3423400
8351652
6796316
4572550
7719068
632147
438853
3453352
1436857
1261711
3864945
1779471
1252850
5675863
776584
8952361
4392467
4174330
2057389
1930744
1594275
4901495
1091426
3694937
9802048
1345173
6941860
2801356
1752621
4161295
3385940
2539372
3169505
1982116
2454801
6616064
9107613
2411967
755051
6678544
6059166
9458032
4158701
53829
6957340
3734490
4506426
9629857
699085
6385684
2954079
2163587
3781872
7649581
9910387
4584506
8300700
8069883
3331908
9967730
2825545
8673705
1887105
9077336
1847631
5446508
7667124
9157287
7258017
6075377
5894896
2709808
5286807
8844491
883192
6247324
6669538
3377257
817098
3235074
6675149
1257671
1195737
2221441
4071969
4621805
852163
2155101
8716876
1179302
4956821
6743302
9222859
3352625
3588164
6176272
2611290
5653008
6742874
329859
6726731
8255869
3623552
3602893
4889594
3740853
7886055
2570231
6711511
3221243
7514623
6324079
8704937
3528851
261941
8900298
7438753
2790162
7097594
7270079
4277092
8454391
9552554
6949672
3036593
3856846
1236557
5322182
294508
7531071
9090383
5337608
9464423
7529345
1873126
4850135
3658444
7019715
6780400
3827687
6942416
4529987
7540888
2120696
6313822
2304070
5284978
4141830
7709136
4640736
1483109
6649116
613839
2398346
494672
3777026
4944481
2817588
8408201
8617820
2933285
645284
5504849
560960
4330544
6953959
3397941
9625484
1466549
6258772
4580555
7509059
6999354
8480849
7432340
9268569
4182867
9861595
1939386
1658084
9828889
2360284
8235966
4947314
7582123
1693644
2914050
9516419
3372710
7908547
6829711
8419656
1367432
3005132
1072041
5709846
4983638
3473792
4152531
2725863
9260923
9586060
8109591
6649260
789782
580544
7305955
5640411
2417103
2847321
6946975
7173725
2489465
7265184
2061933
428076
6151122
577232
4252184
2254274
2136994
6912521
4043434
5992350
3386448
2297110
9469792
1650966
4749771
7986147
3208242
2828614
986031
5007751
4470217
2124559
2408310
8025662
2193634
4115610
6658886
301322
5730289
636990
8721494
2853928
5488326
9965778
8293908
4808617
3895453
7810171
8781568
7897478
7619134
7205322
8537430
387017
7284371
6741146
1063149
1980356
3365632
6574735
2248764
8997975
90486
8430845
7703986
3480240
9523100
7830210
4096274
9195764
2417228
1220087
6708580
2839179
700455
6976905
9629730
4251955
3562605
1800459
776056
5230969
1465660
1575044
7250632
5747458
9824806
4543239
6300168
5936765
1759995
6901064
4444945
3806707
5822877
6171215
4708311
290432
5120556
1689438
9861928
5849646
5358891
4030608
5761910
9552315
3818240
7567557
2908716
2873700
3131480
5951116
7769422
6164560
3401631
4731351
272077
6891796
8923621
8205539
6944178
3449648
4937192
9046358
5143913
4535462
563146
8149542
1608461
5227851
9692256
2191033
7977394
7913549
9126309
3135271
7419919
7090217
7568669
3069935
9549220
2922498
6414569
1825351
3067420
4989902
7942373
3340970
6004545
5681059
3257072
3667549
7943001
5758055
1533783
2098485
5107881
7776239
6722476
5350369
8661449
8326266
8173105
927900
6386978
138399
1607556
6187555
2383809
6494851
4243473
263409
7123646
7926205
5553878
1181644
7353219
492872
5651357
3817813
3552154
1468059
6377913
4347955
4698593
7179198
1675185
9649832
5277378
3287556
4011879
1157278
1981305
5894
7780005
1715978
3008863
5214515
9909221
7620947
5851186
3175553
9241355
2334358
9043628
3325786
5837362
6102170
3933209
7432322
4596447
7789161
3622380
3640111
968303
4339342
1300932
4563407
1909929
9230354
9273378
211576
2837538
508910
5784591
7551443
4614335
9928200
9741380
30632
7635300
1873800
1099115
9962129
1952451
4052761
6913911
6821060
5094641
9733303
8236782
8754013
9066402
795232
7802259
1384352
4813376
5463072
3453770
3710904
7356912
269310
1192331
4684028
4329125
3348783
9809080
5163248
6664504
8010511
3915198
2379046
8859881
1617379
1573011
329308
4319777
152537
4208418
3770522
3714277
4473080
6951041
7071478
6984644
7806778
8035299
2621412
52937
7223845
8108559
6286791
2237734
3453723
6293864
7796936
189061
5842220
7351734
2172566
9653037
1097104
8852593
1240010
7379618
4002965
2529323
2944718
9399472
2643767
4190328
5431261
2745241
7277300
8195685
4742274
1087494
4756225
6694552
3720052
9828063
4118818
3741546
4868314
3636718
5145367
6953658
8787063
1079244
3965815
6862722
6101697
4265881
1996025
337571
2177804
1080050
7219248
4041724
7349836
1358206
6174651
909657
4321362
7250749
2089109
9174513
5983072
566708
3070514
6600887
1014283
7331561
7964856
7809250
7989540
7669088
2488090
2927968
4183274
4657473
2449635
6646753
3163963
4358083
2596339
1198481
4429651
2194819
2487094
3124903
8321885
3980011
8067281
4196632
6865717
2837255
7344100
6146721
2143005
6029628
4546763
9385617
2093577
4059848
4643721
9290202
3828355
8867172
9238905
8626262
8408190
9419432
5582640
7490519
9543157
3042526
9067178
4704466
1597359
7551090
9906082
9347180
2727209
4621322
1269445
2542945
2411025
5881534
8359213
8580994
1514518
3137627
3838910
5001185
8012268
6150445
5102257
5471727
8453004
9389895
5309846
2637710
578594
3027147
8881592
3766028
7544716
5201454
719590
2384784
895800
1108242
4098671
2302482
4153798
4387237
6788353
7530408
5053493
5552361
8077194
9937278
6469110
2773384
1762129
8996223
8900249
9222428
4789672
8231901
5683538
548264
9344709
2647093
6221319
2605853
3215085
8994366
1747572
7355675
9580754
2996376
6003228
5597794
4525544
2716270
5016714
6060822
3045668
2683767
140743
5487096
8011882
1671123
9925052
3907271
3415170
7686761
2161878
931152
6540368
8154374
930130
44481
1050626
5234953
5921325
9913794
2222395
874841
3797135
3217282
9487347
5038876
5674138
7174845
997162
1326201
1628714
983609
3828242
7465439
5485074
7173841
2754939
6441513
8502901
509988
689044
8824178
3712119
4586355
6921540
1394827
5245200
852868
8412392
351073
7095038
4438776
3600262
1374417
8725283
2204211
450251
6893906
2197314
6374805
9136809
7478937
5737740
3086490
695728
2485769
2955618
2403408
3080495
4464778
7472264
3251179
5251269
2106997
1848870
2173843
6792474
5921893
2074330
5283457
2033744
9376746
7161161
9022194
6536049
3615079
8863167
8975172
950332
3315432
6481626
6781485
3047684
9377563
6865686
1142867
195658
861188
3706542
2563777
4536001
4871546
6272331
9057711
8065916
8844383
4684919
3624092
5576058
5647063
8294261
9449767
3303809
9279007
5352682
6334768
9059313
3452337
5308622
1615094
7694416
2644341
7159136
1829961
4764392
8973352
3421817
3937660
233508
6907394
2886722
5767770
2975345
437050
9250728
2844538
3847166
584335
3345860
9336849
9390837
677356
8729504
3675467
15264
456596
7358323
1386391
726979
551830
4573426
8096866
7381766
1806245
8480192
7905998
3414032
8489198
4753039
6209572
3363807
5158913
2414594
9892140
6377818
3977656
3341925
1398948
7330135
2049326
699331
8816923
2128146
4200822
2839440
5212057
7362620
4570536
8833941
9526434
5207750
5768321
985691
2958581
9921494
9421905
8174774
7041124
3864791
4852102
4599568
7794130
3785661
5853223
3864418
2159955
2847926
4483466
2428733
1527514
9617845
984983
5875797
1003645
6938664
6195212
7550011
6539103
3368491
1205860
6505352
1932831
8959195
3896987
952126
9808685
7063236
1075923
9139853
7867052
704908
7218793
8508736
8244154
4665389
5391575
37400
2323508
8533561
1304508
238418
4685903
3722713
8812185
4963158
7640609
5668155
4028283
8017716
7479851
8405778
3119289
1130508
1804437
8251248
4151607
4076434
1762030
6169219
1764876
8379745
4922425
2031691
2196933
8212207
9588884
5165274
4677153
6841272
7013799
9854269
6091412
5021479
9261913
8378220
4098344
8440222
9170809
8131560
3667585
6678229
1681506
713929
6740562
7906004
2571432
3477182
3724269
8751017
8305151
9004398
880819
939925
7787599
1968764
9231717
9907242
3702570
7186695
3346324
4775025
6435220
8152903
6858330
4652471
1386968
1731267
1457838
5870052
9110787
6413858
192154
4911469
2090169
1807131
2823048
7808940
6667874
9821941
120468
873585
3914488
2495315
4219876
4393045
8711354
6847744
634881
5644134
5626983
8084973
2802597
8143942
2402466
7284333
1814018
8015125
2202034
1946051
7403856
9191547
6539892
4707090
2606635
6021549
4537825
9467098
6023362
4685326
3544897
6123980
748710
8756907
3460290
4484125
6493644
5166009
892427
131840
5733957
4475503
4674431
433554
4241229
3668802
232446
273590
8580990
6957413
4001577
1864577
746442
2690780
7807059
5678034
3711066
223859
6328035
6900558
6831684
6505284
8761506
6494114
3390625
4663450
5294478
916424
6946920
9974781
6987104
2620850
5665686
8827178
3611238
8224061
516296
6625893
3051691
9701664
9449938
2550399
4064184
8741347
8140380
266614
4859053
5593418
8459602
4755679
864469
9171060
4200030
6565310
4161013
1891497
2906017
4844329
1458617
4132999
8069550
3723784
5390093
9296227
9412600
5155970
6126687
736919
3901751
9828531
1953845
9747170
7393859
1007408
9657149
1731414
3897157
5849078
6156122
363931
4888581
1036620
2525162
6102426
2360081
3529994
8924577
5630627
8709099
63050
2544318
5129546
7305797
5414174
4621307
3037533
3478576
5678747
1314253
5376960
6842973
9956867
7596492
4489206
6590476
6463151
1212656
2368404
4321180
3970633
7625825
261944
6893737
8765501
6052928
4648027
5073024
4129204
102532
4107034
8464790
4309804
223976
1773099
2178409
5505296
5504588
867762
6038914
9909953
3268825
7443348
4819471
3676185
6175997
8087111
1360137
1258259
1465692
384796
7126153
6079324
5788769
381029
6430883
824588
7358896
1434219
2338043
1305042
2465713
5145339
7292537
8969771
9386828
5887312
9660873
1110722
4293324
8654154
9757475
7315757
4809750
8038514
2904435
3545390
3017098
7988711
6148378
7238452
7601300
4450418
1161116
3636155
557156
4305383
1988050
9782759
4572982
295232
2907846
9988296
834082
6738495
8381724
4942473
917811
9262210
6855489
6372070
6280944
6932812
2801770
8767760
4448515
8631920
920638
9508563
555507
3946108
7756762
9439845
9788279
2300892
7980801
4987099
1053612
9280839
7345818
4160111
8585376
9305559
150083
3221562
2991701
1454793
8038243
9319752
4274096
7880136
8762410
2222241
7195561
7737504
4317902
7560554
640130
1405003
3575413
2149341
6460635
1238943
3998868
6672393
6170692
4428154
6472781
5725045
405622
1161028
3758620
5684085
4285508
9633309
9796710
3563256
6482111
6357388
6920514
1058254
6097066
214554
4194822
9843528
4364719
3398424
146108
5697681
6823933
9067479
9204040
6811260
1134295
1480052
664028
6757085
1820413
2246532
2527942
6827294
3720017
2888976
5235141
9586426
2286399
608013
3676095
2664532
8300639
8318815
4019257
1830445
7772053
9851315
1009369
2059506
4953128
434128
3156942
8115106
8654015
2567224
5381832
2652097
7397152
6728498
2544221
5657712
5142070
1611420
7938666
2737008
1555066
1347883
8171115
4395015
5528884
3012150
1369290
7824814
2391730
2765709
922368
1278618
593524
1266599
3699855
1228848
5630761
7124790
3906486
8569798
6233092
195065
3288552
2515241
5037161
8924480
2344585
9912183
7941784
4177152
9395189
572177
2048530
6458508
763378
1585473
3586796
2418660
2526334
4401116
745084
9960021
4241632
8690476
7648742
7237275
4989556
2333161
5100265
7998613
5788741
5351126
955124
8498956
5125375
420200
4742618
5201876
9252404
7305935
537670
4542781
2927671
9301360
1318495
7585782
4663012
15145
3400518
1270882
6782656
666095
8376350
2866413
8799480
2065699
7568574
1943218
1160123
3701885
8363715
1111998
8739366
7448665
9622976
8498930
9172780
9920419
2647646
5261624
6023473
4893311
7151023
6039244
4454539
7862325
8713002
2082011
1168812
7019294
508804
2337245
240929
9109655
2246301
9309371
1970000
9825777
8953388
8463406
6049487
8044772
518104
9735246
6695732
7958586
6771456
889659
1586569
491862
8815135
2153677
4130700
9032885
4751857
345691
4223143
4622913
3840287
3647165
2184126
4843931
8846537
7258671
6135634
9628033
2996638
6116797
7951881
8497055
3303458
3514689
9820289
9858195
4286101
3443009
6246834
17534
5077897
9643365
4993582
45549
218732
6762135
2308117
6421495
661006
3177059
6337838
5428960
648564
5749723
123314
5282778
2719774
5522426
6805247
1227153
6774856
6511542
8145087
5188708
2816654
567211
66266
3368232
312496
1553571
417997
8559937
4757848
2264028
3546952
3682576
4769509
9505112
4721097
2104627
1067321
3507380
3515120
1557478
4396947
3376534
3593255
1216162
5055762
1058375
1413653
5461304
8296686
9205265
3741779
4024189
3922349
4645554
6099860
3897656
4137828
983732
4828423
9818643
8214707
3218920
5582327
1230094
1368379
5964204
5020485
3929389
6978898
4852947
3782359
2385186
871954
4551330
9611264
5457600
5915515
7343823
3884051
6606731
787106
5606208
2920359
4027194
4622734
9279027
6029617
3167782
3192307
9116648
8098041
351563
8791769
6842423
4386606
4316301
1496618
2783557
1245381
6940677
4317171
8027596
6700298
7494074
5434714
2795197
4418459
752352
9477529
293561
4856363
4545475
8151970
3121512
8941002
5045617
1898012
7109735
3993103
5775932
2192212
4837215
7661764
7060326
7987739
8036422
838500
3484542
2918951
4418819
7877327
3459736
8587029
7862529
8886306
2565147
1383426
8554833
5884580
6505852
6073199
6465509
8042998
8996811
5121880
164367
6341020
5519222
3338704
4520623
8957730
5985465
9993769
9412670
1620268
8835816
1224655
9279074
4968455
8454152
1944313
2558824
3088510
8028940
4435643
5196924
1770335
7436511
3217304
7109974
4527579
567491
9575151
3626651
5314898
2946297
1780735
5366089
6718791
623723
7122158
8444126
1525018
2826369
2032826
7679621
2862952
8724925
1005915
3777452
7342876
5277514
5872500
3941173
8282030
4846916
2149669
9291081
4679987
5566857
5135981
9727356
5859629
5136260
772639
2086051
9358560
671227
1114601
8066812
1980099
9361507
2896950
4872289
2783926
8760910
6272661
1539635
8397957
9752821
4099139
3054329
4301702
2341106
5783615
3906791
8888542
5315242
2659724
2576353
4589838
9376602
5189521
6653605
9255917
4295585
6231810
8946752
6442450
8414321
4856183
2823040
3979294
2046232
1002330
8650091
8604462
1305726
6430747
5647409
2521033
6679485
7850426
8485383
2429717
2391155
7526229
2600306
9896045
2126481
7905164
2426065
5947900
9837620
2504657
1840668
1923789
8844750
6237527
5373308
4751511
1740683
2612573
1097879
9606401
5855576
4440110
9390909
5552814
393070
928179
5653306
8803369
4965848
4022215
4365072
5515498
729934
3750582
1995192
9259048
1559981
3885631
1691582
7385616
2066820
7860297
5662849
8473799
9039533
7119982
1369754
6558523
7996943
7169480
6957787
6390826
7438920
5119774
1581982
5764998
8648969
5580961
5331429
5482597
77138
1242052
8240295
22866
3560625
4067074
6190506
4353688
3238643
6026922
95546
1221998
6527271
7880686
1769229
6793402
887287
6452596
1158927
1390055
4857869
8935281
3920499
7812939
2336851
3791083
2108044
8122206
556150
9585041
2060208
6177678
3416385
4776182
7954062
8714853
9768707
4879790
5448715
5624026
7116440
9622500
5115617
3416544
7346280
5478931
1987327
3560210
9263045
6011357
9433479
910443
663227
2072268
8719682
868095
9032646
8755051
5034504
9309432
8354561
4459196
6494609
7443539
376672
6135317
2340877
6856954
7348689
8033392
4355131
2333190
2211077
249808
7291680
3256714
1634705
7920647
7914217
639126
2416480
8540695
9603387
603203
6523133
537643
964452
5712919
9116161
7450422
5527802
9538421
9871119
848638
3821487
2170414
9037427
7089415
5950162
968062
1370197
7434724
1261387
9889607
100665
7022324
6595787
5451339
9560380
1231380
6531802
1082684
4741406
9393742
7239101
5342640
8078864
1330392
347829
3070406
3864832
6922757
7427916
1053080
7571768
3061807
8831101
6868913
4916960
8886850
1559271
9893105
2101568
8137782
7050550
7381263
5687250
8916905
4267658
8410243
6659116
539907
4379726
2710639
2861612
7782765
1817157
6430075
3803519
9018121
9949473
4824631
7625716
9047626
64269
6388389
4520443
554704
6901819
3131356
8265855
1617967
3920155
8558036
3769225
8334189
8554409
8572857
3064707
9452118
1321987
4304072
1478687
619105
6722492
560997
3599853
4822793
3267415
7387810
2667244
5012707
7142262
9236933
4043576
4213665
2693245
4992454
9575772
647276
7071890
8911840
7303962
513506
2290064
4049443
7571473
2542744
8113189
611157
9087491
4302835
3076640
8776504
152861
1476158
3380215
5685163
156556
5645783
6086151
8704247
5328733
642710
7426981
476351
8899972
608488
8254046
9203094
8545736
731776
5870796
3910112
5270297
1284613
5821355
4516332
1351563
9336349
929818
812756
1915802
2858892
759858
1137416
7304326
6419165
5076198
1041651
5037868
5841872
5924811
9726516
8489827
2483528
3174793
4511882
7693650
2499065
7245415
8373418
7853880
8376991
5225287
8778654
9126423
9945343
9110867
3146921
4233532
8826607
7687918
43820
5491570
3133825
4933855
3006707
2522903
1648073
5311064
3037746
854466
1820087
4192945
258613
5670901
9601098
3823986
7363213
5646167
7514028
4953638
2529250
3163402
8822096
1585626
384099
2760411
3098942
2977244
9798679
2200749
4299087
5825926
6620782
8360356
4888275
2544800
29182
4166017
5155844
6071370
7692580
3465908
2764886
8601857
704468
9614504
6260995
1777187
4506613
6151392
837563
6076204
4785542
9966942
5725341
9363039
9572522
6394348
9825122
8857390
310707
5622073
9600151
9957393
304021
9200192
6870639
5285164
3612622
633588
8235479
6620464
1918805
4434041
7401130
269000
182690
9493669
6787427
5011955
5890281
5376548
6787074
9867281
2279426
855803
5491018
12847
333821
8545262
5748582
2261235
2326851
399880
1212942
4699998
9815955
4194109
711818
8866932
6574289
3105167
4498834
1609022
2235875
2694464
9758423
8031762
316116
4808821
6236332
5578335
5086869
6297632
8247834
1482444
630771
3365050
6667031
3452053
3848197
5145736
9196673
2977970
8344043
196507
6663664
663245
294434
5036864
859287
8522821
7353359
9522173
1216301
730006
9080987
1869913
3496428
6755834
8550009
969108
2569055
5091750
6726427
5676094
8878241
2485834
1161403
4904018
1480248
4720730
3399400
868044
1019116
1807608
8203105
7134235
353283
6874456
5395140
5460239
7241199
3171009
1967050
1727111
438053
3465508
7884996
6481941
1572374
5387343
3955333
8583689
8618033
169137
1320629
6384380
6547361
5266026
331907
1708287
8549422
7347863
1269312
2448849
1557591
3368230
2407857
4379565
4394629
5549062
1080521
2168665
1774250
7859724
9328323
6407230
8004059
4801265
7004540
32404
5931009
4231695
3787682
7744962
8459045
5354109
3063983
5086671
8102952
5073992
4844275
405877
3656648
7082255
2651119
9649756
127988
1727465
324079
8644959
842772
2820717
2066779
7429529
4932818
9095771
4146837
3852802
7340152
1221868
976299
2497764
6925067
4439084
2053927
757553
5687450
9336426
3641420
1676742
2958214
1482632
4600032
5303559
6420153
9903530
6791708
1633559
1208661
2379123
3767832
3559788
1633678
617310
2786964
7111839
9885534
5475036
3308776
1948634
5787682
1457989
3899499
366232
5460855
1223471
999626
1669393
992344
3308780
6393356
8484279
2675845
3512851
8243530
4945703
3607927
4663597
643909
502311
2859791
8395654
8190237
1597984
1820148
4850194
9076957
256897
9834942
9152095
760661
5182269
8871937
516289
3991623
8071850
8926304
6602005
454206
8184795
9116341
6413162
4489912
8193393
6117106
8279232
5624554
2625972
6449668
6905922
1028925
4071709
9641294
7334566
7908674
7043994
2394666
7527237
6742359
1372277
7365765
6708366
1605354
398770
7220485
655098
4911668
8119362
8538593
8600785
6748723
1219209
9666714
1659067
6752079
2158244
9587071
9009200
4445513
2279846
1166218
1352370
5743231
3955919
4856261
4563424
5689675
328462
7560236
6843081
1416664
6000774
7237157
9528622
6640151
9158458
3316978
4220645
1476848
2732261
7627071
8715172
9881885
6645183
6558272
5539835
4326380
3210674
523036
9201554
2572425
8126607
7930638
9536211
1631437
7806286
118455
4411817
9293732
4222380
5556472
6463095
1265443
7141026
150517
2883110
6313925
5856391
2614620
3737377
8613520
6151452
7277336
6509599
2687885
8089753
3055210
2859808
3677772
9201585
6655369
1553901
4946440
8106488
461654
2031876
1590678
2703384
6812872
6254674
498649
9961114
9848257
9295253
5501773
6502972
5811910
7046235
6746639
1600259
3303722
710345
2242587
7875548
1566758
8413890
6149643
8233377
9553826
4138727
281377
8731476
7601115
6118054
1764777
8307049
1040528
6152800
8758565
5151322
8073174
7751685
6130777
5784449
652029
3687830
8202578
5363818
4281886
980453
4323625
3356198
3128256
1870455
9624688
3195507
4832308
4136881
7990820
5406853
6555560
2960422
5423162
3872077
6083671
2583912
2715334
1091344
1715225
3893971
7912590
8726790
2562355
4857234
3642269
930675
7888515
4548733
4422838
2122729
2004896
8708086
6263770
8046325
5470840
4326365
4576525
8299070
6007152
5252219
4578644
1747465
9135780
1825549
1549278
8679995
3262833
6929287
2572723
9133063
2086479
6663935
9805448
3948390
549549
6273226
8380831
9779469
1535962
6218670
5248117
3486974
2616331
4005524
4977235
2221209
5811216
6128511
3700149
6484232
3504733
874144
4906312
1259424
7145402
6504968
9712882
7121977
2624266
2158651
9873113
5715179
6621992
3294558
896451
1920872
7176565
7895721
1024220
2938273
8944157
5937528
766173
8292881
8210073
9067521
9512774
4459617
4086911
8840578
7559909
9863997
1203018
6401379
2085385
6227521
4017913
9971707
8355115
1515390
6024928
7375009
6421370
4024219
1215639
1502401
1788056
4807040
1498499
8960414
9210606
4461427
9528634
8633173
7683424
8334966
4067971
7451838
8210673
7358042
8712902
335600
6526071
2505124
5892337
5696574
5060152
3211830
6691539
6845047
2768903
1235177
2562287
4024994
6024003
7886834
1333205
3946669
7849495
9539995
3431225
3604667
8606890
9429902
3855604
7919483
1602436
1946009
297953
1126340
1922325
2694637
9611521
5747009
2343990
9846696
9870570
6643775
7769210
2081355
7334635
47775
2568948
9951725
6101658
8510834
3163104
4957624
1825924
197814
9034955
7778491
2613350
9618947
8051918
824016
8233736
858
7404373
8551467
8291995
7236410
3581147
5664383
4871134
2984206
153332
3148254
1892447
5300039
7546054
7010790
4445718
6234551
1599769
6048083
9226082
9891411
2822048
1493534
8149140
5526437
4877171
8782679
6382508
4719894
6294852
7262897
5772385
7450241
250556
6328707
1613302
5711811
1012576
8854237
4660205
9302950
239738
7308891
7707638
4393918
339852
9170206
7847164
8396243
2453760
7535298
308378
8611141
1169816
4257860
3660837
7493425
945198
6667412
568488
8767904
3377105
4613477
8098418
4390603
7601351
5739842
8707357
9617901
1967164
9273175
2018045
5082121
2757326
166465
1130085
5593750
6538923
3074843
6885907
3568852
1522550
2382369
136
6723188
166023
4657751
8117192
4489712
6000974
4482996
7087628
94702
6056633
4463715
524836
8731953
262676
679615
7522898
4482936
4996599
6109814
4588941
1304824
3978914
7357497
5566692
6313765
2114920
9041602
5593687
8006551
1040729
2237959
2060029
3429243
2524187
746964
4585676
7502634
4007085
2917882
3100328
7842936
2957091
5668855
1199153
4295234
7848773
1928971
2056463
5282283
9483858
8305494
1233066
1226088
5865595
4968443
4133710
3030254
4430271
7425471
1375590
4961912
2897991
8294047
6304107
4120939
751524
4740299
6977245
7059553
3024151
9422042
7149417
2951801
1744109
2880016
1699365
2714103
7348433
177807
7371686
9659121
1670964
3883580
1131664
7803617
6242739
2747044
6350866
4121980
6493907
3959841
1348899
4306843
6677560
4324802
593801
1679878
1350958
3062269
7147943
7156293
716918
6763087
3495875
3664921
1211517
5848832
2637055
53381
6608393
5483242
2644079
4183
266443
7142966
5625754
9876967
6510791
5118876
9865378
160761
6563352
5340074
1532262
1210341
5283969
9744576
6222488
5870812
8766699
6454203
2452374
82101
4784301
6765871
5242947
7347835
5932944
9243669
6895624
6592041
5323606
286219
643596
9679506
7788167
7782775
2344648
317374
8504019
7711400
61809
5006778
9667283
6697536
5779403
8977713
2831417
8924359
1559629
3368956
3639303
9378637
5240466
6575329
3228168
2496349
509968
4777363
936395
8500100
9839992
8310981
4613508
1764103
4655248
9323119
3581486
2792001
8779979
3139509
7741105
3793866
4469318
5768808
7627555
9939230
2536406
505846
8316738
7520816
5177742
6133735
9009525
833996
2834066
6210159
6638421
2473232
9667276
9676706
2420957
8627033
7398479
8551454
2799873
8459567
9575235
5011681
5867881
5291341
5835680
3597862
9641524
8552849
2003725
682359
6959767
1838443
2346886
3440551
4521616
2301637
9221677
4553353
4247836
6402212
8869342
8124540
3139508
676789
2227199
2705048
6683786
1500296
3758678
977704
125714
4771457
953060
1723154
21111
6394570
7047257
3065840
5571507
8858692
2259033
7568243
2183719
6130789
2268245
4658552
2706174
4396269
5198589
9311467
6363697
6314440
4969594
9648611
3299266
4519772
3318008
6732955
8374676
1984428
6829445
4669541
9853614
3116141
7065748
5971298
6539755
3809483
8424749
5791397
6465241
4191717
1330673
5991251
3176297
9803763
6947300
3691974
922242
3646737
9924405
9547032
3902246
611022
9517111
8142234
8170488
5135278
6302936
7249439
1321545
2426128
6556431
9115051
8815571
4688663
7840432
6608079
4306022
7713323
3190343
4637834
7345696
3434210
9134012
9836394
9988056
5497223
9104632
4220816
6930796
4278563
964373
7833724
1510338
581157
9044910
5350542
1810990
9361532
4574738
5623290
9851434
3748505
3592120
3826864
256240
5267897
8251346
1907689
4675882
9962817
4236758
3287964
1522953
5103794
417411
9316492
8369674
4156452
1285618
5907741
7258193
7252667
7593588
4251798
1286942
6027468
9517464
1021127
2615768
6569540
5618743
6207325
2883263
4296708
3435187
1588407
6201379
1572036
3034103
4387288
8620950
217118
8763072
2799871
6921172
1425506
6865170
2024128
194798
8978711
1026606
7538104
8646342
1986691
7683121
7790391
5500903
7703926
4563035
4230358
1978226
9142653
1673271
893618
5986926
6960350
181922
5632130
5434075
6885414
7694650
290818
8511315
8718752
9310796
9880799
9553008
7634097
2356466
4196940
8117823
9404753
5543782
874546
9522789
5549514
2367661
9508019
5670064
7196469
8696124
1950347
5355424
7660655
5382078
1379026
5552101
1139911
7461433
2254560
8127680
9195465
752018
427383
8184454
5552106
9551720
346436
7623438
3334724
5806266
4506435
7284966
8763886
2116611
3338918
8546296
1878927
3715793
8487725
9783526
5036395
6816375
8641620
3018165
2074348
8684512
3140916
8749312
1031733
9863997
3674467
8250998
4978043
6016385
6058505
4937690
1267343
3236168
3336565
4332169
2656997
1681497
7575077
6545322
7691805
574768
6456821
513694
1955083
4468128
4849921
5729170
5676057
3971988
227715
6800995
9052099
4383359
5770693
3704694
5671032
4269058
5834976
9355051
7255648
4792757
5056108
6848368
5063927
7971906
4292613
7614309
9226781
4067369
9260789
4402500
4686893
3907976
551485
2406325
4128887
8640463
6034729
6770079
6446455
1464817
2951579
6864129
2677019
8997903
8989006
7004671
5118036
5325441
8303729
1689792
6908290
4939617
2278907
7773635
2250970
8011910
2585230
6694398
3327955
5859365
5093331
9999477
8474601
7158447
1064601
9915897
2190962
1278345
9841165
4365210
1336842
3207290
5870883
5416145
6484695
5604399
6680396
1676694
1600678
4682417
7562640
6697824
6625009
3929696
5400814
4549200
721022
1970848
6686375
9436058
7707435
1492638
7903043
9984145
1903575
5325793
8348937
4124250
8020546
2310324
550357
4999118
2237254
6178312
2960321
1399799
8658387
7805859
3276974
4258274
7107161
2638914
1301848
8814395
1613999
6074784
8673686
5835247
3421350
7596272
3570473
8654401
3101142
793164
246337
5073356
8706842
502365
2869685
733430
5714480
5973868
2168141
3561258
6501589
3843187
7675737
2558949
4706414
511875
1614138
943068
9450427
3196878
929230
7619263
2769436
7139715
4677604
6376797
6917207
3423128
6000548
4547884
2819040
7078456
5457607
3120944
6690614
4825749
1139478
9873515
5516378
5718124
7195411
162001
7748714
6911264
3090333
536390
9379140
5996455
9526399
1883999
2737134
5614666
2939504
1231707
9273896
2207336
6623186
6266071
666562
3978968
2258093
1561927
5503660
3700220
254479
8243610
7620378
124867
5322736
5048494
694014
3984400
3281486
9160603
3485765
4054898
7439882
4471617
2273764
2412487
7509174
4548167
9446689
8016995
6092637
6914894
8051151
4547870
6568599
6791399
1631938
641347
6585857
98756
2385503
8649372
8660952
6522954
674522
9197456
3122629
7459615
9113036
2131477
5531615
238765
2756556
6579947
6753299
1004078
8825238
865145
5628753
590960
4780460
443853
5569994
4720667
294661
4833035
1394766
7233080
2725195
6886851
4484609
1585315
7468875
5598827
3109488
6196961
3294303
7152451
4074121
2024977
7543159
3503784
5566274
1750587
4244489
4326134
3511848
9064803
2203496
6687366
8176170
3741154
1039124
2403050
1482615
5001461
2608000
1270453
9456245
4082373
6608745
9379611
5015030
239016
4280086
8847151
9945679
8589003
9664916
1745241
3380631
3166423
4904773
6077420
7104655
8702630
2843915
7859786
305535
7634876
1005929
314293
3065299
1397606
6981904
2756078
7068246
919557
5207873
9967836
3607072
773079
8881854
5917939
2431187
4418955
8503419
671207
4480477
7354147
48651
9606074
4119081
4243145
6889969
8488450
4632072
7467493
3367630
6647174
5769615
5738383
3867903
4021918
9608571
8886271
49361
7783998
6501276
4189698
1832614
6354231
4424677
9960306
3254028
4040559
8165068
4870439
6451708
3915836
2473481
8496541
2824323
1383955
4041281
4338078
6010966
3331195
6865369
710857
1792484
929273
6849355
8298435
6030152
8350990
4292945
8779175
4081972
9242543
8619326
2947669
1000864
783609
2544972
1082045
858936
1949494
8150743
7931331
314746
5521190
8688963
4692847
9372526
186019
420824
339461
9666709
406548
2354399
8816050
6071460
7154406
8882359
8397748
3561226
8296719
8720948
5970305
129744
6094634
6011229
8351932
731742
7987415
5381055
2571590
7688382
1104896
8586122
5945889
878480
2652262
6389755
3406868
9598081
4962060
3690398
5523552
6975207
3764189
6574243
5915272
821012
6960642
8980562
2762108
3882824
1140122
5655999
8350695
7478420
9613818
8817870
6391969
6518689
629433
1347165
5351601
7287074
9792187
798348
6046102
514660
7242460
5489121
7309368
4765532
1746828
7168725
1831726
3342131
3668809
1197717
9281014
8978588
9690083
7207856
2073268
7601236
4281974
2653612
4955756
3366934
1907716
5914409
183703
7363369
5800941
340048
2894498
5880687
2573998
2494304
2999929
863805
3979624
5905531
2861248
4366754
7749925
1983143
5977505
3031922
6863433
8106788
6408153
3979086
236107
1600999
6046329
1044410
4955432
8169220
4616736
4370727
2288790
3868798
2284512
9604663
6068410
4197013
9412459
601645
5446787
2443802
795301
7372047
9565271
8883815
4233578
6405927
5020231
673753
8783080
8380621
2753726
2317181
944083
5444459
5281181
43473
8331665
681760
9277521
144701
5388102
7796432
2639141
997719
905866
4476915
7656194
9436915
447162
8819306
115184
5272401
3578150
2186983
8626005
9520999
4293656
1252054
167203
9699128
1644792
3689045
6287090
8033264
8389609
1670039
9392488
9753738
9523058
1753940
1242303
992764
3849190
8267295
4298976
7404829
6645559
9258946
7921082
8258722
4128722
1402030
745977
8923410
7553383
8461223
7371427
5775722
5214425
741100
4831350
368088
7522746
1967281
3734251
5109399
4474202
5866960
4976613
83928
9742092
4322500
8801169
9520231
7838393
3746282
3950431
9730198
2261779
2571370
1650928
6144322
8365417
5302973
5537868
905560
9345690
1518202
792008
9502346
9127761
2379971
342332
1409373
1187442
7006300
7138498
2026780
9731311
7706159
3575921
1433545
6019415
2174529
6115544
2281802
1919626
9182976
1583545
1142011
5447002
3506057
8589337
8554957
7666264
1344234
9990752
3394017
6112178
5657044
5797666
6458177
7609516
512014
7396908
6276877
9056697
1915981
7952255
5641910
6432579
4551696
558600
1574209
7462114
1236922
9176278
6199679
9534603
9763261
5510438
9279885
2053469
7468772
9922585
1908795
57541
3296183
542841
7138237
4009793
4531644
9851632
3025569
8885520
4756256
9065730
1933437
1514119
6279030
9447287
2789832
8017444
9306186
3543846
1143196
2321387
7419973
2653390
7066915
6806093
9167246
5632759
754372
395788
3625893
4097824
4904642
4836485
8413650
7191828
7791628
7971216
4568430
8511380
1463757
4187669
8196805
3422852
931257
1759559
4965803
5374316
8790011
6376459
5205791
5608412
261865
7911072
7940514
2267036
1550090
22558
558630
3476995
7866720
5773444
7790506
6719753
3715336
3179227
9788515
5429666
3123058
9962534
2773548
6565304
2138470
9605553
493992
3424186
7691382
7974306
1929154
1891193
2445860
969481
9482943
1490991
8357576
1988318
6175560
7219075
1834914
4794764
4358823
9350841
1649379
38496
4086756
9761710
1816266
8312521
4041204
4821990
3183538
9874610
2984223
2009889
4105982
1954027
6795257
2709786
8040079
7804526
4718002
8318986
2372580
7697304
4277485
7735621
7487887
4738300
6805594
1064684
452125
5397725
467686
7984019
9889997
9020653
4353055
3677414
4475427
7448597
7995687
9626276
7254507
8094675
5702984
842014
9993762
2025897
7113100
2586487
6107689
6020087
7320534
1353885
2597923
4768298
812344
3534690
4576599
7541630
776810
9910930
6930508
4577895
5558852
832619
3147165
314978
4933609
4761121
8732006
6973151
4188093
8476893
3974235
6067219
5264187
2358700
7061911
2217314
8883277
5777226
4611571
2126192
405383
2654234
7214496
5695060
9335022
7078638
1261299
637721
3937401
9359722
6353946
6391122
4815426
8179724
6773129
4674197
7487975
5496988
3374485
6924903
6644832
9293393
4621569
3975584
6407399
9323206
7099167
8650991
6443964
5531610
3385548
1527448
4772670
1672244
6863393
8378870
5240979
9800807
8850153
3877910
8429179
7872019
8727724
3507093
6547591
7553073
982602
9103557
6048449
5165647
7596059
246750
3048550
3158110
4837267
6765345
1219973
5707834
5373999
898386
2457291
3570222
6187679
8499636
5432227
8118507
804173
749785
3866824
9980807
3269780
6512353
1832882
1377381
5804859
451280
2894953
9165681
1737601
1238897
32078
4547418
6109118
3314497
8248995
1177123
323364
2633592
9119959
5112929
9075678
7617969
246644
6730953
1073225
315832
2935280
1376250
5962454
3408763
322957
7663526
1051971
2963995
4579196
2110531
5803648
1830770
8298750
5225033
3676322
8801703
7589444
3935117
5470788
1680314
9015396
4304492
3048260
6506823
7733425
71930
1554580
4839908
7745769
1662722
4449349
6484912
5874482
6901283
6583284
8946283
44255
5722056
8051832
7248093
8519216
2412715
2341569
9977568
4754274
1918491
1535600
7954602
7823262
2722927
9599926
4046659
8347464
5956074
5203655
3477925
68360
9368349
3941621
5791234
6449131
8761274
3960934
2693835
1054312
1309996
4485355
8898467
5290234
7694709
247543
961784
8343236
6059064
4695327
9535013
1782353
1185531
2663472
4597935
4242754
679613
5673620
2527308
5727703
9717149
7756946
6187871
9342977
3143175
1533581
6787221
161554
8896704
643798
475640
8367977
4659192
8984860
4763015
3883487
8121773
1285002
1416285
7112052
3549145
9871033
8819434
1232550
5183863
2943619
7300790
1691914
3867724
5345992
6923745
9744995
6856137
844802
7729265
9507389
4384463
7684428
9612014
644989
7731259
2870028
7704000
2700788
9617195
4571932
2849993
4232998
2169243
3856353
8323269
9802523
19447
4758538
811706
1032553
3994253
2152284
4422284
480718
1359219
2142649
821863
4843324
9730693
8781665
8183756
8789021
2880243
4427388
8684653
2909925
4829827
9688272
884155
1458496
4372424
7888719
9010528
6152501
7767594
6280354
9410818
6248080
9476377
9640148
437178
5895636
1339013
3925868
6451872
2296914
4462327
1591789
6458287
9790171
4777338
6080891
6905053
1453208
8262249
5993471
6176815
9156618
1676915
700153
1383321
6404576
1131732
657094
2959170
1817570
5239234
2516603
3894937
1441656
8341924
636998
3317092
662155
8899736
179623
2310660
5083300
9406716
5450280
7143693
5378057
7251936
8173164
4159421
9883654
2118868
12267
2549728
1160173
2675894
7565802
2162345
3796243
2697019
4394541
7459142
958808
2519027
3584438
2515907
6097330
9581808
7177817
186018
7837856
1335224
7386922
9262188
8963815
8920269
6344293
275989
408391
4628494
7188478
2845957
7670229
6906521
6295475
1886892
5544218
4190729
7598586
7760280
2954574
1749801
9819125
6356754
5086322
1907152
5605742
2292078
6404327
5403718
1883250
2315245
8270688
9426984
3989707
4131099
3860888
5077784
8785262
7171872
2516737
619134
6736304
2227335
8302097
3940106
3678566
3903521
591462
8497800
5830074
6219399
510747
9462029
767872
2490260
9399244
3689307
5913259
3009304
3732364
67426
8542524
4356077
8537739
8797724
9128087
5572192
7969458
8644507
5557928
7171841
5848664
5043154
1994061
4332400
2894730
5430138
9002862
3298726
9443926
787061
4863995
5947500
2305411
2375074
5074482
9186076
8338525
2013417
6748075
7702163
3216613
159681
1919515
606967
8735469
2966763
9277332
9701735
2175296
7519604
4569350
1425891
1420262
1377276
7532264
3968005
3263557
7730171
6212420
1370276
482750
634017
9588129
8257805
9735703
154194
6569859
593582
3038312
1898606
7100620
1011773
5123750
2292536
6415542
6927107
1404652
2687935
6706132
274467
8685214
1721342
7399270
5840443
1642501
4448915
4523676
1000132
4045543
6319571
9238263
9392844
4392663
2479928
1433391
1350951
4119846
8792166
4083173
3946567
4409888
2207742
1580523
3845376
4638586
140225
6818008
2557185
1554126
433059
8928327
4797922
6980312
9281690
493951
9662630
6615066
8514147
4179955
3652530
2952650
7690714
3242450
4719803
3034197
509796
7872424
8649212
8219644
3177734
9718330
2019740
246388
2658723
4537043
7997176
522286
8769391
1485388
2004804
3489513
9242743
7845387
2249669
1507265
6384497
3928175
4552525
5101925
1977735
522539
5402578
6785531
877176
1425224
731713
5434231
9012932
6188151
6222675
5790762
1303886
729326
2902803
6022582
6035387
7841991
5066214
4028955
123218
7410145
9376142
444878
721258
9627000
202983
4706478
2990449
3421842
2630086
78550
3184714
4932804
1850025
2869886
6024553
1894900
2077419
1052985
625548
8730531
4392106
9665839
6658685
3051221
5635673
8344607
3198189
5569039
6322096
6736096
9788545
455908
2630586
7556530
2867139
3935747
1485689
3674099
2484568
9711449
9660490
7004765
5715002
7936943
2742177
120644
611740
6254869
7810411
6702676
2378080
2729633
6009504
2018437
4391086
2564783
9499255
4704232
833220
3787731
7489146
7403016
7726933
9601625
8483900
5228809
8554537
5704177
319825
6079257
9899897
3357917
5049664
5198611
8528399
3404728
5481810
5902312
795911
123131
9219960
347896
1322115
7745580
3792327
2564819
6159767
9474506
6499497
765842
1807801
9319379
5864992
46678
5750410
4956154
1705679
1446813
2260789
7488959
2386136
358207
1931227
5544420
7324530
8208005
2674533
2259322
721052
6948696
8409912
5627839
1653707
3276055
4010224
5961590
5882999
6910484
141673
499627
3171265
5265958
6718648
317136
3248293
5429993
4733752
350913
3859155
694235
5247804
9399590
4201812
8626854
8694858
8112673
5060794
4949807
8556211
2141668
5611129
7232007
8478727
4922862
3766719
7600569
3230692
8873673
389648
7646718
971342
7802684
561177
4366212
6145378
8187049
3716995
496080
927222
3130949
8050709
3019541
499105
8899484
9573939
2998617
6241106
6636773
7627982
6730699
1777799
128429
5262007
6668681
9997615
4867276
4271030
7400725
4013184
6203713
2892071
415307
41428
9981724
3924677
5342204
9982639
3739254
6690502
1731381
1728407
3745709
5429653
1337507
9873153
3948777
3613966
8221277
2588411
3330834
2821990
1918843
774114
4999871
8201562
8426504
5852218
2925083
8769088
2216427
4759115
7566694
7653906
2575149
1007027
8412649
8815125
5375459
3442859
6491595
2106344
9369385
3033647
8370531
7654630
2769035
2307582
6456958
876321
2273105
518320
7186129
7906606
6753918
5427758
6711238
424514
3384221
9803139
2270770
7083946
9423434
5034920
716171
1280085
9862830
5449332
3439952
2351636
9597302
9587930
7427293
8421412
8622987
8009453
8676692
5200326
4211961
5190686
8828113
2700482
9443025
2298755
2897721
1471829
3543372
2721237
9120294
5905441
851655
9239622
209509
5279382
2489391
1453914
6038444
6446009
429697
6239955
284038
8658915
480529
8773206
7916392
2875617
1068679
8827868
225662
8944903
625282
7556789
5020926
7991606
89395
8844660
2328052
7959959
2061045
8837289
4669180
8336754
4764240
6194343
5303799
2354292
7282427
3213078
7118185
126176
640990
9432715
2193719
8559264
9423198
2673760
5741804
3209862
8386521
9118441
5190583
2928457
712490
4988237
4762829
3495099
8915667
1532847
4595066
6068383
7011936
1416762
5849283
2223932
6543683
9044861
428114
9262789
531980
9975764
4607924
405555
8762225
4189142
7282511
6447006
7650570
7985089
157924
6582037
4637172
6629196
2743721
7645887
6902786
4491983
1922785
7729847
3278874
6481253
1913378
9702251
1757195
2164880
7203861
5050335
1769868
6358356
4602841
8883490
3037992
131142
3345555
7197186
8522469
2065431
3300642
2620069
6848396
2996490
1931253
7820367
2833562
8854969
9036700
9248140
2140842
3362896
7537574
3993345
4408349
4101387
2716804
2365290
6007168
3863512
5502915
5962090
9837858
3850043
1123955
6023807
7442637
5499802
6328710
5920653
9483937
8204056
6221187
7311791
4819649
5255652
500220
2361139
2443343
5856580
3862520
2098404
5925827
9122079
5835960
2246485
9859676
1151409
2440631
1976669
778142
7511156
3992059
8554606
9578397
3659325
8840254
3017846
782658
2427440
2797684
8646998
1094351
227810
1432289
7648576
5995831
7411301
1989652
6019926
4840878
6525562
3142828
2489433
4790038
6988466
1226554
9838418
1706044
8091616
9608603
3166850
1628694
662368
3688470
1343734
4564257
6920005
6095028
6593097
9469557
4480853
2624433
8502924
6669046
450021
5611638
4491039
2176771
7822119
8967542
9381291
1843542
7608130
3426069
1154458
3186120
7414172
7330728
9121151
6578691
3683925
3394860
2063441
5766575
8997278
1789733
2020049
4110307
7270525
7101003
9818060
4623788
3188141
2634134
6963452
9585160
6150694
3024225
2382735
9222939
4552947
5965069
7393861
1120636
328437
9736395
3514540
3840698
8631208
6557524
1207885
6530396
717053
7434910
9614806
5786822
5452703
497734
554944
6429723
8723853
144813
9297473
5528843
970108
2095373
2809676
686352
9865246
3363539
8851645
7379653
5307172
161740
791477
7412001
9214984
2153511
3969566
8060000
8543851
4460657
7418081
8539485
9445266
4112533
4729175
7384457
2792883
7404361
958197
9112770
2914807
5539401
7202174
5959132
5190746
2638957
3350105
8001367
9373717
8039500
2128749
6915959
1110066
4214899
7294543
292256
9566435
5460026
1356741
8260992
7792581
8996752
6773442
193234
9193848
57389
3349715
9752290
7572041
5546641
701628
4764743
128774
8234488
1736235
4533010
907752
7736539
7196280
6174198
3000621
886858
7134701
4303504
3167900
157756
3151510
7589176
4856941
7280422
7453922
7019790
9526413
1104822
3975770
2720991
3771760
7758598
7135277
8953525
1500280
1212391
2182927
1322800
6201073
7713699
6238854
3574400
2720380
7420680
5345228
847852
5200911
8575853
1365937
2483507
4843458
8891702
3864793
5498811
1533075
7433552
234456
6469005
8984024
8519263
1407433
6030607
5258711
3763131
84683
4369566
8204283
2500501
2072546
3025966
1263573
1498133
1161241
4239752
7870752
1958702
513739
9994135
8143096
8768659
8921334
5614755
7725018
1369178
3059479
8005282
5563991
3169023
9679350
7449769
7786741
4500558
9761756
7848633
2214761
4977680
852000
4970486
4365124
2590737
8609693
2239355
7772686
1584266
9264772
1694485
6839728
2903475
8295087
7657441
9562630
742250
776210
9129717
9349811
2526929
8084362
1178437
4237793
1697566
8061272
9252125
366805
4743753
9957554
3165580
7846123
6951917
8258446
4461180
9310931
6522879
7708137
4096804
6652627
8504054
3263569
6338423
7351454
4975088
3951525
9973421
6839194
1102416
8418303
4394006
2613426
8612787
8435721
9876017
5567055
3321682
1412183
3592971
8597508
6769528
6830379
1656868
7908921
4211572
2365497
3992616
4478407
7800122
3956100
6281957
1795361
9514979
3751257
1191037
8135618
7362261
9396818
3771894
9925936
2182451
8566300
6661512
6032640
8074549
2292337
9763174
1520812
7204250
5416163
9225161
4928992
9676593
4279583
6784148
3028629
868711
1413233
6545168
7492671
3550454
7759975
6060150
2347926
8914679
7061836
8422572
2233747
2026797
2784568
669420
4463831
3740783
8957835
9892216
67326
4922487
6539710
3582814
2847115
9518701
2917008
4476246
212700
4743126
4001794
2662011
6948304
4006053
8766786
5717703
3006139
8989076
7355409
9183990
6890809
5237725
1079260
429223
6175768
2429231
6116722
3110022
8629353
7681331
9774482
8841277
343870
642766
4706004
7606301
4334376
3565694
7279221
9650396
8851699
3374827
77568
7305434
6993323
7613158
777189
4156922
5909664
6229991
5506201
4671899
2011152
5735638
177419
2334626
9390508
6014669
1740829
9693842
2846995
6386581
267
5065080
2853506
6407774
1884378
4065065
2527510
357647
5522660
6332599
8187893
906893
3592787
9772659
6628855
6783458
2417601
5332081
6766795
8705701
5371055
8049093
8093591
3920964
9702985
3804487
8316414
618152
8935382
2123500
9594443
2708956
3711478
5003518
9509244
4258260
6329926
1053314
6183291
8171650
7356527
7848669
997552
3210761
6304996
2148636
8724462
6910093
7693880
729302
571741
2178634
6458276
1550608
7042760
6594265
5200545
5427707
3782751
5573076
5257748
1751580
6370113
103430
8156747
8846018
9099151
7665470
5739039
5910993
1448164
2358801
1992011
8548766
9617771
7715188
1375121
7586369
2505158
4311796
4323201
8143187
7104226
9133214
7874916
167459
278972
4880149
6399685
7092221
7186734
223665
6435875
355325
7970018
1340075
1861863
7081205
1757268
2670009
9440613
4835858
8575524
2612854
6176284
737493
604205
5985140
4779829
1338897
247433
5548451
8765968
4000131
8757911
8001447
5036147
3426656
3070988
2434732
8106156
3450520
1324907
8370094
3064358
358712
6489681
9843810
6121176
9152603
2221686
9758934
2063834
5807695
9579721
1559784
8749590
27012
5149501
4924922
3881875
6160079
1190900
3270386
6373787
4884275
6747360
242978
544886
6238878
800213
7419
2661716
1451786
487927
6454270
3567725
2572403
5796635
4147163
511805
2599171
7603966
3901408
1719558
7509654
2247096
1436432
5677382
6066995
6277254
4342848
6923397
2880551
550619
5605486
3831264
5066634
4749165
4068740
3940986
1861103
8248293
6336879
516848
2812543
2016099
9727958
6250073
4772886
1429178
9136353
2205618
9687886
3471860
7617122
3227540
8238877
8817215
6632264
605432
1273724
5803862
7129315
2674283
4002821
4158700
8653711
3124041
7916490
4984121
4579907
739176
4195602
4571201
6440757
6248769
3299992
7314805
5843044
30792
2028811
642144
7504926
6478877
6485834
9568839
4369566
9902267
7918215
880255
9557561
2525760
2254296
5654806
3672873
6326240
5742398
5130863
6379553
8511478
1943909
7765273
4180548
3462500
4321286
7892260
6707945
4439638
8170790
6491845
9866851
8102907
2656843
7143256
7037195
9324990
9232781
8269517
9903334
5084488
7492292
9668306
8875012
4950260
1325553
5727626
1589249
8038134
1199625
1169114
4151744
6587047
66521
1426246
3428091
5160466
1746821
8894525
2083224
7392664
2358008
6629911
1970863
1183720
8082537
6920948
7151477
7039719
7371290
6713010
3481680
5190766
8995804
4845157
6210711
7560503
5314847
298365
5247223
9757554
3442116
3171711
9729291
9807388
2163751
2487678
7362430
4930665
901621
3539787
1304016
9273960
3908916
114094
6166402
9078212
2380206
4877979
3568306
6456688
9341689
2145713
958145
2300466
8236958
5386851
9985575
8001930
3224229
442656
2804804
5556726
4650878
3876550
7442030
2086569
6201557
7365651
5003173
3667301
5643661
8827855
9776677
3803236
8424641
5757671
1074011
8025215
3806189
8751665
2305240
3198570
6635767
6248417
984020
6052147
3641273
577449
8321405
844630
1308434
118176
8646539
427257
4266935
1156411
7085419
6817045
394938
5473337
329869
1696010
957770
595488
1788699
687258
2902909
4187601
3467983
2590504
5030432
8473611
6069959
9624450
1792032
714427
5754539
4407853
9262981
2854300
6078724
2331460
7944269
7394922
9760479
3015022
546328
1191053
552331
9425412
2629556
5534993
9872023
2663187
4210436
4295777
2234537
3335987
8538506
7884227
1315658
3555252
1831699
9930095
8774816
5637425
4827825
8396831
1373080
1062497
1829983
8699342
4348654
2694853
3896050
446204
8053182
5712493
6157789
1989081
7266871
6222185
8332949
4038424
7151904
2599024
4035946
2384107
9849904
4076649
6036443
2069959
5291507
8892456
4865727
3759604
2403402
3486418
4582197
3174147
6216311
6180109
4321251
2438492
8744015
2029163
5085999
4862949
23188
9502727
8255119
4214338
9986312
1323476
5154328
9710551
6786140
3626444
6960627
7124484
5230136
590493
1990064
2791700
8298644
6673536
3668140
145241
2799149
8297209
6680464
9562923
2054387
3886052
3013268
4982655
2787274
4407102
6326074
6800338
7922779
5358727
6948997
8811786
4839292
7286415
6300300
2205186
7395529
4436604
3880522
5817455
3305471
4087316
4254105
9165436
5912913
9051135
6037034
2427833
1801191
7483629
9568786
2586217
5138795
8385971
8898527
8692473
7912740
1056453
7754300
1351280
8270953
878420
2912448
3468198
5326022
1732586
2271189
5519263
1278304
8431590
5086982
3718285
8320895
8340692
9404363
1314418
7629534
4494791
8943551
47058
9427891
1690834
5272266
9788114
6349316
5474238
7182727
6195839
8337538
6420328
6182450
8348430
7587316
3896104
3595681
1841952
8111175
389620
5199724
2117332
492187
8685827
8937936
36054
8764189
4791843
1043978
1879846
9774607
9638578
2258915
8740363
7119906
5713529
8448809
29228
8951942
3161189
2846853
2529741
2302519
1003464
4098851
9600775
6527309
3364037
8339845
3137980
5004348
1039309
3447274
8263759
6019995
2304189
3289502
8591983
4823276
169093
2673932
9662563
862374
7549209
7218859
6793312
6624333
4086971
6422021
5469683
1782387
9204796
5356203
9423687
4940584
230978
6647952
5775506
5780915
1001322
4124112
9155025
7996098
2316145
1409123
5693330
4518366
6147435
3501594
7928322
7806152
3681150
3677672
9164295
4380963
1809694
5665972
6671320
1336183
9581123
8974923
6665738
6565376
3486755
1557394
8393647
1361991
3027928
9888123
2160275
1653505
4122897
8095852
1395639
9537653
6161485
8484641
6070030
4292434
1689815
9189912
2974440
2080802
5451693
2544921
6159707
4947
3580762
3479586
3859468
5633296
5113792
2164323
2685549
287489
6942507
7762139
3205676
2558441
6436589
9718525
7579196
9099915
9508121
952472
9800968
8143247
9591031
87079
5615186
8290154
7749691
5512141
3214832
5706464
6160184
6685661
8383576
9090392
3345697
1609987
4401181
8797305
5980254
5356261
8489247
1732279
1508751
2168343
8814091
3705694
3302710
6376383
2909682
5589240
3788148
267280
2578103
4946004
9004746
981469
9931056
6761158
5496388
8633316
987391
9923577
4145992
3164867
1717886
8243556
832060
2574549
5212314
915659
3156054
1053338
7360277
146068
7747889
6404283
5718256
3710951
3410455
1053596
6162260
4297839
3310567
9187385
7245149
4021514
8176392
559835
9742039
4387113
8897847
8500068
4743591
7839161
8340969
2809132
7278102
2176424
4963970
7895418
3061296
2450444
9787824
7892356
3607667
4288532
283983
2979549
7547578
8695813
3203033
5852039
3940504
3091571
8677213
8772129
6733897
8177351
5287100
369492
8149307
6095529
7347858
2023993
6099193
2079949
2798285
474812
1031830
8459844
6623343
1798120
7186917
6834896
9980493
7178635
4418160
8521863
2100824
6032898
3654371
1831655
7447727
5171151
2045484
7024839
3698124
4824146
4498964
1556027
303969
5493445
2353916
1378957
2485355
3323324
8870709
7837707
2109454
2270083
5914955
234837
4917595
2397740
6959922
8137167
1024206
6915022
9329279
3756372
4626029
8668334
4386385
5413872
7789542
2903341
4755442
6306425
9162427
6744806
5742735
4705117
8652246
1681458
3010267
461673
3646101
3027151
3611794
9513500
6217094
2368014
4367375
2471814
2107470
2467535
2654360
6661532
96394
5500149
1623371
2872893
1840147
468237
9869987
3593918
6030009
2360612
8045391
2000076
18744
3914658
8001457
9722620
2272845
4032704
4581466
7730174
8627142
8199432
4903981
2889816
2410083
823667
4262779
7012817
3834487
9258210
7890998
9132002
3144272
5821148
186531
3816564
1582260
6652605
6224872
6105784
4019606
9268321
7477743
4549319
1337911
6438612
8921647
2895760
6704617
6722020
7732279
8722407
5138020
4097682
7252044
2691402
6939235
9947562
2829632
4876910
8285589
3025896
1016951
5789505
1417045
4428489
7830874
3692480
3407409
1269407
1030640
3842232
7186139
345139
4860783
1632639
7020318
4688732
6389663
480120
872658
5529024
7653430
2582080
1979315
5990608
1564746
608335
2209617
2263056
2742159
4390955
1537344
1966826
8823767
8853253
94141
5605607
7526114
9498677
8352376
5464968
9290857
2185822
7903623
2998067
4684915
4668906
8102293
7757461
1004206
289781
8462586
7808791
7418575
4108024
9983957
2135287
2366190
4909706
9756772
1785248
8382144
6754061
9305438
9744009
5276151
6257701
1878010
9291615
83719
7250475
7060452
7799409
3428828
5237029
5044835
4623096
2222530
5115176
3718498
9928218
6078769
8989063
5534382
9258535
5105451
6276827
851947
2725918
5926501
8491824
7911739
2734036
7335194
4601170
9662299
3686671
4737622
8373724
7379509
2094734
5810255
6879591
1691224
5127522
8658297
5915957
2957892
8375695
7004855
8570915
1472220
7327554
4850100
5362238
9474216
5857068
6619586
7550189
3045610
803494
9988094
6930826
4533729
4200260
2382229
2767353
2178333
7762553
2665699
2698910
7444523
9580262
7075289
4604395
369282
3588818
3069930
4825877
5991194
1800648
1339910
3228615
3649851
504742
6902524
2144758
9565953
1888480
6362509
5834943
1607239
9372944
417428
6696006
2730992
4960309
424609
411430
4915245
6298657
1900252
440492
1745942
4340228
3412871
1816371
2478861
1093423
2110980
1783020
5830998
8572664
8791471
488863
8315875
5953225
5737305
8038925
8706576
4306402
7345660
7370452
856942
6728461
8475215
43812
6981069
6695283
9572121
7055249
2550940
2120322
1042740
2455893
7741627
9518334
8091956
8143104
8323164
8445548
1010758
4948681
1298356
6852558
5192904
8572964
1259794
7581101
2987515
5915025
4346571
8739838
1121325
2149894
5377406
7732578
7163316
2820530
2086388
9596787
8179098
146015
8435138
8607710
1535655
4000742
6147422
4692086
7596404
3307575
8293605
5921328
3462578
7355462
5788435
5780353
7587972
6059957
8233214
9833668
4184699
6896018
553295
9858504
6344035
7437547
8153967
8379741
6058317
3041003
3965546
1404736
2679049
5654928
151880
5532507
8067189
6785831
5545199
9376573
7801366
5628614
686021
5684086
826991
6227296
2425976
9590969
4079590
8403657
964120
9529415
461491
5789503
7181458
9889176
5865358
3540691
4429532
5897319
73898
6415828
8176846
3491685
2159292
8644978
9953343
5154692
4763402
9090107
9027529
4293810
9593204
4509165
3113386
6290809
5632622
1914487
4936445
7580994
3891154
3228776
6225518
6391202
7658112
7191250
517066
8694807
2369477
2186621
8807090
9986889
7667355
3846881
7433797
313012
141389
6509226
966939
8454718
1682781
4310519
1167739
8201092
7853691
5765711
977281
4779633
1462205
4196241
4985102
859203
3950834
5793396
4232931
5971458
9959927
9862173
6599503
4881691
8162344
1951414
7214826
8658510
59162
6768039
9872370
70021
275087
777362
879170
9929647
9382691
1188256
2091408
6835168
9866755
8791509
8822884
3416615
2509528
6633848
129966
1023193
2137670
9349218
1638347
6089513
7587434
423733
2519697
6939451
2619210
5574369
3005194
4027852
8466847
1211827
664955
2591616
1638614
7542460
976101
4679870
859834
5613217
8504786
4238868
4396507
3187281
5509300
6094836
1051170
4539314
2680886
8879467
8638132
3532569
6166089
4161882
3743971
6030679
8711575
7010511
4386614
4235629
1667676
4802679
6186469
1047138
4019343
9315697
730135
4093230
5080343
9739894
8652697
3734924
3732837
8952597
5669758
6192619
2789780
2194811
167593
1180175
6088682
8945021
2383020
487524
4071197
8638861
4770906
9037218
1044332
2006685
3792639
9928255
6125918
8478523
3476540
9793415
2653741
5531404
2083712
3689070
8956454
7062377
8436083
7435445
8135581
5670373
9132000
8232552
6127870
3885868
7316392
9226333
2303295
8153024
5302870
2051616
895570
8443833
9616590
3392867
9695120
8640703
510119
341086
2253821
4947998
6508817
4376194
1911186
2196690
2721890
4544619
7099100
4161051
7398915
8932450
1809277
7180771
4625151
4893000
3119984
7842031
1556038
1669288
192503
6043007
6443701
6832462
1645670
478913
4726315
4604218
4052938
4178746
840449
2889471
4251228
2774498
9989066
4848389
403687
6287206
5787094
3198106
741689
6955926
5789487
7879082
1977317
5302901
9820041
8566230
6179446
1923250
8425736
5374711
7155850
975249
8663404
5117349
2439808
7568094
8859820
1524270
7953142
989982
9659179
2720162
3904210
5323168
3975577
9973291
8038359
2977095
3464088
5914034
9822477
5600171
239156
6120573
3245688
5129056
1387104
4256656
9730693
7005165
4151111
7644169
9558030
6925448
786321
5397741
4228992
7652063
6216179
2135205
1167283
1963062
7149015
1676876
2427163
5370432
250249
557471
8718452
6976171
7216676
1009545
4254525
9215574
1183311
7194157
4541966
7593639
9905121
1694123
9571179
7052758
8958597
9826762
4058527
939192
1598103
9165316
7134193
4279340
5069229
1109447
1758528
5420377
7710707
2484679
4366583
1260260
2774035
7794274
9845231
655443
4018977
444749
7100338
869505
9725098
7973804
3549116
5802615
2931983
8979902
8563423
7290264
8399761
7729459
4370985
4027810
2514611
1224894
5324427
1464538
7723082
4988787
5789858
1538426
8385129
5333158
8882786
1935502
4687766
7867713
3248224
8681963
1771230
3094318
8064333
2175927
3575840
7779628
249018
745254
3077286
4152652
6033526
4613314
470692
5925142
9917326
7255695
1720343
6214997
119227
7940457
189508
1625092
6230161
5211442
9284634
6591989
185893
5251612
3375122
3212505
8155416
4816515
5699572
3319890
8605453
1208150
1626728
1841060
6910821
121162
6302083
6368490
250001
5428358
1701342
743047
7748192
3960045
40019
9000707
7610886
7191762
4078155
9383736
1734127
8906214
3579499
8869471
7894810
4908955
7314935
4724373
7014489
1605883
8263813
7502101
8516898
9325409
908311
5308494
7434269
3118931
4211436
8942665
5918793
4154441
1725906
8707406
430323
1133951
1863627
9424060
8027486
6214592
9200241
4450886
4613797
3630105
2012123
4497225
5026570
8309118
7369037
8186133
9973836
7474676
8031151
3343767
1469057
9769861
9910089
566388
8114599
203234
4884400
6395042
2134518
244726
1521069
3603711
1231428
5136379
419418
6455746
1650712
7900031
3627605
9380025
3786024
7721313
6557015
3005489
7771343
1814395
624408
3814575
8336918
3085915
8738244
6295367
1599991
6665847
5398020
9680333
1099695
3451839
5487914
8654484
3706444
6722823
9229620
3407502
1087456
7347485
2626788
4534944
9091269
4868555
7373647
5937079
4915935
7454555
284808
1933897
6550054
7419165
1440668
5067218
4342673
182857
5476911
9695059
9907143
2407324
8675105
7608157
5885089
9061871
8704550
3185376
859308
8810624
7478174
7754790
5320309
4927830
9330288
4412089
7684442
2066035
6097889
4821711
9475041
7414437
7667799
3833468
1717153
1366995
282154
1181489
5777541
7632663
5702000
9888656
5359753
248385
2206716
6541663
9050438
9579333
7225679
8152997
174706
768624
7874323
3571402
8238833
9494552
470266
2224160
910917
4509577
1263315
6839407
6534344
4879236
9670595
5967688
9799269
696299
7267992
8051605
2656371
974592
97715
1866387
4424653
4695036
1210464
8912187
3264173
8019206
8915455
8353408
7376665
5392158
8225943
4295517
9901464
6383381
5953213
7486806
7228227
4280240
5381170
3845608
3221566
1959168
8272651
5634893
6958779
9883689
4074185
4282839
4063577
7094556
3785191
6947086
1211011
8254696
7758207
3253615
8681086
1035669
5072487
625176
6565346
5281120
22492
9379047
3347192
6471391
1534714
7824068
3922579
197920
7033753
6571903
3051579
1573951
9980587
1304606
1677233
4614021
2719164
7528438
3069489
7016467
9823724
282496
4709403
5705264
1093880
6536496
5344101
7803700
1490741
5123523
660345
2441362
4099147
4651042
1532243
2023985
1462265
9238727
5572104
7486095
7332181
9129340
3351027
833237
894680
8618450
9285138
2119568
2249047
8805716
854245
5576588
7380028
1749588
4880854
5962165
2102621
1691801
6393750
3361795
862947
310615
9975734
5506951
1982330
6076560
1820860
1279535
105042
5310410
4754110
6445015
567098
882844
7777827
4284540
9602873
6129273
5083338
7467368
2655905
9089142
9029664
3641741
8980906
7719778
4083282
8197285
9220788
1474641
804292
2538696
4972101
331892
5513299
382409
3279891
9035252
2004067
8994066
1290885
5962831
8533875
4212380
5582355
181983
9910446
5391133
6751323
7832548
2573294
6010700
6961590
2372987
7102900
698992
9230601
3630422
5574479
8462009
7163957
4741009
4970048
7467569
8214422
5838033
2001510
527910
111169
3368906
2772096
5776155
3170489
8360547
6291257
6689302
1458491
2541909
9772658
7463350
1312260
1872407
6664425
8024538
6329773
4024699
5032844
4034967
3427
2450841
2283795
8829300
2951417
4787788
3936895
2284764
768097
3947893
7539010
2982428
7305898
5394036
7694638
5708595
3044041
4175367
8808281
7491759
1666106
3525910
4158289
7269785
9918447
5990583
3645810
6748010
3390884
8331372
2568373
2459492
2169376
3799726
2344037
3854692
9324560
9698109
46104
5973376
2873457
6884032
8920224
8598539
4082160
5627315
6027546
6267484
421575
3930868
7622513
1281198
6960159
2462015
7716154
1992580
3236956
5820646
583842
3997455
6560727
2971662
1302030
2658544
309087
5877032
2116619
6294141
1635956
6852002
1689253
9164402
9133701
7384569
6353860
9487502
9897640
5190730
6515309
9143226
832165
8996152
4325596
944325
3352695
8350461
1495671
4235068
4669921
275656
190019
7224401
506082
6312684
6299293
2722907
6834665
7080206
4261961
1591150
4031332
4068905
8076349
7589032
1598995
8848510
60782
4039283
3561206
9668374
2119453
7270415
6103519
3474237
1293155
1370563
3244517
7496055
6855876
230515
3918941
4428702
3246829
5779558
9068450
3143934
6218834
4632569
2959181
8295809
3737287
5409972
393386
2334375
5667993
3560312
4645075
3030876
2797935
7913100
3312922
8440728
4079882
4587578
2409382
4243189
209044
1024097
4128897
2873526
9826836
9913263
4852772
3297156
296537
7560372
9555713
3249037
8286389
8485603
9570314
7026700
8380011
3371431
8055688
6720680
8231287
7381249
8009825
1185121
4766933
8418202
7799723
8307088
9950148
4009471
3169303
2309587
3794176
1239822
9087908
6438743
7829680
8790388
949375
5688310
4982592
5597537
211377
8809558
4969810
9248641
9735696
5073483
3750027
5366093
3216213
8931032
1596827
7256043
1290007
8862671
2123146
2276109
1011526
737537
3851959
3779260
1371121
5798563
7532882
1058306
8426506
1797364
9560293
5224991
1680787
91470
8761834
2656807
9186597
7032093
3233478
388551
41310
1860944
1109946
1675469
5382462
5140414
8529788
6542176
6795349
8372343
9876041
2358934
5379504
7667602
4398283
2509583
3741377
9749337
9558407
9537789
331623
6178444
4913075
4163569
2567845
9433038
8770301
8857606
4905477
1276189
3608316
1801779
8601586
8685512
989855
8115801
7623024
4764436
5637715
7865742
3653316
4010059
9958773
2634066
2374761
4783992
3884148
3211921
6496648
5628259
8900798
6061220
2157401
5226033
5153785
6595967
7932066
7902192
8423353
7345317
3212620
2382454
4166983
3758530
5676328
341
4185601
4885058
8391605
2402004
3806662
721945
1524901
3088416
7647123
1306057
7090593
6716458
8035684
9829892
2970040
7425557
1816
4768403
7264306
107548
8356177
5463073
6862765
5927408
840694
5235471
8973854
9867145
8219435
2706039
6485089
4823064
499944
6236091
7222662
4504751
7202857
3220681
824407
6196378
1534323
1468057
3293031
3641719
8060351
4049772
7690245
9475808
3811435
9361638
7167925
7469805
4039200
5298820
9814723
4057013
4855937
349320
7726492
6608573
2156592
3887898
4191255
5620057
8248133
9410300
4892430
95707
6942502
4666596
1019162
4006587
8558575
6992467
2200305
7428849
488252
1831721
9676780
3324467
8114343
4927943
822857
5450847
9465274
1902394
1896542
8373537
7528901
5237420
9972154
5946938
9649962
280081
4287667
3288610
6744349
7849345
2441070
2298693
5985349
3552885
8621683
7045731
9852963
6430885
7926133
7185878
2515867
9878653
4148384
5850841
7643415
1940798
7070550
2447689
5505456
4122081
9955521
307892
376737
2179892
5041030
6997900
2704691
7631463
9485983
1520035
1544114
9664215
1150288
4583880
1554940
9177449
7649848
3688940
1632657
8311666
2591697
9398509
4496609
9002911
5448731
4324609
4516134
412528
1749351
6184799
1333622
6755914
6853355
2560819
3710133
3254193
3877308
6753908
6640376
3003474
1793796
1086365
6699499
1682767
4422065
2011171
4359732
7834425
8251753
1083161
6899050
7647389
7586894
6581151
4448958
7708241
1257850
2559526
4035082
4885301
8033521
1649750
2008668
625456
7847312
7934093
5959005
6575858
4216125
8663665
3017505
6593939
8795077
7896506
7757162
9510552
8406192
8939155
3723676
7513464
1956771
4637513
4460681
3573713
17752
1571355
6978049
7453469
384345
6515934
8754646
5655084
6107804
5505777
8066628
6106061
6831347
8666512
1184068
7554333
2781980
4875926
2369922
1854245
5761060
3246956
7731135
7988308
3533639
5557682
681903
7362621
3041224
1364318
6530716
4955975
2635169
4304042
9479315
5352530
8797284
4924729
1668120
8331433
2978300
879288
2999066
7204750
6127325
4350937
328858
5534383
7523434
7132149
6512808
9598517
3634785
3981228
2855208
4281540
5102743
8996015
6688023
8699016
5530347
6759951
1328519
848770
6688092
2861322
1970613
3453470
1056113
6481095
5376082
7775469
4529945
5915794
9561437
941492
2756582
8998420
7459178
3220839
2387130
7557997
415955
1187828
8445720
1929032
4706066
6485175
431183
4022498
8420827
6995453
7731834
7475198
7362449
5487099
6462055
9393233
6855460
7149464
2784698
7815605
2654811
5085245
8844028
4581341
3496342
6116524
6389147
4612826
5274862
4187188
9972158
6698964
835509
8491654
949232
2241883
6148367
9808142
2725042
8231358
6266493
6176151
3458982
3828734
1610992
2876856
9911321
3979901
2195667
5499649
7115376
8537730
3505522
2307162
900469
54118
2909197
2923974
2452137
5693632
4202352
140812
4297815
1793699
9348468
4227335
8569555
4652323
5557767
9514795
3244867
4492194
5961883
2315278
2355457
259837
7873138
6364859
7701747
6571985
6431201
8085172
8767789
1490579
7394994
313051
1615934
3024874
1889561
9940656
7313935
9947647
2795514
7949077
3481236
3919010
6291058
8264623
7084531
8250242
4868263
7899826
2937830
4232785
8542438
1925852
120220
4149983
2705702
3674970
541840
5067056
4947719
9432759
3535733
4731845
9088892
47316
157741
3595850
6083611
5100175
2728001
778141
7377467
2373010
7442132
1993304
1592365
400903
1134595
3005018
7393755
3879598
8247147
8224778
4532939
3290786
2639783
1700552
1870461
6168702
2093673
5765018
6199400
6642744
8358797
9782920
9042376
7338639
2534291
6667266
6589191
4552390
2457825
1961047
906614
6037843
9618421
1320520
200733
8853218
1212589
1923481
3514679
6265223
7333478
8982235
5503836
8903750
8798353
3521000
7341853
9719769
5504606
9628007
848998
6129976
480832
5783027
1204259
877336
5317338
2956320
7970454
6699486
2216006
3925495
6431468
7586836
3880393
6928915
8997843
3391260
9643611
1692847
3728996
50028
5186525
1904681
5110760
168694
9698109
4518752
1862286
7364747
7988925
6596392
3319378
5383836
8460422
1142101
4998497
4052727
2900758
845006
8831829
9693202
7861502
3719927
7625870
6531115
2366241
639947
9501528
4631703
7046908
5840037
336731
4937460
481151
5921904
2624562
3683608
1363155
7006867
6297290
8262112
6576394
4636647
230102
5769657
1636127
8893107
1821472
8930337
2665522
3695975
9211133
5958084
404133
9441687
5734451
6218098
9805769
3242189
5028448
6406259
3337681
5286428
724008
397894
6523160
4783818
8211872
7531271
1766998
2221732
6664801
845077
2596653
6837603
5827589
1990569
3743407
8774310
1723066
8777236
5142320
8590626
2890405
3797750
9056189
4269181
477586
6150348
5500051
2222791
6990052
3563820
3111848
2085468
8888322
4890087
6643998
8297225
9856116
9525369
7393238
8933430
8220464
2333426
5874297
5887438
6604707
9182174
9941796
6310537
802813
6047741
2525257
9325146
5911450
1903357
1045790
9612896
9667199
795648
2203871
154640
2907805
6830483
4423635
5252319
1527588
4955207
2688820
9761763
4673429
3600587
123998
5564188
8738972
289226
64092
8792135
7235470
2664195
8590564
6050402
1462546
8569419
7115710
5503696
767839
6111222
8881103
9346674
4859180
6861988
5552857
7433278
4695473
6253367
4809017
5562490
1160971
4779552
4771016
5241865
7022778
1767604
3442016
1887626
8813346
1774878
2118802
2654815
7745058
1279545
6708492
8248552
9265343
8087103
8471823
8619409
6319961
9474246
5224442
4257699
6635277
3178405
1702339
1213754
7030277
4793360
8772349
3122185
6329122
5751580
8231962
6538246
1059387
6067518
9042695
3581838
9340235
9020879
9133027
75186
8834946
6918792
5805205
6876992
7093342
6789021
5562786
1094045
1652844
1061525
4642230
4414049
5661246
4420475
6579283
3311782
3993557
1183663
1986074
4984723
2237667
9524734
4454009
2470012
78704
4013206
1543029
1239652
2606831
2480900
4547074
8950581
79146
25449
3179497
2572687
243321
2742870
6974861
7005496
5006878
207463
5365261
6849491
1381606
5363845
2414539
9004763
7603958
8532684
8313459
5392619
9998570
1839708
1170733
5238205
9209659
1770515
5520068
248457
7500642
7824266
6901670
1741723
5855135
4421530
1383921
213752
7386678
9991865
3902692
6923198
4062754
5860624
5596041
3814944
2903059
9077437
1489
6435973
1657931
6606292
3316199
3550383
8023916
1045759
6400545
6017140
8314940
8416569
9256304
9864860
5769907
7403472
1411520
8606308
2267491
9904795
2948983
3526058
8502730
5993606
649815
2426698
1652819
7533191
7676684
8480855
848860
7124095
8399368
1308734
2536704
3192060
4252074
5460447
7059287
3232923
8006147
3249517
9340708
8597730
5632741
3853673
6300394
4307433
5628346
7645499
3175016
14540
8016432
6034204
9279704
9198271
7657925
7586263
5180613
3351367
47309
3983307
3413059
1329807
8722596
2440542
8782566
9600743
2697077
1382902
4830027
8300629
6124794
6298499
7924139
7306126
603058
4278212
1426001
104564
9637416
9492625
3023491
4424307
8387070
