10000
4613761
7831452
2025609
2495461
1528416
4174550
2483550
1160715
7032296
1660129
1698423
7923225
7643075
7436815
5959207
825831
8203929
3507997
1263252
6036233
1941238
8219242
4564044
4018961
1497283
6532758
5833437
4305836
9899486
1603435
5403278
3357299
2279577
5629368
5239532
4259784
6826747
5623743
6553686
3562841
9062368
474733
5887313
7915731
3950326
6887399
5263819
1228848
449453
1000130
608452
8708443
8747863
5878883
2567538
1905807
104313
5934840
9189015
6013321
190195
8414475
1802259
9853165
4760934
4795837
8226279
7355598
3182288
6323449
5312908
130840
4776066
6028826
4136730
1095401
2744786
5366699
2058724
1632013
9060447
2625197
9349487
1902745
959342
8984076
1221514
9688450
4815996
657154
9516212
1115169
2860290
3858120
5365824
8530445
3371740
2454435
5575666
5028106
2276092
4108581
7271887
8278329
6504713
70063
4716330
4373232
9153283
9260757
9598480
8980775
5998336
9160368
8168791
2779570
8756171
3753184
7475069
8836954
349793
2831605
8315794
8573471
4021137
2531452
6812139
2043897
4607554
439799
6451
7471581
9391060
7146952
3759658
3943739
74707
5995688
3507677
9521524
7484539
9870085
1845057
9380222
534705
568651
8543577
3080122
2815206
1845928
6319881
5426187
4300579
5578539
7184085
6375510
4487399
6988104
3452873
7598116
5020489
657988
8242748
2111338
6822396
9026181
1092258
1232607
5229078
4082891
7809520
7946084
6896896
68697
8587789
9838573
9710053
7912237
7794620
5927326
1114710
2535833
6928801
2416778
5520810
8194546
764359
5953612
6029815
7512219
7222966
4554532
2046298
6884350
811206
4602166
4118688
991485
4665740
4992719
3690524
5514029
9692348
9221317
5379177
2935077
9118165
9174902
8318127
494993
3622432
2643547
1804412
9724664
2303227
9460343
1514228
6247479
1149037
810651
4740497
8545568
7175816
7276848
8048160
8757114
1271393
6887794
5259665
1934298
6119227
2568255
709670
8579072
141379
1098704
2991049
5385970
6202072
9354419
8558175
8587212
8728676
7605731
3831163
3120493
8745945
2459137
4640852
4477475
3103750
9582966
9876130
5100704
3139904
9549153
6565397
5261212
6441861
1743117
6549768
8369479
2971796
9786171
2598948
3816887
5568614
862742
8097487
3993727
5112120
955551
305024
8571585
227320
4337355
2441189
9630663
8505657
7285440
3121366
8003551
369728
4286212
8167026
4521908
5917361
5014946
7869601
8123177
581808
6818569
2917238
677224
298392
336840
268644
4192432
6669074
4760235
8974249
5899926
5222627
7049719
6898701
9926036
5489084
6610777
9625485
4141004
3461537
9777954
4557893
9536336
2138329
8304216
5285872
310301
4302760
1137125
3906415
8936633
3541948
1278410
3577550
1939737
6202077
1200471
54273
8785734
9240936
6145584
3050500
1254499
4023627
7783953
1312231
5158976
7696593
4562535
5505605
5387734
6429291
3497810
346476
8534692
8913941
233619
1535187
6775465
9427749
6550627
5319335
5902278
4694907
6940386
2544287
9180885
4736369
841557
608927
4694234
9980029
9725293
3794277
3629134
4132618
377863
2400376
7970723
7485043
3339121
7882181
5601721
613132
4561090
4037832
7118989
9008370
6649367
9941821
6271167
7020831
9459760
3257964
7967808
5072721
6763903
3969697
1523008
8291455
2236134
4405151
8875870
1534844
2787241
2781414
5026700
5509979
3327018
935670
2712138
123990
1330184
9018788
3461662
8058094
6774026
5856574
660806
8812310
1386907
7248301
9923078
7400942
6592618
7879820
5461116
2385283
1674756
6176878
6039551
4204860
340704
1072109
705072
7324039
4515317
4356671
1328668
6592728
420525
5429263
6601282
365629
1004108
9856364
3666364
253380
8865058
6118958
4552407
1922425
5751353
5069624
1839008
1419480
3338789
7629646
5312024
8709897
3811022
432351
2329930
5713464
9876824
6493397
9553706
3367416
3562154
2404811
7324248
5528209
55920
1678971
3394441
9732321
4682368
6746964
3512387
6602543
9894228
1115353
4831172
2462003
5262949
2173222
7749307
6209425
6963498
9458368
8788256
8267264
9698226
3776588
2230258
8912040
7719077
1399243
8142425
3818301
9968993
826222
8594970
9212325
2866978
8159868
7857134
4295718
5610693
4874444
606356
4953295
3507872
5868178
7325875
7810940
7379675
1384626
7224493
9525605
4796019
3559918
6086815
8565067
7984673
1472445
9824645
1917529
9193913
4130700
4806297
2022745
2568054
488096
1739921
6458636
7579790
3620866
5196100
5166952
7693218
6772629
8785959
2663050
5236822
8607453
8947594
8902155
154708
6608152
7759810
3474532
2298897
906063
5031575
4982500
6429974
442290
1996438
7020705
3064174
2257383
1169768
3039922
5655208
4128907
9416473
7605883
8491760
2459218
2372737
1679623
4479192
6241937
6324166
5418865
5257099
6022812
4135318
7030168
8316081
8773725
5489069
705866
4941742
4877317
5372657
6178112
6085018
2969701
412364
3084642
52234
9738595
6721279
7305000
4845368
7939925
736443
6613381
3477787
5316067
7439260
8247585
1517082
648427
4785029
6791806
5578148
3500970
6248049
261681
9849679
9876740
4855295
9875455
7389511
3546495
1456792
5411159
1236230
8993444
2882328
8703779
938263
9300881
3479590
2398525
5618185
2517897
4772052
9915019
4525450
7672850
6900783
9166767
9788369
9193419
2074757
5555344
7132903
6312144
7224978
4640752
405052
3318581
8879830
824930
6604313
2408927
1539446
1205696
2538847
4626271
8102928
5574206
6837294
4601896
9828263
6766065
9060343
6815537
7526830
8250293
836713
241221
6784342
9253497
2706039
7973561
5714653
8380224
653748
5740200
6540528
808192
8342441
2442002
9107986
2126960
944271
1470297
3743452
6341836
9340251
9505624
6694616
8945655
5913662
7129823
8943717
490795
6836800
9299475
6376434
9213825
8293855
149617
3457113
408156
6480394
3067293
3979053
893671
6652814
570100
634082
1198147
3972055
7958692
5253420
3310899
512701
5494064
2306653
8369274
8105815
3673793
3549999
5012930
4744514
203183
4679243
3329157
6113561
2952437
9511100
4133919
3854328
5446763
9716880
7262218
628550
6678421
4706945
5591827
1777569
7794197
381236
2345508
1291084
2195176
3577700
9427943
2320196
9362409
8264077
3867902
340668
7232735
8017479
543699
691757
2276578
3552997
887117
3630086
1852530
8434077
9825964
4334192
332405
9002780
3873075
5037954
3679154
1921740
1605530
4538056
357197
4945929
9091856
5685925
978331
6715106
8461901
5048354
3672778
8585854
2782241
2078207
9953879
491403
172704
6965630
7905372
7394785
6579497
255998
488934
3517901
9711453
745498
4963751
2588775
92680
9172968
5007726
5166001
4603799
2040764
1021236
1514482
1908692
7324776
6059583
4004826
5664525
1058906
7554310
4718324
1132134
6989872
6268184
2174276
9879293
5308046
6901506
4542522
3680586
3943605
7559981
2682947
1638629
7898544
7149762
545051
3800263
6636692
1076465
3745860
896385
5484595
6433798
6286970
2853760
9173119
495376
9477051
7289290
6621502
6228485
6112654
5471370
8734121
5544046
6316987
1034371
4472434
8102719
4368867
9970563
3606462
9771171
7056436
4567750
3860241
1956951
4731455
3425507
1132126
4108317
713244
6600849
6785411
6725140
8763737
959165
2530833
973267
8485413
3057381
9387275
1438763
2856161
932965
2099132
9990880
1447236
6407527
925011
9381630
8911475
3307781
8339101
8611704
4859960
8298509
4557883
5826710
937912
9549627
6162992
7296002
1436341
4608296
8035603
1148690
6805928
4512020
4202126
5198536
7384599
8985312
5870631
641234
3968284
1407542
8887872
1121356
6134548
2186041
3291027
8072774
3581866
8227148
265007
9345845
3101613
7105313
1308034
7102299
6494761
890423
2974846
4966802
6694768
726237
6492680
5617636
3024949
5055863
2504899
6246276
2199538
2960845
5586998
3231835
870746
9385810
3061740
40724
7264422
5117797
7880502
9444750
1428611
794223
2171728
8567490
9609171
9772933
3031999
7334214
7025044
675550
9912834
7335426
4656782
7761324
7547395
4044055
2783274
7457320
5539159
5497374
3855976
7343989
7741867
5924068
850822
1161632
2124780
1395761
2862975
3786297
6388035
3472009
1307679
7317353
760928
2849809
2909516
1526935
3266756
2220468
7191297
3774791
9939450
185572
5369025
9437082
1444304
6833603
4294163
6223007
2804451
3141582
3220963
5922184
7490117
826580
9298133
6933674
83335
172402
643188
6050324
1658145
4768953
4644978
7332742
6667964
3348145
4788263
9708428
6356112
8258707
4217117
9786072
6435453
8659084
3288825
4184089
6623380
2655508
5338658
8853443
6102521
3433841
1970295
9619721
8685305
8089301
6536412
6608298
6742021
8325431
1360942
8943333
6524083
659691
6609333
8403274
4013551
226697
8734813
6540152
8932815
359742
3046926
3633622
9148847
1219028
9932858
7960815
6890495
4347437
4383672
273784
5007500
9635280
9010489
8619631
7347532
8617177
6627502
2033287
7271526
8338151
8537027
7856308
5621066
6662435
22044
2494647
4887505
7867333
289136
9937037
5619737
7474987
8899315
7766256
3477934
9787967
6430440
5670967
8014511
3507358
6037851
9109396
336864
6297525
3472587
9350705
241014
7484017
9622588
6266889
7523435
6135253
6274979
7135467
3349974
5904009
8528461
2118875
5620694
7846549
9025803
2432600
1457490
3277023
1485107
9668411
3773126
9068209
220226
6369628
7266555
8648881
1191419
1295598
5859290
6043402
6245441
7005717
9946919
1979438
819810
5414610
8245573
7774047
3513781
7005254
5966185
8590511
1017275
4421929
9634760
9153273
6219933
7040259
4856256
6433823
6333201
9688947
5679709
6963290
7568452
6164483
3123304
6884793
7298647
2303608
4310070
7100114
6224720
4304644
2679959
3090536
8161500
6911775
5619895
9043842
8875297
6829867
529399
850083
7905118
9885668
6944117
188388
7308391
8972040
5533713
1352961
2536839
8779887
5227843
1673766
7249263
3914590
5819847
6749325
4269052
9337495
198989
5466681
4160170
1990147
7492423
1709252
4929613
9197697
3505700
7356888
2691303
4194732
741798
8038562
5431070
9938215
4305283
2248045
3462820
5768011
6963065
3153551
3820122
6761252
1084151
1286571
9572265
3402775
2192207
4667957
1749156
14829
4150385
2972562
9294204
7639462
4279812
2787263
5085018
3240164
1453448
1185335
8746064
5923066
9379599
4623296
1022531
1998307
934201
2446998
1876471
5675721
1762956
7609741
5798229
7003119
6284923
7901474
35700
1682268
6656420
1953702
5336952
4582553
3627114
9216262
4174808
87130
1201878
3653339
816306
142358
821412
5048294
3920619
1119759
4384829
6094578
3229703
2105922
8141622
991205
5645893
5009807
7246207
2492214
4155467
7599298
4190752
8340380
7477904
8198259
6612344
9209027
2828688
6779925
6216908
4885407
1473246
1997147
4534951
715313
7696232
5098606
7488466
5048902
472318
2189780
8494580
6872249
419074
4255759
6437897
7664113
6052643
6581413
9450092
2706994
540372
8157369
123782
9925319
1263613
4505702
7832169
3938365
360109
184228
6810043
8228266
8001527
5739112
9773223
1464203
6266682
7854605
360582
3308256
9164966
6257606
797465
3894979
7665076
5134426
2872213
4642158
1952375
7971865
781583
9583055
2175005
6284060
2580997
2570489
625881
7369941
3115934
2390670
7430172
7295742
7315323
9192733
1740865
3133808
1840182
6386344
6134911
4231462
6210968
1871543
1189665
1921369
6805187
3816760
9313003
8866082
124117
888942
3610702
1432434
8875220
5678903
6650284
1546994
2523929
3136558
456726
3577805
9899720
8167637
3799302
5048956
7009416
5378097
9128516
794346
9855995
3676760
3937198
2163360
6438135
4538576
9242426
7073663
7075158
7961537
4161758
1573862
9495629
6368201
4333668
2072546
7726528
3990165
8372799
2180866
6777259
7539802
5862120
8880571
443101
5153281
6480313
8334860
3006961
1665297
2564016
3631133
4963359
5625069
4903090
2765060
9528440
7833308
5348269
4679421
6025162
7623000
6621476
2209338
4492329
6110871
9526786
5896082
3515976
2910405
3065717
7929184
5463007
1780109
2893592
4321102
8277469
6269745
6652820
4416815
1558824
3472718
4049299
1459752
2831819
688587
4590130
8639751
6859433
7434996
7152786
3038732
3716731
4638008
2527105
5453450
4132593
232049
7515258
9687118
4696855
9584313
8649599
6733485
4951311
4976440
1177521
6989005
7979139
9975916
876462
4260965
486260
9079258
5722893
619154
3079469
3702399
4649165
6892045
2576979
2193505
3145676
2195006
1414778
272467
1662994
9887737
7462125
3365032
1531545
5621391
5023748
8882341
8126284
4457718
5616415
1735306
599342
9381586
9983813
1571627
5967347
4267302
173866
5183657
8189139
8784240
507641
8449808
1238046
821026
452294
1288206
4942821
3452501
8740006
2559869
4966951
7152568
742998
3879060
3307356
7317043
1179821
5523697
3725425
1077236
6617930
5160886
1612432
9175325
7960196
511897
5924783
4721342
9887186
9510274
298348
7702287
8560295
9046792
3126136
4804911
7436904
6796390
6135115
1379618
7693929
1210683
7050499
2848472
634168
3452646
6186866
4169066
9998652
821738
4701454
9941213
3916359
6126323
5381786
3202040
6006555
2462612
9283630
1138726
1864712
7725649
6703155
5980717
1288076
3166301
1571120
2872350
2764207
9035241
3506922
1686356
3786957
9844919
7746589
6399172
4035006
3616058
5565391
9251382
4603056
3384760
7192431
7383028
990102
4167330
5176284
2910708
742259
6587485
3082216
2965038
1069424
5982043
9238563
3461467
4151341
1665939
491561
4715249
2364798
7947477
3365623
4199688
582823
743320
8191053
4766062
2275867
9519665
9195787
2282052
9204985
5402085
9458765
386543
8101121
2740708
8171203
5506268
5934175
3243250
7712463
260148
1564613
8863583
7185913
6888315
187535
1858326
6746076
3973290
4341588
5504163
9918478
2151827
9490731
8425649
6128572
6279198
3904773
7719121
4756947
2357512
6783088
2005881
2639379
9449657
6481281
9717166
8534709
9266744
811629
4514107
490755
172334
788008
4825962
4670254
2600759
6700827
7595772
301191
3299049
9589368
9256065
4931919
3345870
8865673
8389918
6376921
4361753
6649307
640664
4099501
5097015
5600866
6930542
8626610
2980561
3114105
7941441
9761493
8639166
82113
3666845
4135845
1068356
8957352
1123183
9066936
2319052
2299355
9575459
2070620
1488422
3059711
9773527
3796512
7268105
4137390
8275220
8486830
8599137
2687570
5685976
6101399
4236520
914016
2147335
1584774
8523508
356069
4560014
6339521
7562013
124612
3194793
3634151
1156796
1666228
2194776
9121832
2716634
7025040
9557775
3974033
6886192
5224760
2037193
1290299
7067948
4364645
7631400
5831678
604123
9198898
2318944
5858358
9241237
9685588
2876458
7473058
3606994
2133012
5895830
9278959
597132
569383
6886778
9077211
4234409
6708060
6588516
1386276
6848587
3515875
7929945
7156441
1010192
4983145
1602027
7340765
1751535
4725742
1839350
3740087
7960247
4848760
9991656
9176349
2978430
688092
3721643
3727946
4037406
8033996
841367
1313159
1660738
3788818
1497108
7467553
2838359
3180928
4051302
7430744
6184345
1738747
3114974
4411160
6239449
4977922
6607150
4299029
502145
5444801
6503915
3893394
6223004
5638673
3150881
8160421
6689175
9133091
6849533
8140782
3161889
3219439
7994298
4054703
550998
6811849
1362642
4796519
9976997
1991538
6291634
8673719
2716189
9484669
2002470
156387
5406059
8058589
372401
8336501
6331634
2682127
7627179
3047273
3273494
8765251
4663012
5924959
5633760
7096028
1752745
9079469
8833551
3327336
6612511
604133
4888465
949920
5313617
5069311
1601950
3540911
2028266
8226629
4703685
6107924
132834
5314991
3590303
6504077
7015999
1766054
1291984
8482792
8163862
3369889
1159455
6958168
4746356
1307729
7526049
4343363
1921420
4249349
3755431
9489313
7334197
6361306
6516795
2681467
1105102
1440989
4658933
9912489
9271059
7973512
181512
7553979
8588834
4235474
3615673
1245635
8446473
5946819
7242669
3338149
5443189
7197011
5222079
2213935
17808
9757868
7605787
8801859
7713045
2439339
1727042
3191885
5771171
8045453
2963689
3802458
7871559
8492830
2608871
9935178
1572608
3376985
7264960
3852297
5318546
3286617
4949063
4325944
2097023
2937929
3222670
9320516
2563680
6297920
3953529
1500722
9492503
649413
7996113
2916820
781732
7005046
2674348
7390735
3613270
1941391
5847563
1789378
1234750
1529326
4843442
4596564
3370572
1364581
5935903
5754082
4498773
7054663
1991232
7694474
8586848
7869611
9921839
3790114
7984474
7663610
1052320
4764115
8416469
8718603
6929310
8203148
875512
3959264
5196639
5606063
7576295
5590285
2351744
3256105
8947211
3579131
1580682
9833383
8337493
4628396
6193214
1903908
4126875
8596234
3167329
8165830
5217469
570528
7755269
6388002
8723557
2832127
8880166
5236472
4833258
5545665
1878431
9403310
2077927
6684432
6819651
9771173
7497084
4882977
6011767
6771942
4763931
7548257
5053309
6412152
3265119
4659247
9998084
3673254
583608
4399985
3063665
4686493
520162
2217390
5228744
1349113
2754969
7949442
6381409
6130784
514783
333680
8677312
3812254
6023017
9659140
7584590
6094114
6542493
3920230
9445701
7047509
1630526
4891371
4557711
961982
9752124
4954137
2145314
962885
1610070
5371643
5848039
4600104
7978709
391112
4303123
365327
694859
1017216
412321
2536933
1766814
6562885
9103121
941566
2282705
3738190
2520263
6298815
19805
3625747
1395612
9741305
1342445
7067003
6459089
1746482
3584779
594263
5039116
7893674
5332342
6439344
1796229
2005574
5347027
1984724
5739610
9031807
5579669
2275922
6060327
8980800
1267126
7750172
5200817
573320
174734
5101284
3329217
9707514
5927295
2301735
8909466
3762442
9917455
5473845
8129645
7185086
3589385
4381056
4038975
4001448
8165724
7860488
1125370
6779237
1685253
4278714
1633254
5079845
9153136
3696553
4605126
9470691
22743
5364828
465619
2143243
5010102
1960410
2113080
3330418
3372850
2206010
478665
3940124
7261581
2456443
3004305
868162
535226
8965514
7039199
7221576
419057
6693674
6172847
8234315
8712774
6200153
1863119
5692061
2888076
9007515
9688889
7105109
4719486
7234467
3433447
1134098
8889306
8347761
3547578
4135742
3579174
4842409
5472674
239157
6261998
1627015
3386617
5165887
795238
8261147
5503035
547156
7811425
9857072
2445313
1882955
9963842
9147577
8472020
2967808
8047991
7580950
3941097
6493594
1778983
6145713
460988
9654549
7563742
7671937
1462700
9767024
247232
6193520
4400261
124697
349968
7578520
2060148
1222380
7696476
4860691
6216295
7966711
9584732
100710
8369717
6086322
9319061
6816544
6067197
8510742
1608058
3571010
2201784
6681886
935215
7390626
9680487
5034160
2669822
8337188
2531420
3844264
2834236
9749323
1402265
3857504
7528925
378507
9993011
3267873
331115
1296484
143448
864862
6013521
6969052
528515
5990377
758106
4362938
6064621
1358225
3402512
6780359
1544163
2986318
1056212
8810240
4092126
2873010
8850909
6153578
7473462
8110993
2152600
459910
5247477
8015028
6021371
3067871
1141753
7753149
7467429
7700590
6897556
6734256
187768
5995003
9821796
6538385
7444152
4930271
6191026
2749017
5842145
3969490
5640834
7444210
4994700
5246938
2070866
3607351
1379711
9033150
8583997
7229515
5744300
8936089
8543861
5197931
7078604
650091
131058
4556619
6968766
1678989
388025
6012701
5727871
6259214
342097
5773198
2949153
2353968
6936226
2614053
396490
3729900
8405401
930800
7620217
8326179
6700430
1408273
7178266
2311884
1309053
9367469
2645165
9283561
3261077
7636002
735848
3418009
8109240
2486236
7843071
4053020
4755362
1594036
9552203
9884572
493447
6151552
5245574
6366511
7488248
1274202
4420534
4366290
5871375
2053687
4406137
1386435
6147517
8507086
5247726
5399353
3583268
2106602
7563386
408602
7472006
6074420
2892230
1724332
2197005
225367
8365507
2637821
7399367
6386564
6274870
1696276
410782
6531356
4493319
4788138
5772373
9325121
5893256
1977417
3832661
7601703
4475113
9060940
8144737
5832637
1419236
1986433
7227351
5204181
6331078
3867797
1767958
2704472
7323546
8385791
1208149
5981409
1575369
6229296
2778651
9305563
967714
4623459
2498968
2333629
2679852
3169532
6165603
8216016
9849085
9966423
3807623
5523837
3288082
3820009
8183523
3291191
2607387
6672603
5912236
401497
4167377
1897769
4654167
8856769
7989216
9395774
363337
3720104
6773194
6100709
9697979
3284610
124398
6732302
8052042
7174980
4128619
3669457
7031252
5216513
4293802
6878699
9003698
4580350
8436279
5644762
9684686
3465868
6042360
1606708
8816231
2588522
6985802
1582679
6781889
2439237
3364820
2884237
3206324
283811
2225224
3242357
1408110
3414182
9624153
2662780
78346
7523735
4841866
9318406
7481483
4980899
8554075
337514
8635247
2958906
9959393
5223750
3701875
2343055
5558274
6520654
9164444
7125430
7062264
5369885
9996606
8421610
9262142
1555030
9099609
2538186
7714081
7495999
190736
8491806
1775404
1037408
4653795
3999195
8340760
835786
5343264
997012
838338
3317413
7589010
8862636
1001461
8499690
5975975
6070122
4734255
4354584
9466693
2814954
7290274
8911634
4265767
2274996
4868049
4221348
4372229
5242945
8726591
8260129
6400736
1225312
7507889
984252
1589297
7894308
9435588
5523468
4065780
3657282
3266348
4554839
7149177
5138597
7262135
76464
7779591
9102420
2151292
3907899
2502528
479571
4212892
599830
8640958
2297518
7807144
4912546
9013071
257629
2366679
7756170
6526277
1954507
7600375
964804
8452976
9394917
7451762
4352240
4685649
1305630
8904539
8960941
8248495
2292724
6648828
5356742
5382012
7590340
7799111
7917824
6969783
151663
3354121
7627005
8672057
2578009
401811
9755562
3473035
3540655
7866
4769610
7872966
9261745
7707782
1808267
8904998
8100314
6193905
200062
7736670
7472204
6575297
2148713
8339663
7116266
3915023
6999947
1494546
1699890
5179686
5502908
1151390
8863635
4983702
6469172
5769474
6225248
6169749
4898741
1525617
5444060
1772031
4197223
8474432
2491955
9178160
4918570
3612841
3834679
9488644
2614167
720035
5671286
7226890
8237745
1565404
5126702
5102247
1882180
4397342
4703311
2038619
9602346
5487718
56576
6923982
6721844
7372037
1989308
9245267
4600963
4150756
9156782
9766640
5216019
6658979
8145152
872578
9553357
2884570
3594501
7866597
5530239
5975068
6720958
6974435
4433272
251681
1633490
5970796
8083710
7298000
9377528
5538568
302363
2263194
7247961
7674315
3542441
6792631
2531783
8387846
1058049
7070918
9944522
8675682
7289024
5348761
79858
7328873
3368439
1912849
6731572
3258503
8085074
594985
9642175
6859375
946354
3775478
9697991
6744704
44135
1444380
7880995
6525339
4979257
2160115
896769
3144728
7523638
6688334
6268902
1215844
4918863
3205246
5914816
4634532
983758
5613236
8090181
2978501
2914225
1100409
4035358
7109382
5792910
1764493
9447755
6960630
4975984
3397207
1152799
5085371
7056116
848936
9588555
6531719
4219396
9261470
9095758
2042826
9976175
9404168
5487063
6124372
3595253
3773179
4821427
8543335
9691677
6387559
2916558
9550110
1685160
4602334
3993947
5160805
6689259
5286514
9888838
3534452
6399482
2052055
4274819
4303012
5148657
5682701
6926481
9281606
6172164
3309002
3356456
9036277
4330101
7331299
3976902
4439430
5337768
859491
2892139
3668613
4897080
1197684
8717565
6630641
8834931
3185896
8887958
9896843
4668729
6802375
5600688
7875004
7706277
4438152
8307586
6399657
8202189
3038161
8169484
9294858
6937095
6019354
4780815
6715277
3363104
91667
7655440
8724084
5576657
4264694
3476546
2512924
295926
1669734
7718159
9877605
7672617
4332282
1629386
721264
2322727
8360507
434055
3368144
7686017
6762681
5793916
6863951
1484333
1493902
943727
4883484
6582014
7472213
5896096
4639122
3050544
8447179
3479311
2418385
8864731
1767614
3221304
4221930
8230672
6755286
2344371
3094401
4837889
9346530
1494980
840609
3480328
2867631
5673508
4420918
8293889
4362218
9351064
6652750
9006706
1332674
540774
4873573
5307349
4127189
570872
7878875
2778090
1437836
2059863
1456342
6096255
7841679
8159384
4174293
7496627
300575
4319308
8398980
78218
4193143
1582307
7686265
5458340
2434008
8125375
4562486
2794264
6715243
5706566
2615522
1574839
1766856
4219351
2126287
3550406
4338032
346404
3373804
7467618
2792798
5160913
3734703
293116
3610211
1595233
3735184
2898543
6606123
4861906
1129441
8759085
2628485
2181885
9655213
5542827
6835966
5897642
1344519
6364528
9310150
2490472
4151408
2516941
1253012
5303118
2912042
4592673
8083908
249854
6244385
978818
2243767
5240838
1434835
1415261
4692341
9424095
5295890
5296123
6847798
3729444
3722562
7093934
3661304
6400998
9304923
347237
1847812
303643
7159301
8040324
9122674
586006
3641657
9542895
1005348
2307813
7714336
888032
1692313
7371844
7416128
4629334
5579674
4183754
3956671
1555480
4812208
9111374
5002946
4016622
7794112
443020
9571481
9084960
1198743
3910511
4664003
5761208
8094954
8814791
8237024
9503770
8160571
2098243
6829406
7228936
932487
42871
3376159
622840
5080253
4661120
214362
3186215
1779803
9464589
3505922
9567007
8036642
5351786
6136550
8676822
4297052
8278731
4700436
8590285
349196
5397125
7091612
8226498
3866140
2140815
6870135
9853365
1065078
495850
3459385
8223281
7841105
9573335
6814787
3103664
7257579
3089286
19991
8745496
6396279
6931015
6220929
9951386
1680017
9687783
7686528
2684226
7147508
1650362
5056932
6361588
663414
2755009
8154477
5814943
6623585
7411538
875516
7070064
5908802
7263037
2083149
5686841
1644698
7907238
8385916
9812313
5158144
2126822
7789047
8536268
2863191
13098
6585191
8219081
9386253
7817229
1895109
6908428
6144253
3259236
9678127
6116156
6577354
2293527
2819878
4203680
9022293
9888580
7604518
8482916
2869843
5801886
6288054
5728958
2732786
5103200
995785
2983028
8136099
8898253
4555548
1283
291931
8921456
1024531
1686990
3974117
87183
8222281
8652683
6983441
6540798
998992
4253842
4977026
2282012
7531629
8775525
3074199
8249470
5162238
2542183
9500054
9077091
4622258
2409023
3252601
5873323
996329
9042256
3818833
5438595
7179360
3918694
1064575
8935692
4806593
9249293
8381952
6509920
2958013
1928380
3719258
5125502
9989975
2861484
5397113
1310168
3875413
9643687
8089447
7482042
573354
3509157
7992491
5966404
9977491
7160207
4014949
3858885
7054048
3967227
978315
8026153
5480432
3544946
9755122
2155369
4178702
8319558
7821534
602495
8961340
72744
7016120
2477857
4589591
4515322
3822844
264192
9498937
8836276
6446505
1571279
2847827
942660
4385689
6025949
9771066
2061521
2213788
1480372
4954173
9747843
2439007
7347827
5115784
3854113
8067115
1988669
4029276
5530684
918927
4748242
8282966
4938170
825165
9037306
582664
4064222
7382417
2478834
2439762
5791765
9715586
2103536
38174
8214663
983894
4272040
2199624
1765161
8385208
2835886
5884233
924275
7345591
6615719
4138986
7020253
899814
274992
9485427
3077517
3104574
1755067
1034086
10184
9799948
6048112
7099084
1111950
1481382
9117820
438331
5013976
5146595
9255241
386399
7504596
3915156
2376473
707507
4136199
4502383
541599
3469074
9068337
8277613
926223
7096490
6440003
3832677
3579463
8790127
1675506
2190027
8435591
4640765
55236
3540505
697636
3156766
3566050
7222944
5606946
6818830
4867711
6837588
2178232
9256732
7110881
5633676
7052418
2511685
591636
287347
633076
2616548
1796837
997871
1368040
7955267
7988448
2852219
5939494
6998651
2642700
1650483
6165613
6607146
7754886
2603747
8739735
4996044
1439021
4181734
5716598
562159
8980301
4349107
1367151
3322468
1679900
384761
4977369
5234394
8036903
1913539
3898246
407347
7949209
1172409
2315394
5616332
5958307
7969311
4976306
3872941
7896823
9577829
5265041
3617535
7869458
8392817
1747491
5483121
5532801
8043239
4520583
5302816
5886870
5392514
8402157
6753673
5139677
831626
9911549
1271422
9114138
5246647
1224381
1495348
522103
9752521
1337082
5220036
5130085
4931757
4133405
9605181
5726984
7185618
1260305
1865042
7199447
97899
7289382
2143098
74604
6803841
1338572
2490566
2692452
903634
9526934
5746739
7757160
6168584
714259
4282111
1691461
4462878
2131653
9629774
9106251
9779756
1241166
7389502
7819588
2313929
1602708
1767267
1597987
1040528
4957625
9225194
485010
122008
5789751
5501133
96556
1137225
2099326
1408457
9504864
2154221
5111876
8666586
6140994
5758189
6067688
5203454
5558907
5352200
8625814
8455520
7399701
5358229
952384
7835572
7591431
2037153
6871005
6918909
9413614
9670324
827782
4858473
316388
1661025
4205022
1743085
5289125
9851155
2910721
5168794
5158965
3009533
7334690
2975840
531072
6183548
9998190
2176183
2825112
8378192
6136776
1375666
6727284
6361983
8588100
7025287
7384266
8938204
9090524
7535929
6265517
8078953
1223596
4107062
1726175
3843811
9448408
9610414
3754916
1725073
8967592
6824244
1869700
7693561
6573047
2508407
6827659
8800674
5952475
9323392
7571976
8906032
4076029
3501405
1968508
1758083
7217565
4633334
7488311
7957859
3026161
8725542
7230622
5090264
5940419
768354
4168797
5442904
479765
6923521
6836784
937265
2032874
6764196
8803341
5944298
4063437
3335536
5249362
6824445
4947452
507245
6691613
643686
7975480
3660974
2059173
433304
8938778
2351226
7432742
4184488
735548
8197670
6861995
6466330
3453481
8801493
8265542
3908277
43035
8724324
9142869
2646773
7328462
2821350
8218382
148622
3274730
8286387
7897188
1479661
3393844
9564764
4342458
1737192
2268915
2227999
8204317
5522616
8696527
6347572
7591063
9853777
2490661
1012548
6175475
6958276
4740342
2144119
2284549
4805410
6375866
8768132
8040105
5150385
6347265
1087190
9605800
9794913
3428538
3196819
6240637
7490277
9808346
4197574
7308468
5101790
3247010
7333889
8709338
9649534
3449648
6975911
7520203
976769
5958379
5672705
122280
743228
8345275
2034211
825750
3495921
4866904
2812778
1291754
7291037
4296517
9477915
9807975
5725713
5904695
9992206
1101596
6042508
2372197
6838890
3320384
7639935
4080988
9675572
5213183
3069779
2536727
2892357
3962284
4970212
2339606
9490754
7207715
6592276
7456254
5857236
2682861
7260742
8264524
5881867
2530521
9529596
6528244
3867735
7571489
4553105
7250700
1044306
4493370
9778313
1175311
5974618
5473726
3589781
4702109
6300008
6739572
3965812
2688894
4353647
2029335
6034591
6513417
8412690
6017663
3541632
6085043
2719393
4666672
8636752
5666320
1208500
5328788
5194647
2706873
8872730
835691
8138150
7034234
8892048
143550
9679346
8655966
6937352
8603166
1266143
8836767
7361777
9920819
8429977
3228523
844899
1448096
7136682
5732182
7567959
7144862
1073683
3951017
3943375
1929498
4911365
6406000
7767663
358756
5646033
8047667
7985649
7875201
3472164
806693
3098378
7829212
8017603
3040585
4114973
1753539
5070699
199453
2251596
1478614
3120240
4817231
845902
706862
372979
5921361
6618126
7139955
2604865
5496543
8092525
8211628
4237936
2303941
5277029
7161832
2828348
1825874
1474007
4724908
1441129
2356318
9078300
3896647
9335523
7661830
1098252
7744060
6445714
916989
9832536
3839653
5205023
4811521
3561281
6566530
3249196
5353981
5241096
7194034
2343177
3284988
5470740
565259
9857286
4319180
2678088
1071525
908720
9818814
3406301
8370945
1142427
2788238
8764055
887546
1894163
7267958
8028377
585551
304213
7227649
8873820
899530
5719618
8202724
3705713
3193546
6767674
5240176
6934091
7704667
1561048
2203072
2918025
1325748
7383055
3799112
8407121
4739114
8172333
6212037
6495723
4464573
3412682
9933432
1931590
6203533
9279935
6947703
2006314
7765673
3666239
9358542
7277252
5093131
7829160
3924013
7780515
7924325
616626
1337911
8131599
83264
7075243
5906804
8622627
3421850
8024323
6933609
910672
5155798
2685892
3259782
6748783
8361019
5123961
8527015
6704980
6027254
7534995
9314687
1401802
7401568
5466203
7289941
6663890
5545420
7094915
2028596
8316380
6587355
6235101
5066458
2693172
1913834
3479096
9993178
80630
344928
4869587
1845509
9527353
644083
5027404
5722874
7098974
5160767
9301303
1374668
1224638
2320500
3743120
4408244
6163457
6382307
4737078
7922495
8840437
5491450
9066319
6205268
3863006
4009313
4525673
6963543
6578142
3553972
5698025
797164
2028586
730917
7961168
7559288
8862592
996995
6796686
6054239
9358944
4008702
1174717
4513770
4923561
9452841
1974236
5497533
144256
9406116
3647881
3708214
6443418
3761021
9614358
5188245
8941038
9917716
9094617
5838467
3825021
7919556
1928993
8333871
4290364
2674521
3315921
5872248
1685525
1510339
3265487
1789892
7910451
7919690
8233240
1311391
6707621
9903728
2867451
8576932
4866533
7717229
9678021
6169658
8106735
2258681
1875092
7471455
1337060
38274
8892201
1593892
5191347
5388943
7241410
7829202
2506845
5398516
5013864
3180416
6887448
8826803
4847999
214333
3917709
247746
924564
5245024
6366536
8739535
7472835
9173005
3491601
5474820
9216721
6889590
5793518
1037613
23519
5138632
4010439
7458573
8576506
1738674
1885654
251861
6003308
6256515
7831315
6710585
4314103
560502
1531752
8803996
4563527
9314678
7486240
7500356
7234552
579097
9035858
974761
2045114
9441189
5672834
1268854
9280788
120627
1366028
4202974
5669428
7067504
8923662
9308446
5656621
8440560
5088356
2135797
580569
7593786
1189134
9127060
7112454
8697347
5649675
7699962
6276931
8272690
8174449
5685259
9039606
8515332
2612068
4337383
829300
6889481
9394441
988225
6352506
4423553
6279551
8612625
8588929
1413709
3510609
6000737
704641
6646745
4129986
5086989
4266729
7138269
2098077
3086478
2133035
4817703
610640
6867712
2401703
9164410
2286742
8455952
8705453
2873313
8788741
6799624
3883336
4676075
3478246
3527729
673137
2253530
6981940
4855188
8768950
7330580
809159
8527077
4093829
4843904
4135911
4571280
5993363
941840
6031025
2900706
371457
5402681
9551257
6031902
678949
9185177
8304059
3521358
7339997
680273
963233
1296881
9826017
9942286
8251314
7474049
9847910
5502871
6668362
9731022
4171158
5051272
4422049
2772353
1556387
7988117
6416891
6563152
3438021
9800971
4219769
9305509
7162503
6434375
2963901
675036
4792042
2038271
5962614
2570300
9726916
9040290
912285
5106368
5325670
7513470
8518356
2347973
5655844
7751738
9808707
1883268
8523125
4097411
7226739
1084022
8257579
3784964
3580712
3669794
8496946
6187199
6050284
104000
4083661
5251406
937270
7969122
5493534
6167982
7342276
6479861
462219
6049967
3835494
3419609
6792573
6470524
74145
1858208
4883981
4607421
8182703
9944088
9143015
88230
4871489
6772622
7390842
4040218
4384937
9999289
4460027
4778811
8094875
8032878
5275413
2777173
795418
1751590
4154550
1956524
4761991
4807450
4597712
4214170
9125973
5973921
4968297
6496282
7769930
3873605
1039828
7092074
995643
9495034
7178294
5383518
7401509
919884
4776840
8051680
3928011
7216610
4446809
1274761
3150326
7079704
7833501
6468366
6534205
4302725
1490254
8868909
5633220
6175080
1561596
4071396
1273286
56559
169282
3985018
2954253
1041212
7734109
7476236
5842653
3613749
6364650
3519788
9525358
1163075
6799591
7692561
6055221
9962535
7717983
8232390
3749485
6777084
6067531
5195997
228853
4750197
4619023
4833184
4569334
5911160
2143334
7203943
9064712
196935
9941792
5420846
6097484
9625915
8161053
1147120
500579
8644697
6479056
9752431
5563555
1243869
6177197
9361489
8748273
4136182
1705581
6911613
5230153
1543941
1597536
4507889
3066844
8009731
6233789
1211215
8515241
4880867
7089611
1173550
7846860
6742141
8727837
3949355
5208477
4943618
2479905
5628837
2681103
9355909
7988213
3318496
7848061
2481471
4186487
9735250
4865988
9370523
3463207
6095158
2598989
1986137
465504
4445066
2764093
6787961
2461079
1709649
3847934
1334078
1803891
6019987
5608743
3923653
8893717
473612
1193975
9430906
9630967
1278803
3354918
5755111
1856306
7079761
3248477
422682
9166725
5839051
1286293
6491568
3394081
151843
2508278
5342211
3887199
8953512
1693420
7732862
5563402
8783667
9486996
9873587
6641247
862823
5562669
1466594
378706
210524
8228031
1196749
7321519
1844622
8267370
666763
2993926
5878230
7087008
4789678
7283641
5567539
8081736
1602932
9521744
4244672
7295558
3406498
45571
5158799
5105180
2070459
5821114
2075053
4061323
9530430
5990811
1231907
3477460
6889734
6994837
2907057
8450380
2460548
4365088
426810
8403597
5397945
4313134
6413407
3194997
9086309
2187634
9212130
4127073
7222258
3919823
802229
7081153
5249829
874275
6551279
7157238
5146905
873165
6836331
3880731
7833458
9109146
3300347
9797685
4690161
2985477
1148038
9899346
980414
1862360
57413
9173904
127193
7724257
9097759
832905
3814270
9659491
81161
4093035
4120676
6173194
8324131
4895554
6910520
5100801
4554278
9085145
5074220
9874612
2342002
3673575
5394475
6914279
8069443
7715681
541262
6437363
2960761
7563300
706369
8100489
4512373
7569955
3065325
942314
6709503
7426077
8212800
2714577
2743448
6914730
5676023
4791634
8725293
745669
7553193
964548
935263
2170688
8884863
2647670
3775882
3215745
8609510
562339
1331848
8634624
452446
8744069
1458190
1593679
5680740
7502781
6450628
8515818
2000488
9806773
1038339
7492051
1878269
3571047
1027997
9673639
8273772
3428803
9743771
9744238
9927670
1452165
5133397
7280562
4727261
94605
9256001
2759649
5720877
6951506
8089416
5883369
5269457
7366367
8941142
6631412
1589594
6366430
9232375
5029428
7386100
5248026
7012744
8950600
5831803
4576414
4582458
9079035
4143085
1848003
949270
1028566
858668
2928349
6065864
1910471
6068443
5673308
7209166
4129507
6976186
5758835
187407
549055
5429421
1435657
5721094
6741072
3928589
3225923
115974
3547784
587280
5451571
3751377
6332601
7109902
8690443
7351554
5684002
2365099
5083315
4418347
4971136
5330051
3634029
1406258
3564455
2645202
2665694
8358537
8985042
8601225
7170767
9080991
2544848
5230479
8337566
8350702
6719663
9521204
8879791
9075562
3763315
345240
1073055
7199031
5913545
2948488
7015595
7757580
8703649
2932675
6474488
3863471
9152447
3905448
2308291
6933296
9007983
2310445
6200058
5248042
4554028
9585731
9423174
8182831
4508088
8976776
2089805
8361979
4765977
1370621
5488232
2483047
4261039
1525529
5567010
7805258
8436193
8361951
8137140
1028605
8308231
6283820
8237956
1853942
2008833
6812222
5072188
9553370
7056159
4764919
7015549
7767005
7957210
1907856
4429652
9770350
3319661
2948698
1889
6460887
208885
9693691
1212457
6862322
1163781
8117194
1339965
8631878
3165120
1133130
8433272
9149022
2604858
9196239
1651075
8095613
2088726
4769506
6620438
7031425
5173458
8089567
5437370
315195
5436254
606634
5650382
944172
2846634
862657
7690855
441557
7213989
121579
1264139
6826448
7571665
9985058
7120069
7857105
2655980
8221823
9973371
88147
7616066
1475161
4649377
1386689
5114760
2210780
6196160
4799940
4867042
2980282
8076258
915333
8426895
3957368
545271
4441022
1753825
6758950
7580597
9288700
5959478
8431426
8281830
1894703
9812903
8518658
8701789
4575958
7080383
581562
5475312
4841929
3054681
685639
7153911
9897889
9558618
1032938
409186
4204183
1884128
6009949
365446
401758
8665232
5609062
9846049
4310575
5951152
2367544
6662478
5061074
4135381
1476184
6758661
1006169
838510
8412044
6964568
1107903
8210039
6071733
6562383
299166
9451728
3575158
2410410
6723906
2661103
8636323
5054475
651945
1618636
1278214
3412762
137182
3149862
7571640
6394747
7872060
5156003
5314343
7725479
6111639
7642253
1388995
9404392
3442866
1940293
4220861
8335115
6920493
7314359
2365708
4128557
5750998
287076
2029421
2982427
9360577
4912717
9700196
7978099
4179990
2443671
4155086
7883297
3467792
3005130
1461270
4713779
2220483
2249758
7316487
8855481
5275378
2466272
8855172
4793713
5359551
4399241
9109270
7364976
7931036
4721623
9248553
5827850
9059955
6722232
7473045
9604442
6293525
3602826
2127856
1251642
2569806
9438375
4717446
1219740
3139361
2893407
4748709
6095219
400014
825232
9677098
8570041
9632375
7981
9620155
7004920
5186318
9133499
5361388
9519348
2539709
1897501
5689908
7633377
2494634
6162669
271379
610880
658220
9452589
2568619
7311908
6571190
1359250
5108542
6386373
7504570
5382627
8259351
3602699
4610017
9351083
6814811
4041016
8074884
1455571
977314
6455975
8534686
3244628
9356310
9090087
66774
4432972
5847318
2452328
6186498
1995148
7244084
176533
6891541
7266549
9839900
5611796
5564163
8989636
1901430
9573011
5869417
1075771
9442345
8671038
6646456
6904680
2124931
2344556
2474351
3019976
8883973
9006369
395504
2285861
2390882
565551
32420
4173115
9144363
4550154
3811767
8603437
666558
722076
1298002
7512596
8413238
4386225
277465
2482860
8171100
9210666
700828
3858796
7767992
3840049
9978106
7331386
8519636
3486292
5871649
562769
4858674
2795874
8141031
3648762
8168453
8117410
1002727
1203671
5501177
1449733
8241805
1595681
614481
178683
8916482
1465074
8745686
8447622
8916007
6364494
5241855
2796057
4475720
3161849
4696112
7994296
5561610
5357744
5674315
7333030
2315499
5101345
9949450
7351295
6690105
7844872
1531965
4952633
6088673
6465557
6917429
72758
5922339
9852195
4437993
8547500
1281348
2295135
5646082
685993
5008393
5496406
5061738
8756912
2772732
8238525
5830207
240496
5973233
7078711
3776892
3373920
7571415
5502355
3837237
9950127
4932533
9259836
680960
9677989
1586591
5240283
4118149
5534359
7451477
4812731
4850456
404679
7421403
5803894
2101105
4361312
7873339
7909155
4274146
7792006
7897424
9355884
1431367
9262761
2449760
2392707
6024712
8469105
8104253
2668711
2280044
4678689
2143877
8484155
325090
1655163
136962
5119301
4690069
251286
615899
3132073
3250930
5134715
8080298
106570
566177
3701567
5746734
2894949
7708382
9062598
5924821
3090755
9537147
2615094
2897740
8731887
8602803
2232024
6402859
9739176
2550957
1230188
1507641
9101229
2818821
2778006
3730466
7573869
8225084
4716815
171127
6105815
5210930
4336607
7362319
1351622
7429257
7062397
6799454
9187276
8455836
8750042
6311473
3803603
7617436
1081866
3867796
9294033
6879036
1290099
6376589
5629106
7682720
5132260
7860880
5076743
4945565
6844619
3454289
8373592
3855948
5714411
3232842
2897803
1109255
8581990
2635626
7209064
6577747
8759754
9499553
6093143
9311100
191451
7286136
3502597
3114792
7788642
8367824
3928505
3046127
163077
5729796
7504989
9237637
175667
2341009
3852100
4490494
4733073
5858907
1707061
7128485
8409142
4182055
4579671
2296914
6350409
3103104
5631327
7815531
1023874
671106
857824
6342891
8052921
7046320
8721822
4625314
3451629
9272856
399938
9270091
4392647
644191
2881259
752279
424544
617654
8814447
9527580
7551346
7176627
4748872
4287457
5724986
7750600
7018468
235453
8727540
1251889
2072262
6350920
7872155
2782679
9314464
3421225
4056086
6750088
2508295
6696926
7121675
630398
1158406
5915860
5853570
2745181
2151684
2554848
9325794
6177164
3444269
5315823
2425058
1895404
4004681
8748154
1417476
9055590
8763438
2318994
3731291
3850952
4796942
1340789
3843664
7115111
1415886
9714299
2857622
5819092
3469287
4978039
2895100
6895117
9410989
9021582
8499073
5511873
9415931
1420019
5428622
5112329
9161121
6485825
7598135
6874041
8748084
8705588
710703
5579824
2171728
9953793
9690989
7144330
9734555
8798123
4504481
4845695
9393230
2982614
2591907
4813440
9079277
3999867
3269447
3138358
1058556
8314943
6584056
1082888
2349898
6207124
9931672
9846646
7582872
1278439
2296194
8923118
2563997
4675531
2007271
7900004
2273808
8689293
9000381
3682686
8329093
7617976
9387828
284462
2377259
739612
1227014
3053117
1251616
653510
5826724
5473649
6560673
1464061
6796393
4030754
4309114
7940032
6259633
2698836
2055991
6880883
7379840
2153203
1012668
3424689
8452707
5890864
1182664
5551354
2927125
9256112
9897114
3265175
8512553
4222554
5445253
1205210
2970861
3352502
1931532
5272921
2423226
4253905
4697288
9361318
248312
2015098
8864276
557740
5354807
3426019
3922467
4655925
4028241
9735958
2221160
9214777
5607879
8446888
6430113
5572137
5775906
2983725
531813
4674305
4244170
9823878
6253039
7274475
65582
5783886
8868368
1916040
7745907
6617274
1311270
999294
6774502
6103284
8561886
4565561
6135571
7116329
2634175
231628
9110302
6648834
620555
3934723
2889602
8347650
1037403
9335750
7190336
6095622
1262670
7922696
4880492
3927510
2129240
8732244
1059853
1063302
3887423
3492477
1655911
6842330
7717635
7339913
5009290
3817928
351421
534967
3965525
7943313
9462795
1192101
8746461
1083665
7041727
7867470
3122142
9172332
268024
8799825
9523245
5881535
3289469
7661377
9968391
4658365
166719
7715685
3847034
8221746
1359533
744623
9400605
4484262
3808756
4740544
7717495
324721
5803444
339018
5790709
6811907
6900798
2340855
9406872
3125696
5514987
2507514
6616795
184260
1694021
7521525
5119572
6765904
8845178
7902520
4392420
4884629
7635629
9610056
9395779
693166
5144270
9714522
544650
6134406
3850379
8624738
5049054
3437639
2286343
9952541
7028375
4336715
6908680
4247882
5951660
6131402
83814
8621404
8303806
6982873
3481567
453676
5919673
1524634
3283674
3553819
3639126
7430335
5064030
801585
3209416
6048566
7879873
2279810
2447204
3101812
6866664
5310501
2289423
1455312
6553610
8160381
1240710
9492418
7011526
4115729
8696416
9125231
6150583
5923307
3029714
8265843
2543583
9582629
8462465
1258505
5747773
3096569
7907949
3484212
414510
1151952
7591975
4113741
4312352
9763526
1621209
6123234
3285347
8281078
4052034
3139032
2897992
8737743
5625994
3531339
2257190
2830765
73570
9098838
2731241
9084445
8403425
4854903
5551556
7642912
190003
7722666
8664304
5096732
1915553
3193076
8927558
430852
9103239
5240863
9140954
2896667
7003752
2616554
5455252
8242389
4143023
4666351
965340
5390817
3014549
5165980
7487509
4766677
3431663
9695867
4031309
7243085
3227287
3062217
6478329
7615280
857792
8669447
1033866
1052431
9750640
6889914
4233303
7639563
5745613
2336387
8712791
8738269
3837510
2888917
2957689
8495824
8460263
6598738
1269084
5435708
6328649
5352852
8918102
1014887
7564995
1371690
664756
244337
5812673
7438040
2637307
4578871
33390
4393875
2212853
3103086
6901542
5077319
9946762
1422818
2881706
7021133
8021109
6853798
8898975
3772050
427265
1616599
6987530
6100373
9802733
6433395
7370611
1034394
247093
14366
5706795
9237916
5547551
6551581
4184063
4181331
3674139
5993438
8881471
2309391
8057621
883581
2251137
6432815
1525281
4761918
8292581
501493
8789194
5521107
2007589
6293480
2865747
4860859
2701081
3471243
4876112
8974310
857097
4155241
1726265
5665391
3046163
6192176
4268804
8358883
6443123
9447015
2287642
5695098
3266541
3875740
610545
4597267
556974
8519213
9833345
2289312
3317670
6691186
65884
8556133
5030230
2671523
1983537
5472838
2336092
4323400
8117427
9914593
6458391
5799838
7921498
6394495
3800847
7389564
6221741
979255
1205366
7021552
9809377
6329584
8082698
9459996
2455583
6543345
7506510
9256642
5220387
9855678
3524751
5352659
9222215
4613970
6952707
578761
4456352
3200436
5090092
1822764
8777887
1556719
3741366
7294416
7095266
7562063
2231593
4808910
5420603
7075620
4405937
5303076
98657
121773
4119553
9284999
5720454
8621302
9998180
9795598
2288774
8664133
527993
1650499
9368428
4518365
985308
8594494
591760
6430613
1990703
2628368
9003292
9480902
5865771
7338347
9404085
7376167
3461798
4181867
7798025
6227243
502383
9461493
2764127
8766695
7679112
3448740
654979
5713075
4628108
9101958
8908500
8283423
7698074
5551290
4516885
6998716
2554717
2946282
5057028
6106785
5470282
2803082
3935446
2969474
5149382
7239966
6287591
7971413
668605
9737456
6611476
1813385
2616751
7317232
7341371
1714221
61717
8906079
4377620
8916952
9536409
8281027
2036287
449737
595187
6518146
9111163
5143391
9484680
3777330
771702
9754739
4535655
2494963
4695718
838819
2421224
9111969
8470025
8410021
5454964
2892131
357091
1338520
3515357
8903083
5434900
5120388
6491138
8670303
2684221
7296323
6313730
1684347
1466092
8740690
9240153
8273935
8160490
9913834
1499338
5858387
8456016
3955325
412174
2917361
2528351
8157252
1921760
6212984
6989977
7280290
7502897
9625753
3904137
2889968
5093457
6359749
2074448
1060073
2353110
9542839
1338420
3947496
9033586
6711738
6406492
4368506
2980838
7096135
7158806
7907047
3817274
6044957
2557319
804441
4648336
9497984
5317239
8020873
5044432
8583399
8032587
5683406
4313667
8486992
4984557
5603026
3375427
9127321
4045410
8068325
698215
1506432
5347726
8738730
7511211
3442062
7394673
4546319
4408157
7752471
2481285
5296832
8399282
5211421
2334980
6777783
571804
4533768
9392095
5644924
4999473
4105969
9284382
8545374
2224363
2494785
3902167
3264577
2763749
857373
7757203
7756183
1561557
7786522
3262614
3239335
3158917
3556442
5979881
7284451
6578239
3925556
6080345
64465
5855337
1915883
456566
9749823
2624842
3560728
5405439
1420816
173692
4697695
6946087
9256085
1554023
2044817
8864806
5663043
5438210
1530551
7460680
1277128
8413753
2986009
6063691
8978434
3156454
8231019
8234974
8154847
7371518
2737998
67284
604019
6280568
8225632
3769056
6813623
577576
3564397
5674604
3678839
5082305
9906894
6455845
7165867
1417395
1773292
1908543
7621816
8957722
8755493
347418
221063
7244563
6467524
2732083
2865223
4963856
826469
9161324
7492335
7238607
3637880
5300978
1932303
9400146
7545710
1117675
7565223
4619734
5034878
4170244
797964
4945773
9610125
113166
8665959
9159569
5049554
2634678
5975860
3533254
3009494
137603
1628350
9973881
9508704
6633213
6336764
4188085
4862579
7878951
1312931
6919620
7217852
1548010
738125
4541488
6770818
1738788
1165579
6277414
179420
3597880
7245889
1740345
3508951
5281500
8330967
5295552
5163483
6976811
6759332
7191159
4144423
6657286
9403667
8858586
6008693
4279299
6660016
1998532
4587511
4250853
4890028
1244590
1642493
5857884
6215604
1878854
9490085
2103903
145971
5271105
6837330
3613729
3724123
6690690
5663058
4398293
2578024
5812799
8753733
3319408
1290651
2760925
8966444
7004692
7434695
8591488
5302603
7298653
5514366
8110264
6724156
8790602
9980213
8867074
2484647
2252076
4134284
9871246
3388352
7508747
9855858
3480407
9002071
896026
2594635
1158300
791435
2472088
6502746
475397
4263676
867602
2110129
8176557
1318174
9969437
6112581
1209677
6013062
5881139
547026
4426812
3974460
4063552
1552926
6494652
685626
4658915
2495027
6290594
130219
6848803
4818472
4217366
4226126
5260021
4740808
165258
9115298
38167
128395
5012838
7438652
7152983
6960666
9994480
443268
3640836
4231794
373787
6255835
9096187
849647
9966577
2941802
5864488
1858675
2152502
2586634
159071
7898423
9963252
4901317
8788789
8317159
1935738
4514628
3371262
669278
5231464
1798618
2467052
209851
9987484
7133989
9674742
9245637
4069964
887554
5485905
342208
5454787
9449736
7181660
9620341
774925
4572513
7911665
8732608
2932016
7660790
5582079
4013626
7937059
3069303
8094366
9879867
5769176
6742572
6803063
7766247
3997551
4356531
8685057
4620669
3923207
639829
8214631
591189
498802
6704915
4432866
1679694
9192343
495836
6376554
4145489
1865615
4365479
3960999
1755736
6635430
1137537
9939350
1064213
2788329
2472958
578747
309784
8251189
1738416
7956836
4288351
8082365
345769
4888797
716907
4286833
2858729
4373577
2349446
2570954
5532461
8495702
3057858
7304193
1803462
9366256
753212
5915845
7440727
8679461
9786620
6336129
1767362
8979565
9332587
9049074
2256436
7829426
6614352
1323818
8635149
6036817
8315535
4278179
7640110
6249427
4478541
691619
9935882
1319710
3488166
9392749
7117317
2288526
8991785
6594836
2052520
7287838
6955159
8426406
1725617
3034444
9160526
2035770
1785442
3463411
7731877
210662
1561612
6118894
9382783
9098437
7645594
2224306
9892490
1970573
3286227
9867205
2155478
4162380
8701024
8012634
2076313
3319871
6291221
5221387
5510553
9297033
2925603
9574924
5054832
2093868
2847415
6315870
2468045
523703
3962291
2425596
9169954
9371610
579293
7376348
3106043
2928164
513075
9359772
7536447
5513848
1553553
9345610
1823575
2332217
9958759
4291983
7436869
542830
2705363
5748582
1653976
6763204
2395872
1891482
7159593
1352428
545208
5327702
2550606
8896139
5466628
566938
8910589
9984464
3602010
4552170
7768455
6646616
3641662
6394540
7975294
2018543
2017429
1089987
3106816
4478472
9333997
5202401
6648417
1362952
8326970
4752092
2131709
3322484
6297722
5734744
1918545
1152646
2221420
295746
9130464
7494469
9531805
6297368
9203764
3160677
4294664
5745163
3303736
2236605
2501359
9584521
621896
6935822
2665902
56900
7417741
7496149
8425915
3802190
5358952
190936
5593963
1216468
3590686
5233783
5760109
4251862
2127095
3470410
1578966
884559
4996115
2542474
2446830
440577
7480683
268868
4593241
8825738
5667053
1785745
7286157
5657820
474226
9235157
3197121
6959482
1028986
3739381
5107530
5993253
5975409
6767886
3473255
2060182
1054717
6478871
2145532
6594127
9752373
7224052
6833120
5647597
4485058
2808430
8943483
6764524
3132116
524682
813613
2057530
6922251
5636824
9539326
1415931
8071839
3559587
8732204
967237
3823893
2395002
31643
1525189
6767153
8406767
2046835
3726955
3062136
902689
8984120
7318774
2020866
4280062
1430203
6817718
4827531
6416010
9295330
7059054
9366575
2279402
2927060
252642
5908845
3330738
3858370
4665841
2395398
484401
3314191
4716633
9201438
5294490
827420
8899398
7210011
9442579
3437308
3378128
8800955
8218103
9252387
7310742
9153452
4363848
1339959
4166499
8613275
7586432
7653269
4435555
3657203
7336648
8875381
9228609
8271519
6266359
417367
2021265
6285271
9450975
4475634
9939134
8695086
6568833
4952726
4850318
1213810
5093871
2068917
5446621
2433486
1522120
138159
5776138
9599401
2089567
8385655
9232155
5265916
1596442
5037742
2801146
9452337
51421
8787112
7406612
5406171
989358
8763845
1139685
7671508
7910816
7248784
9005573
6544910
1821274
6247789
7151746
7862954
9602066
8767155
8243313
4750097
8591529
8425024
7114054
5622449
1583007
2199669
418216
5285743
8984276
5670625
5870158
9319280
5661425
8681669
7893259
7975044
3460307
7030373
6174494
7380375
8757849
5024427
7598609
9368299
6564838
5310851
3974468
6576959
6343646
9209963
1453756
9266156
3298253
1654852
2093540
1628469
5167351
7536492
6792271
4091424
4267407
4552666
5995467
6061629
9655374
8205682
4575291
70037
8738400
9353350
7408931
7622670
7058796
362094
7454477
8067138
3557154
2223777
2312414
5669498
8144172
3438638
4767776
8558768
4521115
8865338
1998829
9316935
8404128
3566241
7270299
2153457
473176
1037910
6315509
6248659
3399953
6983753
4932252
7577464
7941908
9577544
7081494
7339988
3732615
8469967
1544845
1274353
6150489
7169299
2762809
6100455
4656583
3887763
2410063
6921191
5705437
9261235
3390938
8973215
5500713
1769722
1401321
2845364
7839296
6537453
1003994
4974180
4160041
8144035
6248661
1306662
8986737
9307870
2183392
5301853
8939987
2815828
4312770
3353144
3646443
4048902
5986868
2761756
5742618
6226273
5730926
6784204
7262266
6520107
8786282
7572393
9858026
3879896
5848728
2250140
6472223
4472565
6181818
9991980
3300658
3157462
4969380
9314298
9343885
4993090
6982102
8370234
1810092
5423017
1694823
7952734
5660497
6775625
7605787
689566
687998
6911571
7883873
1552084
5595151
1233546
8504531
1791417
8732033
7024877
1087424
291950
9083294
4343615
7765017
6174385
4350485
8481682
5100975
8228695
4973569
3999282
6611145
2398428
557555
2606311
3328290
9857538
3668452
5201590
4929145
4764418
6558878
2909980
9114076
8286281
157077
4035063
8656174
7046625
7688062
312317
3840008
7466151
2402444
7539778
7557554
2164632
7863801
7692187
9937769
3715219
5840670
3542704
2473881
3966395
5940434
3358644
9839577
3105036
6889482
1039765
8282321
8343832
7735312
8233970
2565965
2645185
3729828
1804567
3752235
9733894
4171340
6335615
5475279
864276
7084782
8342163
7763699
1471996
4177835
5799074
3215857
2407988
3524129
3123036
6563482
789325
7441338
5533448
8421890
5995245
9145917
8238553
6325769
6938502
1543152
50350
7097635
5751550
3886180
9784353
2744439
7976433
4474692
2763022
1066377
7058077
9146222
7899729
9605657
1424501
2687648
8231720
7478457
5650807
9055275
2502721
8388211
1859472
2971726
2019092
9006205
5958322
8295568
7521167
6262238
6713525
6207764
4608326
1333030
1201833
3153541
4794667
7889069
7379478
1453856
6296922
5809642
5537160
6010133
2762317
4030554
7128822
3537025
3552303
4593987
1687965
5389490
3472606
6545557
2808134
923378
6905835
6956752
5223863
3995671
7389685
9938258
2037620
2785182
9823149
2740427
4069904
8051221
5605765
3950734
2931407
2439093
5618932
2945138
7458825
6433766
5506300
923934
6863810
3842268
6326547
3607385
1631562
3233678
3790855
3036991
9047384
9587878
5091114
9003448
3216644
7530787
1368518
8455554
3460889
8613878
2893438
6149431
7488765
3941834
6552279
9360689
2719429
9099593
7253151
4315327
4864481
6897885
9852559
2770642
1558147
3845688
4229521
1160942
9904746
4318897
445717
1456216
9092163
7949472
1207316
3523674
5005220
6933989
9366899
480723
1373167
7068154
971085
606891
2506489
6866231
8495893
6587212
3035637
1932407
5072761
6928240
7627612
8555825
9869652
2524098
4014718
885649
5749514
5218227
9213945
2435890
2234738
6322934
3315531
9369097
5806176
6808916
8231311
8616996
7073355
7186873
2821670
6969427
1114580
9468691
1895804
3882304
9748006
9523499
6686691
4511559
5070598
891258
8895757
4750485
7848707
7767327
4865347
3146137
6140436
3126782
4973556
2205870
426202
3139807
2334403
5279751
4410310
6867757
4292408
5594926
7162213
1731780
6240067
9758252
3581010
3099916
9677044
1525654
2268977
2178467
9621087
1116178
2401000
333112
8047078
1112836
2164112
9799792
7336670
5493538
8867538
9601540
44799
6774080
3964784
9907255
1172146
2591324
917568
3807753
7685798
7383652
9092744
8877761
9096042
9559337
5580750
4605733
5378549
5979283
9009330
9088126
8272167
7936548
3574232
7640641
9746519
8652685
5536396
6500692
7399231
34733
5784033
8397233
7537407
6009421
837182
7951810
759154
3078083
9403609
107630
6547733
6783272
464134
8610338
6241842
4543560
7856327
5187795
4144168
5571819
421985
9574471
1800127
3828335
9356944
903766
1117956
794542
7120744
5021974
8956224
5650386
8869114
5187337
8231243
6856379
3268022
7006896
2185859
6463551
3283288
4118636
6595873
3596217
1431464
4751112
789448
3988796
1710754
6552624
5922189
5560179
4110493
6241655
7401827
9104800
7805382
6684885
6405254
6107295
235302
990820
6074073
8919033
6476021
3134302
8325675
5458615
9552841
7258861
11111
9636493
1192677
5321478
7295076
9774359
8404284
2947642
1787707
452244
3924244
9805701
4589646
1893693
7973002
2294340
8455223
4809938
7521726
1263321
6198001
6939236
3436433
1647349
6036160
58601
2549227
9976598
6881796
7285082
1401006
1377235
3970421
8370019
9941029
8482011
1774013
559733
2489867
1761441
8736632
6644266
3720045
5447762
7685755
841124
424340
8181333
829582
6733091
8427500
8674844
5846552
7805486
3998871
2026842
7619493
3924297
8877192
3351657
6703779
4971462
8603810
9205106
4850129
8126496
9408240
1417327
1892953
5487009
2573521
7584919
9513631
9471702
7383692
6759818
9032224
7411903
2133173
7019512
1794090
6440777
3338370
401042
442299
2758226
5996713
6462945
4118403
4452899
2310492
6886996
2579132
8529253
6213314
873506
8521358
2951178
7715661
9889900
8948568
1700064
5757142
4096043
2981761
6439114
4245482
2157731
1489709
44480
5117405
2778855
7163157
5653972
1123006
9882224
2811051
9743830
5092783
571092
1447454
8300084
273835
287044
3023025
3232501
56877
395587
2395900
9483927
1232685
3989325
3729380
6403883
9500105
9077225
8589406
601537
2429535
6763688
2228346
7791403
3511825
2122534
1676294
2909819
4993575
6067980
9280385
8601168
9591527
5531930
6277902
721317
7528983
2035369
9906228
1580043
695118
8168789
1815969
6310826
5330931
5150862
3205616
3466128
4412468
8511933
6420443
2703232
5639214
2173478
7260566
8183208
8890344
5488880
7820542
1770743
4143188
3328367
5326858
5022264
4153085
7979284
6417193
1919229
7336300
173044
9059424
5783383
3080604
8624644
5957087
376471
4138993
7024174
6963886
8677566
2327639
5502909
2895393
7420560
4628906
1239188
4713663
881675
5499768
1034548
653973
7891587
4410061
5985494
9013144
8745978
7723501
7013322
2859800
6241455
9673225
1363914
2916879
4762650
4927401
3605311
7931070
8180902
2671025
9020383
2765306
6378854
9557243
2559728
3367582
8826979
4174346
3926342
6789851
6950909
49981
3692481
6338647
7921689
3280118
3948956
9471309
9360816
675979
564956
1020518
4274510
6955385
6727751
5090281
1926115
5408208
8088661
8232390
6397360
1133554
7058947
682451
8575443
638857
3571396
5982600
7905046
8757748
3910381
1201089
6729320
2407744
1979616
691439
3062874
5143546
7421369
5851265
9336332
5283317
6675761
2617252
2308490
6849576
2957692
1383272
7747035
1744030
2037073
260202
1416775
7318756
7648661
6693443
4742439
4000657
5233920
8724103
7498379
8128731
6808741
2077355
9415734
966148
6593053
6673101
518707
1848282
4658038
8374013
5390821
1529786
5579713
6612339
179017
7217135
9865426
6035919
9593725
7181008
293230
1126574
8735103
3301680
1911536
2660975
2521387
6471944
1418136
8323639
909152
6377530
6597432
2977914
5338759
8808852
3384237
134088
3392437
2779043
1005259
7370038
7201242
2963015
5234489
9880011
1999127
4655400
9731140
773555
4572681
9758790
1929532
4989079
2452216
9694210
67351
2091278
7566672
5984353
7387196
2104079
3183048
2315990
5490291
7396366
4209241
7195123
3791095
708462
5634129
1328716
5835054
7375524
5960546
3401392
3145323
3475735
470638
7294451
6462315
5960210
4877918
865149
9811271
1089427
3587375
1384922
100740
9988102
1537391
8783595
7800152
8438941
7680362
1243735
4906721
2755098
9284816
130061
7499531
2500964
8996970
9772330
3023038
5710757
5092831
1152666
3038354
5419705
7447851
1129993
5896824
2467790
4127731
8725256
1517106
7278317
81368
654469
5998587
7598707
7556737
2573088
5384377
9135025
1443797
6834691
627289
352868
3512660
3585762
8187621
4167348
9504186
2731568
3590590
2480148
2913550
5708450
6791183
5946645
6950176
6654959
3740883
9442509
2002749
9732567
2362150
8414471
3716690
3869277
7521979
1422592
7203957
3013135
334263
7056256
9653561
3730765
2613948
5884884
7758408
5467004
9504461
8260574
4183529
3295282
6545398
9775163
4519616
9606162
4498292
555898
5107100
3051981
6933848
5788072
1449211
7804210
3637703
9047214
7770845
2861986
5537106
2587610
2607644
4863108
5758609
4658103
7170656
3739163
4552763
489627
8007304
4625555
8156812
9464943
2899919
8619256
5674853
5326544
8101142
4800425
5880958
8328188
6195836
2888410
3213956
6775315
311258
1581137
8050383
4915232
1630617
1305999
1068013
7863509
4629334
787820
9722545
4710118
8452024
2466310
8634972
1822714
9179486
4213884
2971237
3331571
6993939
9266350
8788309
3146937
5169197
8578227
2930092
7973548
4473165
4369782
1582588
2733143
9198657
5624813
911250
439284
7847280
6201839
8382745
4455985
2156758
5217486
9719143
1657633
1118979
3924696
4195985
2667224
732514
1512293
5123608
9730663
1021969
8984650
1141781
4958049
5012425
8131455
8081469
1663110
2721326
4517659
3309725
4993805
4036746
5614024
9486217
4147929
5075563
3263026
3621545
2325569
9187391
132163
1083262
4023237
3913570
4899342
4181359
3529550
6448772
8904936
8805343
7065015
6101063
1224718
8912510
1319716
2195595
576392
7105195
7821773
353317
4714099
9459516
1801795
7580828
7645052
5387789
7722866
9723431
7988534
8080483
1572673
8503841
2127429
8879630
6747178
7862106
8862718
5997498
5692447
9560566
626454
8080631
7107612
8880099
6830602
2154503
6730092
2417344
1768007
9324293
5258991
5317119
9309692
9775706
9895694
9604322
2665391
6608194
4430289
1812142
5344303
9788585
5164635
7006000
6842302
8378245
7957126
4050828
3279974
7416763
8032540
9269518
1129675
1803633
4416858
8138004
7197135
4018909
2276879
8693506
5084512
5235604
2822675
3271730
3214630
8733881
3129400
308392
8241844
4742993
6864101
1574649
3065358
7934186
7953241
950816
1685554
9639979
7211677
8818489
1545892
8357599
9164403
7829479
4216899
7720666
2119530
4939289
5832180
7282074
173086
4938722
1234202
494047
98420
3175849
600023
6575095
1272359
4278058
5711336
8097730
9935506
937999
512007
108009
5062678
6199448
2967580
442664
9016109
5442856
7344418
4601421
6664410
7081374
1278644
5846675
4015871
9308396
9911218
9425926
3314570
4960525
3734405
1906444
5631846
3624787
7825021
3475933
4375657
8318990
4301108
391271
4159769
263797
3037346
9122846
6584969
3554205
365580
9998279
8089477
3376339
7647678
6036252
9668774
8442327
8331338
9214022
8603375
281489
6015028
4984393
2882903
8740885
7322628
3894908
2580761
8951563
6027071
1669436
6246728
2652736
6227444
3315620
5853839
3249704
6450279
7847689
4062481
1189902
4391067
7009332
6607640
9399329
8140467
1662754
2585682
8622897
9236530
4636853
9722891
9043715
3597611
9602928
8313040
6097247
5039776
3857397
2219708
8233896
829025
334110
4242737
3549280
7353718
4304327
5297647
2602968
5384456
8999079
218600
5233878
2971882
3973670
9646083
7584585
1219229
560151
1765933
2205053
572187
8822264
3677050
7471190
6764564
494594
9458835
7747373
9813084
1855506
4524103
6409540
4231390
1716693
6695976
5593664
9642062
1471345
3647597
9053872
334685
6461208
9265570
7926262
7250014
6371214
4503538
1582259
1984029
6955398
8558914
9950731
1764450
1608820
801280
8655438
1111524
606070
1606613
5161864
5271426
9118393
4929595
4478586
7815378
386034
5235225
6868036
3553409
3337571
5013740
8362240
7565625
4557780
5699915
8849687
7636923
7154498
1925381
5388054
4035815
5365880
1117107
653822
662638
5072453
7062367
7737214
6453213
7767251
5961121
6734366
9812466
1231858
257867
6389149
6097339
1131666
2246199
9216443
8467274
5648084
6049869
6008985
3132710
9371123
1472632
5929998
7795054
6031854
7578251
5806391
4449891
5241241
6830377
67229
3131220
8535490
6124076
5994803
986566
3101377
7394827
6787782
2027608
6500261
7413973
7814562
7952675
5074927
1429487
7227838
4906600
827409
1994853
4076051
677575
9938819
1907129
3378739
940763
8148956
1409981
9849393
3877152
6252429
8822296
1495577
9372021
9185813
1929141
7850701
7098392
7290953
6150718
5930870
8717434
1159226
3852131
7435513
718569
7335992
5065681
9971421
5599242
4619739
8408831
7818510
2236845
8970268
8475092
4252704
9916220
3413284
577451
4163445
8496575
2668838
6699375
591283
4503134
8299612
284582
1816127
9923369
6894925
3731487
867934
9407215
5339296
716365
7108436
1176150
2769221
5962385
1353098
7697507
1609978
3600485
73229
194543
1509548
6259518
839625
3921369
34236
9670946
1326283
4225827
5099713
6923779
8035399
201613
6532840
9366697
8055042
5410627
3926548
546084
7891780
4492692
7708531
4852569
800455
6573493
8203523
2909630
5773041
5237439
5811815
3671943
7777088
8353418
9249049
3164752
6450269
6864814
754609
7232585
1243026
1706290
7426199
5851285
3800720
9108790
3839666
4599134
9889728
6354516
9569301
7859538
1085883
4005083
430941
7637385
9476659
6974468
1793374
9889625
3952733
1099394
865616
7998919
9107419
6652601
4993022
3223043
920356
8217760
3568602
4198247
7876761
7892516
7151652
1580843
3139447
5566154
8894125
6186562
4005504
77090
460248
329708
7472795
8154655
8448948
3292922
5322736
3427276
6576583
9758976
5760677
4342131
1162863
8087952
3974259
2418449
3125066
8649434
610071
7598058
2865652
1331578
1190803
170475
5626381
3434698
684514
8273449
7659171
1033800
5974518
4884404
3321992
5509120
343845
1200124
249153
4976936
3839129
3125137
1743729
1441996
4245801
2778599
3830956
2855148
5478970
4147648
6095692
5693874
3326412
8764865
1807197
4415144
1433811
5519024
7924772
7147850
6854237
3148886
6094962
5961959
1096048
2571463
2980252
3367871
6010596
6158318
1860535
4771597
6730143
2282101
6695718
1100058
8705076
8075056
5079825
5487020
8069210
6448241
2819047
4007972
3550327
8988428
5011883
6495894
2710234
4078683
4179345
7218114
2556035
2369210
3597586
5584057
2168723
5942725
2474812
5662395
5301151
3341459
2427723
4231382
1106135
2529693
9709335
8388505
8100222
1128457
2365697
9111587
1569552
8561534
2745415
9804056
2385310
8738115
5099163
7408070
5725136
9006301
1663700
3664912
1354710
1451779
1833067
7322816
2974974
3632770
5796999
2719185
7146734
5321529
2356495
5244853
6987766
7273351
767563
7455029
1697821
1572874
6585534
7029382
1895815
3998779
4851378
5018247
6406277
9387374
4700322
5473230
3942126
9832556
3046
8901675
5338149
9920964
6137605
8011494
9172127
1776092
8962352
301452
2261182
2044644
6543483
8909476
5369981
6777344
9030368
7834347
6350664
3508438
2385691
7001992
5383189
9928870
5100594
5733286
3917719
1992247
1897236
9824781
1440497
2271719
688379
4620430
6662223
867171
5815975
5368284
4665246
570307
5087462
5842506
6902459
9136806
2032678
4340822
3327317
5635897
9387210
2380850
8658953
7201761
7824210
69202
1724619
1754884
5274239
3251218
9459665
567965
198987
9721750
5452333
2255501
5773681
9309513
6202416
542724
1681772
7124232
7175990
7807520
1556720
8910127
6399553
7298556
846962
1308515
5392030
2583985
5076618
1411482
1235299
9876059
9277479
2926427
7180468
6610487
4455654
5132703
6870344
2856046
1395188
6991724
1043391
1258636
3253133
9915874
8466406
3093435
7039144
9541977
1998119
8145196
7132684
9814198
2647385
1425864
3551543
2332089
2831153
541071
1111268
1831063
1900632
5948049
5013678
636201
9803865
3260995
7349219
5424114
7885225
6176675
8438661
4922002
4332148
5882551
5464552
2606851
1520476
1344900
3846941
5824188
5834972
2166459
6004913
2628603
2746990
2476898
263011
8980936
5868117
4021467
3456715
5257985
9891359
8205710
6241620
7893229
5899228
3566374
1741740
36639
3823274
7954187
7551867
3246310
5917927
5612466
2737691
2144039
1179544
5872711
2137885
5143767
5917709
7329369
9374731
1725993
7041348
1270611
8081984
5368854
5660197
2374318
263234
5387797
3957702
5435323
3881975
7561619
8153622
8393345
1870878
2148613
2602854
102880
3015814
5260408
755590
302705
620456
5933709
1957232
7001906
337857
8001782
1496395
2931458
7722886
9214817
587296
9381548
9231765
9970701
5427321
7572009
5616027
6308955
4813860
3194998
3997841
3278239
9195767
6195381
8562775
158622
3613744
8209461
5147977
9620530
7562346
3224316
5221093
8058773
9985258
5809274
1349500
2159308
125913
6383656
5281380
4013977
4520265
257063
5188636
5405255
1241042
8435803
9519183
2975306
5320702
5060015
6973984
9267842
2885785
9890515
7846348
9820771
4575730
5374728
4618356
2546217
9286536
7522385
4662661
5198419
7315627
5218242
4077757
2799391
5397076
5424770
3815863
343047
2205686
7533988
3014676
5703572
6474045
8268979
9109308
4256377
9111663
4547295
8921653
1814688
546014
8549150
3190121
4951225
1674250
5997380
3421139
6974586
4343948
736273
5985681
2730676
9263302
7964312
917013
4683120
8771731
4631636
532331
895973
1407704
8879306
2031623
3717772
9521057
9268717
5267880
6956076
5665830
6821244
4952917
2958483
1718583
6211740
373354
1006118
421437
6963667
428301
6072916
3706392
4704036
1594050
456747
9539911
2383375
4613310
3164625
5287581
8021743
3364900
4993317
1599251
9230711
417129
6582748
3215429
1314851
7865873
224325
5350548
2045858
95064
586767
2379240
8028342
9754978
7561268
3416761
6323838
1703125
4671604
7468548
1979432
5593892
6846338
5960523
1076946
9314723
5742869
248261
2318843
8999373
4758271
2848613
9492509
4962868
3028094
6048872
8083347
2169352
3981558
9032864
7985337
2881558
8534921
7468574
5955424
2336834
3035619
6211381
9488382
7885021
9962381
793026
9648569
7457824
5875121
2875280
8974180
38674
7218920
138683
9025974
1367246
4760958
7765577
60305
5365790
6209126
975830
4658064
5613870
8573746
9216820
2071143
6042170
9773528
9954404
5414820
2213212
5998883
2820790
2793512
5178565
1178243
3644340
8830079
744911
5512217
3785620
8570566
1378566
5836647
277025
6757316
3921659
1896063
3729370
8752834
1194477
7882348
8116081
1109247
6210239
852026
6589661
9272898
6688751
2019665
612506
5738598
9778194
9524536
603457
9220612
7979969
7989558
9207065
4715658
5965292
2799943
3901334
4749575
1688312
2256513
6515409
7884851
2553419
6302123
9953341
9576854
8320958
6057222
5859209
4747272
2336166
5509417
7231345
7037136
8838949
436026
8717285
1426693
2434717
5113286
3341197
6248567
9550095
524087
1723389
6128506
3992120
3047011
1084447
656969
7728921
5182118
2838723
7625217
1991505
6124455
2070497
1471878
3716584
7681616
619975
5580961
747120
8278713
8575918
8243329
7923380
9182675
8840057
246702
2944382
2542425
4420307
5606116
4615291
6637298
8841658
1523825
6057602
9746454
4036483
9265895
5727134
6092358
3413025
6362037
1581811
7145034
2764147
1577187
5714684
8658471
658554
7209259
7203836
599639
5115845
9787317
7187976
7577543
2216723
6360721
9913668
8185912
3207778
7001852
2513854
9010318
2391678
9314019
7235967
2713841
3602106
5315102
4900298
3002500
7019621
2813365
9633719
7592343
9410111
6249633
9163177
7400262
9024892
5303982
9730627
552132
3484682
1331049
7470182
2899846
1549156
393886
2879059
3468982
3651241
8946400
8940063
6285452
3289794
9052055
5361727
8363174
3950305
4374168
5284688
5943815
4661988
2601712
3121558
9138661
2063992
7316984
7469284
9960114
9958193
4025476
4323362
9036830
9015214
7317756
8671378
9714086
7017944
5015072
4373733
6892662
8768130
8374003
8690351
9366241
7537519
2333079
1540037
9971120
29291
8480598
617897
9771628
3488607
8947055
3022416
9379407
3508055
5552703
8976265
6821440
6966060
7424940
8264679
7422821
4809225
6278584
4059320
5007268
282538
1408890
8168146
5578276
4193602
2641012
677389
5957945
7566331
3266848
6108200
4340571
9037015
4681289
2360200
1972841
8413524
984853
9411581
192857
1175258
3350610
6604670
6207319
8295356
2140732
2301793
2147257
979088
2921603
6037342
6528187
515058
2199476
6450884
5636076
3246549
2811859
6695111
5111965
4119347
1694686
2937767
631765
6068047
6633251
9063531
2442284
1016700
6585280
5963657
4454242
6583885
2969330
5562747
3476700
1985005
959642
9150072
9106331
721428
4963245
7796959
6206537
9838576
8230383
5259610
337264
8459576
7679772
8904316
674106
3159308
4982207
727404
1572288
164770
4680041
3614762
3785111
4233678
3306618
9008325
6155656
6724108
112152
6998966
8917780
3308993
1025909
5747937
6016597
4436537
1018492
1144783
9034583
6381102
7604815
6223741
1421970
272502
6561881
9630735
1111234
8929082
123414
1443105
6792818
7071126
5686625
4058823
4162892
4086190
4171936
770685
2600149
7821997
8359718
1786680
8444233
4278180
6895104
2185665
5204506
2852974
4745435
4121091
2568284
5976427
1081814
3706720
8485774
4802038
2269580
786596
1010818
4126924
2441144
3387500
7066221
7256405
2897269
1465898
2281390
9414771
4634859
3215004
8483872
3796144
3727419
6932402
5548617
1199910
2689846
7200513
9656007
3909549
5713760
5416030
511776
8463150
3321163
5843381
5908624
5099310
7751975
1472318
916362
774264
3032333
6564662
149657
7051519
4681739
4831906
5312173
9897560
4204967
5413911
4449609
9395067
1016640
4040794
9904422
3360930
4831366
3752770
25864
5738713
9803903
6497260
2867987
8434697
4632814
8935662
4807723
9022048
8739991
7278671
4194828
1918441
368981
629718
1740274
8952348
1746030
6373044
4842479
9844950
6625149
62754
2945160
8594682
5118964
3155029
9307671
4184981
4326258
7322939
2320333
1433611
1144963
2334673
6330677
7263959
3198596
8450563
2477443
2490326
8360121
1612387
768735
351718
3745336
848777
5798394
1662623
180197
6490329
8007947
5115964
4170038
8240563
9668062
1887529
4616411
2206261
8017039
179177
1173385
5847568
7883008
5148437
3793030
8574221
4544912
4042213
8609588
2713440
7579306
2139354
8688769
3102823
8874905
6347758
5912309
1162354
4250630
3039467
5800826
4739446
8575746
2476970
3639807
4534679
6593500
3312803
9223965
3627897
6316543
985396
882615
3337460
819276
7927069
4736009
1586288
9266998
798026
8232280
895305
5614264
6932705
9261226
4215419
2178440
8176598
7542824
3862475
3193293
8485300
7346122
8773302
9589742
5712307
875889
5720766
5700443
1393018
7208943
2894586
1001610
375484
4977063
3538105
9223768
3332044
2308788
6949888
7935248
3497473
1662783
2212043
6791714
8604873
6875646
3657775
6586797
938437
6637257
3879093
6796595
2267311
2786479
4337408
9015170
3937236
6400113
957778
4211591
7277108
3993948
9414675
5289150
1613053
5561203
4142064
4881986
8216009
1358730
8910902
5198813
6067874
2489625
8871817
1831879
1501820
9190314
3018894
1337596
1588600
809234
3174928
9608494
1979569
5240429
9491739
6555784
9424503
3766059
4417595
418145
5143405
171238
7522290
9380301
699137
5811346
9753505
1856549
6625746
6356297
8028847
3315157
4875403
4998462
7082505
8103955
6667182
8891343
5358688
2312888
1169055
5123616
3440328
4045455
2585493
1498313
7786353
7695590
1058936
436159
9800212
6379125
4767680
4158496
6384635
4914577
8595665
7833581
6550437
6952348
6864267
9313773
1704024
7385666
8584689
441147
6626022
2941397
2264788
8480144
1565240
398123
5546868
8070526
9296321
6150957
7574608
9208841
8205884
9609071
11107
6643903
7413668
5664704
9690727
6748488
3081977
6135178
6927621
3640173
8773417
3397393
9899653
8882209
4389910
4575692
5628092
903608
3593540
516838
9713610
31807
1634340
1800374
2127761
21179
7696025
7479233
5257184
7628460
3297656
8238165
9290215
3515002
9293078
2129352
4138466
9182538
5562966
3732070
2952018
7409932
6030684
8836295
8022444
5141693
3924294
2939017
720047
1140877
5926295
4945685
6376053
4318327
6383321
2529604
6157547
7317476
8416998
7218968
7695035
3655858
2270273
8459366
2502455
5345570
6630893
1887922
1206957
873325
4554582
6299678
4694920
1192928
8702606
2226492
6828904
2778370
5332893
2477532
7649330
3429622
1772349
118969
3607475
6403056
9559709
5126502
3535372
3608122
2289766
8986612
9587774
1434088
9895845
6641174
8444778
9014277
1468702
2196961
4856079
5396541
6340484
7519306
1524359
7770077
332130
5031562
6730180
9772869
6252193
5454008
1994882
4652301
3375153
1763041
323232
9668349
8575288
5789912
8146001
4886142
1452516
9652954
5619434
764972
28873
4414214
2474499
3773290
552198
7565502
5383267
8488865
6824727
8374583
4012243
4694117
7779570
9922021
6583407
2342563
8555979
756976
9586470
6448870
3044245
1402349
6345770
7926113
2787625
3312376
9043329
6290935
3425071
5923662
1183912
2544972
9758934
5137410
1006771
1702203
5245416
6103178
9424561
5335382
4527579
7984951
8724303
969915
2909334
1735458
5312210
9566748
4219600
2122548
5738512
6246257
8260361
5505705
766952
715709
7419487
4265049
951805
6705711
6021690
3829448
4275066
4761408
5845926
6095208
5146423
3986826
9133027
9423686
5425969
9542244
3957005
4062346
97479
7364307
3738610
6824034
6420098
5657120
3031407
5942244
8437185
4362317
8383197
6960318
5369136
4976725
331195
1644526
3076343
4160760
2673421
4499084
2619963
7579130
765206
8525378
6089456
2295723
818697
4703259
2592887
5021122
2712123
7264835
3069391
406979
1958213
4154136
4750267
3090296
5436741
4402815
5427379
3165982
8308999
9252069
6016356
3414729
7633280
2339796
3931827
5491413
4489997
903808
2826803
3136476
1304460
31747
6627836
2328526
8325078
7842602
7089867
8000114
8220576
7825697
958614
3101895
1538337
8240892
2321103
701207
4099817
7933115
3509428
931651
4152284
2534792
9901726
745274
7541136
9691237
4186776
5347969
2066287
7918588
2513740
8558583
9084173
165216
5778860
8463571
5645525
6644770
3825537
4413617
5387295
8712604
499953
5550880
8993015
521725
9385360
4674086
6144500
8877215
89339
8896662
3678637
1781589
7932544
5572290
1293175
1638199
6087884
656052
5536961
4680865
2284112
6558816
915819
4142295
9181593
5395852
8044106
8878533
9020324
259214
2624676
2948405
5830406
9585536
2588534
1658644
7316315
4229569
2624443
8997270
9927014
2600204
2203155
6008678
212616
8877246
7237423
6995011
6316940
3921111
4819639
9389118
2427268
326288
3538600
8964173
7191480
5408752
8668649
1193053
6007372
1322778
9622770
919736
9478558
90988
5697612
9936416
5531911
7152046
8196672
2380334
2914676
2623726
6509518
6485378
2898736
1380942
6964676
2997773
2119205
8992837
328541
9486660
8953479
7533170
3975162
7063925
498814
8947027
4095529
5939686
3854803
1890974
9819984
2695965
9383516
3553382
9253319
9451706
6275355
9733818
3049861
7957724
3204710
7027972
4179831
1460197
8647657
9820324
1645845
1264763
6164146
9946321
3872609
6774842
4123397
7484992
4099027
7629802
2011184
8746407
7774809
7158716
5612844
3902394
1969503
5178247
4670761
6433585
5468021
5791044
5011182
8029498
4128590
2103427
6359318
96106
6865338
4551322
5008184
6525394
1794618
2665014
7167171
248530
9424582
1873985
9516492
6784456
5231783
4609155
7457796
9134028
3932059
5113126
5538209
7022168
9127576
8871003
2385696
492102
3383253
7633641
3493925
9408448
9950687
2781076
4476562
2829823
3416074
7123378
7786867
1156366
2662117
9630356
600890
3993223
139487
7142197
2540769
7895795
4281219
5946812
5108129
7421895
8815985
3866938
4953926
2187296
395187
7124517
3226784
8120011
4636276
8360252
9638732
5984381
1028286
4362504
1730849
1923743
1086524
9934712
4826368
4448604
5702444
6340286
599543
8322876
916389
5909715
7790027
9546939
5173073
1346936
921161
5984920
7786204
5998155
2206244
2145498
7556128
8027643
2442007
4755225
2225704
2795934
9150336
2697327
7416279
5686353
3051242
5385687
2078384
8862933
920941
3447863
1135258
7881916
6591045
8884556
6847397
5530393
5751282
7413158
8176654
8851492
9574035
9289589
6259763
5274810
809756
3886318
7021748
8255266
3466646
8225492
6084004
4540241
473214
3368705
9336765
2883576
7459617
81234
7215201
4368723
6712040
260026
6613036
5078478
6300286
8428862
1917
5096413
3836726
1692490
2291796
7777195
3859891
5903335
1075095
8307682
4134379
7965385
9617522
4226664
3381907
9535107
2969766
1722681
5559417
2940372
96634
9800918
2622819
5861308
3348734
7573026
9093755
9810546
338697
8330417
4647143
8060190
6191564
5175018
5826753
3956887
9910490
7668243
6493553
6527689
6997689
1281235
7741459
3849251
5537099
5356073
7050205
7879609
982054
3069548
7533104
204722
3102005
6539319
9868958
8708917
