10000
51377
74489
81745
66134
85414
50997
78724
68272
73312
57696
50968
64663
50787
99029
61812
84962
58951
89796
78316
50282
84781
81644
96699
76580
76823
97639
98277
62846
85446
52912
53041
50407
53742
77625
72578
87792
68362
80996
63970
66653
89862
66975
90813
64569
80688
71729
92537
81490
59086
56956
75822
88808
68237
89867
99666
90126
95030
74123
81240
50133
61737
66245
85740
87925
87492
97628
99804
96684
62181
57960
70801
87669
53612
70011
71785
97977
63301
54787
87527
77314
83447
75057
97428
64010
65185
97739
86661
58615
93138
90239
74170
86753
95040
62150
54627
96729
80814
65482
66327
84110
68806
60398
87374
54422
95368
55955
63471
85900
66300
61897
98448
55339
71934
57202
83971
97076
96334
89460
82279
62602
75768
84602
88183
58624
82994
60598
85305
98280
51497
91432
80385
57355
61283
73597
94567
98144
65403
79087
66904
63336
57899
89049
74534
79582
74317
81849
52884
75252
57504
88332
79144
96094
53292
69479
81674
62564
73774
86325
71807
56927
51432
97303
71811
86606
52086
71240
96716
72711
57784
88403
53923
70584
68484
97554
72788
94415
53384
97591
94317
97421
68838
52821
55559
52185
52963
90627
99589
58294
96318
73832
58875
69531
86063
75287
84269
91738
95042
58011
92758
67042
59366
92803
66542
60499
79895
66037
69982
64344
87495
60368
72068
87267
91430
80237
79134
69404
97116
95287
87416
59020
56296
96790
54912
75101
51918
80550
51402
80602
67527
60777
72497
64015
90620
91708
78902
86077
77023
67126
82704
62475
94204
79505
92815
85164
90188
94114
87461
73374
51285
64864
81030
81633
66936
63625
99276
61191
53029
83668
95209
72419
84866
69047
88450
73746
77679
97817
63766
96977
53479
85802
61541
81619
74139
92084
56570
57753
53079
58319
90471
85932
95255
67294
95639
73471
56193
59611
57701
98434
82044
97653
50653
84916
60748
93935
79113
53652
94040
84864
63940
76298
99915
85952
54481
97826
79010
50905
97311
74738
71626
58245
74873
83908
83471
75564
84813
78593
60680
99584
86353
96251
55687
74945
50229
50970
56757
72230
78589
56501
57373
65594
84267
65002
57066
82222
93646
73212
56249
89171
56208
93868
98762
51954
78996
85383
89021
66741
76339
82005
50293
80418
69859
93746
58033
73200
67935
53856
83066
63085
94671
56565
64219
54720
72419
99211
50794
59892
74234
80529
84810
91194
61069
92505
95472
74365
96016
64029
58946
52240
92325
53166
93906
56852
97131
60940
68277
53461
54772
60569
95233
72765
55426
65137
88534
94439
62174
53524
53995
59154
53512
50302
57644
71643
94543
76920
52573
80637
82957
55975
89515
71109
93118
99094
50056
71007
69168
70475
69359
58589
93295
67012
83061
59112
73174
81559
56921
76648
55754
95239
98389
79142
94727
54991
76575
83407
63961
88945
55687
73141
91702
97955
75674
94838
86449
67207
72238
57263
71726
88492
69064
69994
82983
92280
64260
74937
76231
91285
63701
73979
65866
55324
69739
75300
99867
92420
98162
76494
73755
66985
92721
70464
99640
76424
93757
99516
89793
85778
98513
81781
59895
71787
99569
79557
92230
88714
80289
66326
52792
74954
82562
72173
89887
95015
95182
62621
57354
53603
82599
80046
65413
95465
56595
75343
50706
80534
71029
92824
90858
72567
55954
87665
99707
54515
88792
80938
70367
54151
54512
65339
87297
98950
96950
87204
81489
69336
82207
95412
74842
50081
56548
98543
65058
71755
71657
98784
54582
70610
69205
66596
70239
50540
96087
60179
99074
64839
83409
94010
76430
63385
95842
52998
69325
67151
72014
53671
58094
91010
63853
77344
78137
63295
86162
57253
56751
74269
80974
58105
62302
85144
85685
72966
94585
96057
93810
67740
80096
81859
97833
63807
84540
95396
97003
51999
97105
82941
76987
56086
51691
86050
71803
53763
95958
67837
89310
77082
62319
95425
85710
61406
67583
86254
65204
55225
63132
89749
71555
67065
88779
98516
80848
96495
57014
85021
73670
64211
61507
83096
73105
70522
60366
81833
93083
73006
88844
57972
64643
51687
72286
98990
71732
70696
87842
52881
76080
75712
83000
94182
57528
72603
66360
63379
50405
51470
64383
62600
87480
57142
88849
56437
65416
85147
91223
52921
62530
59926
78456
88315
59052
95584
52731
69638
97789
84722
79188
97006
69784
60196
72411
95924
76107
76500
93341
85003
57633
80732
69917
66609
92700
96108
51590
93263
58131
85050
58556
69634
50034
71028
78622
81980
84868
83340
76541
93406
58776
58051
94242
93621
80234
99700
77368
88991
64190
90175
65723
55641
96947
97699
58770
62628
98377
71944
90281
71734
53391
81626
71976
56619
68650
62552
61325
51104
68807
57155
94167
97434
93542
53630
84296
96379
52246
92942
88857
55641
67864
91766
59128
78817
93226
94661
96523
82026
60563
75260
94804
85657
61357
90089
87357
96284
96081
77756
97932
87247
67353
53623
96901
71416
86473
94905
99538
74494
81963
83758
50944
95051
52730
62406
83849
53420
64349
82617
81587
60657
53958
64531
82379
95391
80591
65076
55438
84128
76025
78773
98524
67822
72388
85556
83936
51554
65241
98218
65094
65912
68885
90842
55236
95356
67220
93376
96643
96308
90991
63757
89272
75950
74364
70998
93716
73614
83263
83854
63161
69305
59548
56987
51860
78366
86362
75260
92157
74373
90329
99830
76794
73824
97329
92992
64507
70221
89295
98078
70982
97162
78295
97962
69309
88273
50046
52178
81890
60993
52616
99664
73753
77094
51099
72705
86928
62234
63584
94337
55368
51031
71470
66666
99791
56919
95980
94885
77914
97440
98454
69912
67820
71293
88684
50033
54967
54173
90187
61894
75865
96278
66079
99789
55204
53768
64152
68785
97549
85738
89670
90845
65303
74959
76848
86952
80479
75241
57786
92539
72831
88281
60666
90125
98047
60735
90816
81419
75302
77644
66702
73068
67825
64175
81096
57904
61828
55464
58402
70349
63962
63291
53333
97943
71159
91594
60703
79530
76104
54928
96719
85692
99285
92730
58207
60046
57168
85033
77601
67646
66719
99942
85824
92494
75605
95939
81932
80649
54205
70744
71289
86816
86755
84071
77148
63930
82573
76929
95968
94453
51851
98578
98702
74816
77008
89582
76975
63856
76687
52552
93125
73884
70940
69353
54770
81655
86255
91862
79223
69772
85998
52995
60325
65703
85499
53469
76920
81085
50293
83477
93375
77844
80468
80221
88535
98967
58279
97991
87982
90905
56365
93759
65347
64158
76524
95937
82845
62536
74616
66688
71050
71601
73272
85505
56381
66130
62823
53637
92510
72302
79506
83379
69499
70099
61246
93774
59096
55616
71132
51460
93900
72245
75130
94070
51878
58894
82648
67267
53497
56011
96249
65535
70887
64640
83364
50051
63306
73501
77375
56301
61420
70582
59804
51045
66392
78504
91661
59769
50765
77740
52121
55774
99305
66309
62175
66600
90145
80068
96285
66806
57100
87592
51772
65916
89252
76873
85212
95573
83534
79191
91651
93410
95118
90442
86975
64624
90300
57858
50758
87743
96081
59538
85846
54533
68943
77179
85617
95770
57930
95521
85360
70956
90568
75790
88719
58982
91562
98876
94218
62776
68304
59274
88226
78417
60086
92471
62044
99167
79659
66679
85486
59766
55896
54176
66717
52888
70378
93382
72685
67237
51406
97864
78143
67729
57504
52256
63344
70843
80394
51257
98702
62850
66410
54944
62103
97875
89405
69412
78740
50400
65371
70343
56693
58166
95552
91266
88834
81263
99060
98933
56390
55998
74407
99814
56749
65325
54144
77566
64332
60647
66280
53259
82892
53329
78063
87919
92860
51461
80056
85916
62443
89734
75674
77375
97094
92872
88325
73272
58428
92919
71545
53722
58412
89364
93449
69767
73751
98601
88117
91290
61294
70757
66163
86273
88071
98891
98164
78529
67632
88494
90507
88777
50727
68807
75983
59652
84472
75137
61694
59113
70811
62921
89447
76472
78572
80237
94203
80897
65830
86661
54308
52210
96656
79323
91715
83624
68706
55610
81427
87213
89509
53851
54682
90171
90476
74728
95894
87732
69553
98758
55530
81416
54357
75093
64003
85021
58290
76457
55384
64340
74446
64793
97925
54446
84693
88498
99626
79920
93312
73842
81244
54873
96110
88674
70030
56157
84545
62528
72424
70102
66265
73471
50464
62624
59847
83167
63081
57695
61908
78507
71429
80623
94695
93497
81327
72709
76332
56372
87873
75713
57072
81496
78012
81261
68603
73776
84651
95774
58454
61859
73113
52722
64962
82338
64472
96300
64461
68515
61177
65049
90731
93819
54978
64626
58229
61051
87431
67729
83361
91950
62442
71440
96021
57894
91562
54365
73822
93802
84939
88914
87608
92841
97253
94398
89015
78074
74456
88779
85025
68160
65715
80570
62809
83030
58838
77087
74088
96686
58995
76727
57151
60714
69464
71051
87093
62299
96474
58960
66151
78923
68455
82084
69308
57069
65799
67446
63643
95505
64776
86535
59394
85974
66806
84178
95558
65409
86971
96624
83406
86011
61954
86971
61621
69386
78587
94233
82488
84608
81738
92070
74496
79575
52638
94914
86602
76433
51871
92110
79293
81554
95471
66233
50689
53978
77831
54124
77722
99559
50894
58149
54243
69713
68228
82919
93682
80527
57612
71142
86937
50307
87092
65275
84585
64034
76881
70339
87023
77925
99525
71951
99585
80392
89799
75799
66484
88609
50407
88649
83702
77338
85263
54045
79233
95681
51740
69110
82949
88079
57092
64463
84279
72208
86801
54284
57765
53603
62350
56639
71530
58593
63210
78518
67797
83780
64011
90680
96495
53311
94184
63062
94976
79982
74316
65053
92830
54084
89842
74033
60542
76916
87959
82791
82012
71820
95987
81732
69665
51459
74434
77008
91413
92835
86878
76930
89978
54960
92145
58828
75501
69342
96746
72723
92036
70973
89688
85202
70708
78657
70015
55729
89839
64975
56931
81455
80751
59627
67764
78999
56228
86359
51056
96564
93184
76363
90287
50027
55962
62982
86571
98249
91610
94801
53719
65626
84517
83738
87328
75986
89574
57540
51162
69109
62783
58280
77477
58944
89637
90207
81394
87465
82166
77415
66250
52749
53611
83569
91348
56022
50220
71681
86359
73825
64527
57756
63662
75149
50853
63439
82716
82168
52387
85915
61202
60072
95532
78991
61084
62582
82188
59047
70692
74832
72353
80046
78667
90793
80468
56275
81613
84569
84937
95966
82655
66762
72617
63675
75185
62471
56985
78325
89579
77770
54156
54305
63224
57218
75946
73355
82774
78768
51632
69737
92404
55871
92946
88077
54226
99726
60441
53138
81846
77665
79667
54038
64023
80615
61287
99644
50958
80420
88501
64999
74792
53555
55322
60358
54583
59979
81304
99755
92046
97689
62216
87528
96872
86810
51032
94339
92998
61933
54651
91288
87607
55462
86332
57829
75049
58174
94891
96137
65728
59678
78084
79548
57136
99887
55009
52619
84725
64995
73096
77708
52663
69383
71308
94153
70230
51875
51646
91842
50501
96459
77978
66929
59886
74479
92016
81133
100000
50364
92788
62313
87289
81367
53975
67136
50528
50717
92601
63866
59880
80244
76712
83248
63802
90621
76563
79260
96253
59658
84929
96038
79839
96103
71855
64573
86970
95548
54007
85829
74580
61297
59394
65132
94585
97925
84682
99105
64457
58236
78586
93206
54370
99165
51202
59338
56941
85670
50073
61650
78150
72419
53366
87180
73192
95501
72773
90484
57115
70272
82047
87102
67164
53867
67781
53992
50800
61175
72050
89595
85318
89556
92723
81245
99099
68188
90685
89675
88131
58240
73255
59892
93751
52256
96128
79282
85339
59915
75331
51258
74823
66981
93908
95948
69066
92198
82044
58045
82628
69925
94361
76429
60606
96371
92796
57284
66607
64716
64099
55155
95072
88013
79645
77656
52861
87080
71462
85062
99949
59747
90897
52458
71357
80471
81918
80544
93357
66254
68660
74694
70030
64403
87605
76599
54833
70355
95097
81139
55129
70448
57548
69858
91068
54312
77638
62340
94537
92815
51174
76321
67541
68799
87879
56553
95193
88103
56003
58163
65641
78517
91163
79830
61814
66333
68540
98521
77144
74285
71982
90063
93728
75864
73361
74852
72265
77616
60563
50261
58359
73135
87261
67522
80824
61131
99051
74970
68827
79276
90477
67812
79264
54238
99349
56401
54017
88455
92327
93164
87112
69437
50031
53665
70751
74842
83607
65190
90653
86215
53990
51104
74820
59051
53253
58040
74381
92522
81669
51756
94952
75569
96091
52898
86289
69362
52770
60384
50218
54110
53535
90767
79109
91798
66140
82057
53891
69667
63978
85950
64372
80026
76122
77249
76180
97452
72469
93981
94100
92953
88372
81753
69060
98209
81860
94386
75165
86818
62026
80307
65406
50771
76370
93750
66497
85531
57488
76440
87135
87569
57511
60771
65114
74641
72528
61080
99161
94853
70318
78073
77556
85838
99694
79913
52255
51167
60947
63769
72932
84685
89302
62306
71267
54693
50419
63681
94332
52296
76794
52989
56065
88167
69764
69712
79512
75693
51557
79530
68080
55528
83564
61418
50281
55235
62117
77675
91269
90480
94237
56993
87540
95266
52930
62891
74306
83793
88025
62202
99813
87291
64745
61092
85955
70007
81153
52437
87998
92010
54237
57015
75734
95703
74991
87612
63339
62840
51962
59248
69055
65175
72371
71993
66029
99557
91181
93764
92003
97888
64683
54477
88064
99751
81720
64522
77743
86759
69092
85799
75348
77689
92003
97335
90338
82480
78753
89055
74713
94785
81407
99889
98194
77336
66549
88274
50504
61525
72638
87858
93933
57980
75363
81595
74565
74812
86339
94254
65673
83332
86858
72095
89172
50615
69267
94799
67820
97338
88176
79858
54949
76885
70085
55643
92692
57332
84818
51635
68885
51346
73814
68191
84415
86052
79613
67963
53210
92676
93281
72046
90411
63831
66332
53055
51551
70692
92001
87505
51837
65557
72042
83607
88519
91134
54317
82680
70767
52937
86967
67517
54196
96309
83961
78079
86042
56326
83691
81225
85639
58736
61561
81467
74370
65964
72484
56029
68398
85750
54665
77026
57467
77423
97228
52276
61715
66888
92212
74593
68465
99912
90278
65499
51239
82506
60488
90370
67082
59152
61149
94622
67375
76276
90403
54590
91737
56401
71617
54870
99605
55911
56402
99352
55881
72878
89084
74836
64338
84681
82196
70680
96844
87663
57416
72323
77006
88606
81525
70863
78848
56714
88837
97462
57129
81348
62852
80401
61698
78238
89931
79524
99779
52683
68097
76495
98991
73978
84596
77570
81469
58536
97460
87053
96947
83754
65414
99094
90752
82251
54794
60389
74705
79195
61300
53343
56685
81052
93833
57682
68908
55402
72140
89393
69611
84006
52152
58192
50533
96450
92193
80285
52996
70579
97815
89970
62552
88944
87377
79777
96439
77929
81289
87096
85424
81948
83400
82052
50464
55954
75846
76265
61460
69144
65690
73655
68084
56151
87594
73671
54000
86259
53898
94596
81471
95975
94157
62852
79502
58063
95604
85427
69375
99429
61608
95937
63515
59957
94162
68974
68807
94507
53117
73696
97454
63899
66978
88692
62749
88287
60631
70105
87736
58639
74261
87324
54737
54170
59951
66471
72371
67076
86190
69276
65568
85817
90728
72090
66291
98294
86457
53619
70941
50816
76921
62236
58422
89623
93798
89261
99815
99418
79739
89403
74534
88561
54146
53469
66935
91513
95047
63389
59733
78603
65339
89525
51113
73178
96649
90886
63016
84297
90208
89285
69942
70362
50040
92439
54924
99313
59848
76708
68470
96773
86750
88990
55569
87603
82955
95707
69735
58254
57633
85569
69267
79316
97561
72468
55955
54725
54837
66664
77622
58723
60612
64070
65752
72100
62433
53444
59775
50622
69638
90346
76062
55026
74290
69101
54234
71785
50682
98398
63402
62165
57468
61829
84138
86547
56311
71167
70733
72047
81471
88830
87345
53000
53268
87572
52641
77651
61966
50845
82370
76549
53609
66107
93650
60968
56748
65267
99230
95817
66289
57324
92928
62904
66854
98277
92083
80848
54324
58815
57250
73497
58375
88975
59864
63057
59361
64152
91360
85888
99448
73363
94163
91012
65905
98414
77017
94389
51833
67953
89442
61048
52158
91716
64783
86330
51881
67504
65959
87680
65533
56027
85191
79424
63480
85273
88528
61570
98666
78235
82753
91573
54290
55469
98580
93905
74915
93718
84775
81118
54479
55864
92714
51208
67926
92310
95210
90779
51920
77258
94454
73496
66932
78845
50738
59384
76574
85170
78034
92663
75851
59508
74973
78987
73306
54127
92179
71913
99404
82703
93139
91945
84214
71970
73656
73386
83375
93448
59611
94301
91141
82630
60372
53550
50660
52657
98653
52083
73881
90459
95482
52363
54004
84417
98470
79800
79638
71816
97047
97212
53563
68392
95753
63164
72032
65887
78088
66309
92905
63369
93406
82687
52532
85547
66598
52201
52862
89122
60196
54980
53199
67368
73420
51789
83281
87635
50117
64809
50317
54006
77438
62773
71961
85657
63301
77258
88329
51857
68731
71081
88052
99069
52890
89032
50573
54183
96144
79889
70612
50980
89604
66179
66323
63837
83789
82051
53413
74056
79537
97826
76370
94884
63364
69590
63960
57178
66365
65355
54867
83242
64984
97665
71676
64273
93873
64941
59008
77647
57929
70917
56408
87295
72116
65195
73117
76826
67033
79315
63861
54493
60696
88971
65501
64538
80044
80591
74528
71079
61324
55941
54082
53479
99618
97358
96980
93336
64333
73740
74398
68805
74414
63438
62226
81364
78400
89648
68609
55270
82625
81411
79680
59374
65409
75940
89190
61957
77272
95805
52533
82375
61371
83684
64713
84966
67162
54848
75679
73578
63299
64480
70850
81417
74379
94654
58440
68247
82198
51626
75672
87462
82835
93018
71941
84718
80808
56391
66203
99297
65675
65821
83488
81966
61172
52463
87381
89970
94247
76004
65585
86886
98448
69248
81379
56087
77918
83697
86903
60456
81989
90760
51893
77422
76220
77223
53602
66307
62277
64599
62942
68293
75396
63446
91913
72866
90676
95635
65295
77027
78931
78523
85649
90221
97450
60453
58950
54605
95601
62823
69780
61769
65730
60348
73053
71623
92451
68456
85872
62675
84791
73859
92066
80742
88539
53956
58872
90727
55167
89951
86703
86802
64581
50652
93907
65898
68985
56851
80336
75689
65366
91357
57251
70938
88338
52824
98513
85200
72397
82852
63944
78965
63892
69093
59665
92632
92728
86812
51216
67884
56442
63106
93711
87931
65862
90061
81683
92728
53190
89364
90178
85860
78308
50762
62403
55689
88575
73346
69571
71980
79475
59887
64717
98465
75871
55815
91271
92838
95761
94181
93560
57826
52777
88780
81001
89383
92345
87134
83360
57770
53974
97547
88822
57219
72741
98370
70973
64073
94240
92801
53781
62971
57156
74017
87205
96429
73492
53976
58269
89599
54113
99398
73987
95618
56119
57345
53659
92678
59470
68595
80351
57060
74380
93962
68159
90182
64733
56521
94937
70669
77695
76731
62709
52862
59480
94341
73765
85877
50111
74661
55730
56630
88552
80321
62129
81178
97861
76201
71496
83034
59950
80763
61229
58995
73481
70900
92026
68305
50408
78097
50429
95468
54689
84206
61717
94914
79493
89903
87829
70042
61014
61959
84226
55559
61810
56578
85330
73062
56199
95408
72560
70557
78690
56366
69093
52893
64039
75845
65124
77599
54768
90686
74070
69485
55822
57723
98072
94822
71884
80511
57474
90201
80999
53544
99101
70005
57939
77064
55277
61779
88943
88413
69134
58655
54988
62551
65245
61503
92539
80977
96135
85210
98014
76832
80684
52024
69048
83672
92866
50509
71446
68403
91714
98214
93641
89392
67172
72483
78091
63485
80656
80846
53702
50418
82222
82312
94137
82466
58225
61275
78642
93906
89676
59655
85419
92641
88315
96130
56544
69888
82078
79174
89293
57539
90969
81359
67226
52041
86165
65834
57747
77346
85269
62276
68772
53941
59583
78261
76315
92515
60524
51262
66060
87442
91396
57381
91591
91447
60866
88218
53617
56313
52126
68948
91184
61501
88732
85421
65391
92346
90997
56607
94978
88177
53534
88367
63520
67772
83407
80906
86485
83491
98827
60619
54555
61102
63191
90462
79129
75380
55987
99123
77094
60061
84968
68355
57824
64561
81077
70511
56175
68666
85182
72466
78754
59856
67357
59860
71606
51086
57390
86915
87142
70083
66690
91185
85062
56497
97919
99752
62753
89182
53006
75280
64287
75402
86609
74810
92135
85743
96218
95119
65912
68891
77363
67514
93571
87402
57882
61773
51885
73368
96209
89875
56916
99346
94863
63977
97101
90839
80082
58295
91100
94154
87337
64601
55343
74940
65156
80030
91673
85430
55257
82703
98732
63982
53545
54825
65134
51220
63970
76953
67642
57353
89852
53634
62758
81063
54018
98436
76705
82293
96822
73421
88368
96077
71867
72479
52999
72917
58584
89045
92640
53704
50870
76521
58253
99234
87545
63810
60873
82074
73195
61085
88526
74516
67453
90820
66097
90670
71438
78507
90895
77844
51937
86791
66218
95101
71552
75402
75132
79453
93461
80822
89869
96747
97033
84238
95407
91925
68666
65923
98371
53641
82953
86547
80689
61326
75547
62785
99454
92681
81920
50471
73804
53941
61538
51851
95154
96602
92715
56680
94562
82925
54269
52816
87204
58124
62895
70384
91206
80667
82680
96835
88166
75509
64418
51149
89030
55571
60701
56718
82049
55682
95366
70125
50863
89538
63768
89610
88825
65789
62864
66843
63827
79930
89921
97075
53212
71551
58801
99505
65773
76182
53099
81170
77274
96404
81421
79445
82059
67601
99557
96573
53713
99201
83104
96405
52593
51893
92690
87436
75915
94078
60462
81780
60349
95603
53528
98478
92690
67936
68573
78951
90319
76362
93750
98427
61618
56033
63518
54749
60115
99934
56724
97981
66170
66878
55376
95522
51788
61946
92496
53080
51806
90924
93584
91568
62363
68391
60833
97252
54851
61444
94218
70963
60096
72385
92665
90484
70898
52350
95742
56025
77529
82983
99808
61295
64494
98921
93476
53708
98649
65799
67051
68844
53548
98480
64737
91370
95755
75081
79329
55864
66334
60069
65468
54123
98048
61747
61377
97090
85903
77782
62809
70654
71252
90037
53352
63442
65247
60587
96449
82955
56159
52907
52602
94329
64333
69064
93567
63822
86770
96469
77326
81536
56530
58103
56204
97321
53631
70238
67320
57354
61734
74774
64445
73274
84683
52934
90088
93083
71262
82531
68861
72461
77283
84894
53695
96449
97752
68844
53019
96998
60888
71594
58197
64874
65206
87752
60664
69776
81864
54196
65353
59221
57276
78200
64237
96023
79560
86591
62421
86498
58775
69152
84412
65408
58299
77854
80131
59898
96291
62951
72098
72170
94398
78224
96259
50684
88073
54564
61168
74771
93726
64371
74767
56976
64893
88831
77949
97299
93919
93257
66741
63521
73271
76700
96268
75082
61945
59899
84147
87184
59415
87163
51825
76299
75755
53580
51842
55375
70029
54224
89575
95209
53898
71172
86371
58891
58951
67100
65099
75162
64243
95209
78450
58385
89180
94945
77933
65731
68307
74721
91723
88529
53796
92939
64656
64333
77636
78260
99602
56406
59020
70786
81595
92594
71710
57783
99648
71904
98327
94860
71441
92469
82442
52473
64876
65858
96484
99460
53566
98670
68212
71232
87692
60850
64913
67694
98781
90061
96141
79428
54838
56558
54373
52876
97289
58902
74658
86263
74518
81970
60343
91836
99703
89501
95074
58783
99281
70639
97276
84715
76220
51706
93723
99129
96950
61367
67387
65932
75300
54982
97922
98208
57252
54141
53688
75237
52658
75225
93187
72122
69005
50370
71148
92175
59623
61082
99942
87568
94793
77863
65277
68064
53930
54794
97496
83297
82706
91137
53687
67465
89634
50947
64570
77964
72550
84004
64467
66716
87583
90367
95924
83397
78181
89526
95151
86346
54818
60790
60255
91689
87111
85537
53495
99332
80499
60760
91366
57309
79729
91392
75512
81638
65979
85361
56933
63518
61901
99443
76512
66322
62851
93957
72467
65673
50657
59673
86884
97729
76391
58508
80650
54657
64919
63284
88210
99287
78885
77278
60806
84480
70078
96017
95245
73171
71656
77458
94650
64645
59406
85070
66323
94454
76911
75689
66001
88787
71289
63756
93872
62220
62279
52473
86039
91265
75058
67465
50178
71538
63993
60452
64330
99748
92223
98629
53915
53232
65504
94101
79058
69338
59138
84383
96376
81579
54277
91971
50385
95955
92036
68636
63120
80406
81013
89935
60571
51773
76333
66989
78041
81135
58662
86566
78855
63995
66952
89945
71294
68798
80695
60742
61841
83365
88035
50920
73261
50708
88830
85162
84783
98586
81687
73397
67830
99127
60437
81780
98873
54990
70155
94023
88021
79557
64014
53057
78326
71550
69501
56616
88269
72652
52256
66456
80605
68362
85323
84953
75853
55197
73544
75788
73868
57914
95783
64050
72143
90018
69281
74260
55403
79026
51960
89370
74957
92256
76945
94004
57597
88358
60034
75933
64110
67344
80137
73529
74523
50139
75046
80243
51509
58576
55045
93250
77169
87709
91974
97909
53894
50032
99849
95330
95842
83915
89995
68677
71780
71094
57894
67068
99776
89428
60597
80133
55682
70229
63664
58345
50214
51397
78525
85296
90336
92353
75913
55740
60802
98467
98153
94558
58603
90604
97999
98531
66105
90096
53499
73102
75576
68267
60857
50481
95540
72116
66336
50762
77328
66541
81834
94372
99829
76466
90807
96164
79984
59049
78826
56266
74467
76421
50719
63869
64574
69462
86021
96339
77669
91206
67892
78825
78205
78328
95918
88731
85368
76123
68506
53640
72958
67557
77743
70773
64449
80336
78390
60035
74034
84995
57285
87420
75633
89967
72198
89089
87701
80888
90723
71286
71430
79329
60307
60439
97825
57625
79711
83452
90065
96379
91790
72874
55449
89242
85947
76647
90459
99356
77670
89822
66448
57614
63312
84719
70261
94816
77701
58743
57603
79368
66689
52074
74417
88236
62895
75942
63315
57866
55342
56780
72610
82488
57527
77551
89647
74189
57282
84922
87342
74493
97220
90478
95584
87200
80881
80416
63451
70330
92751
56311
59417
91690
60258
50440
97058
77888
54042
92835
91753
52184
56488
87771
83601
63637
76635
74744
68270
53833
60907
90587
77368
95922
55086
55756
85404
73117
50496
92162
85158
61286
82622
56244
62887
90163
84054
53717
52431
61102
83731
82505
91930
67981
80925
92565
71832
79589
78515
70793
68506
51803
63980
60402
94365
79186
94338
88268
92701
72338
51056
94607
65358
93704
99195
87753
64600
61079
66941
61143
83815
53675
69402
59114
89066
79480
60170
94164
60087
85346
87764
95458
78379
89187
85862
88877
77351
92941
98647
54751
85339
67924
73382
54434
79669
68324
50286
96122
89151
50336
80664
59906
54745
60260
56600
65563
59562
64736
81357
94688
86498
72900
98367
71628
92874
88222
95205
75139
99250
94976
71456
78611
79270
52825
74657
57992
78361
74893
58704
64117
66981
94833
89136
52699
77900
76510
73130
73562
56770
58897
76386
83779
62418
76487
90457
72512
78905
86030
99225
87687
94091
88140
71149
69308
60205
97955
65739
71937
72957
71324
95524
79413
56142
99931
77145
68574
86027
67334
68220
50177
79518
57493
76881
82606
63436
56741
59537
80777
54391
71151
95204
73830
66212
89598
51902
51842
95636
50371
61018
73139
64847
79249
80035
87780
53158
89572
89899
95831
76184
59842
95666
79540
94049
95086
78177
96452
61702
88468
78508
50469
69992
87009
61277
71577
82746
72320
61418
56781
52235
83575
79955
91062
71919
78303
75374
92144
83066
76607
98424
77516
79414
74018
53925
65124
75510
79797
78835
73827
67016
85659
91590
65572
87571
66387
93750
63155
57917
89800
51384
68282
98636
62311
80062
58471
56349
75225
92212
72795
50329
89135
69585
51026
78187
85248
84523
89542
85725
54667
53566
70678
61203
60741
52441
55361
72481
53271
50934
87959
94932
57460
52929
62258
97530
81454
88790
71834
78097
93551
69635
94056
55655
76619
83216
76513
89941
83190
58805
95965
55912
57125
71538
89788
59691
74984
98056
99388
74417
88330
90565
58261
96891
86209
73488
65659
97440
68343
95526
52448
65136
74937
58751
82814
89845
90692
72204
75080
85822
60396
88253
75265
87552
61581
58287
76505
63347
61198
55792
93504
78824
60759
96906
68712
86312
57639
64685
78030
52015
91552
93525
86151
54055
79516
76961
67543
99141
86299
62263
79912
99817
95983
71450
59926
62919
61590
83177
85291
99302
55744
92168
78976
89617
55417
92417
76303
60441
98751
90423
64191
68703
68432
80139
84235
88283
87682
78719
60130
93267
97734
72230
87031
73342
81563
61177
98979
68608
60891
86127
58423
78480
75899
97670
67730
79715
96807
72176
80465
59293
89895
50308
64983
63360
55719
52970
87504
54998
75797
88449
76483
74386
58040
73590
91273
91513
54470
98204
51062
89203
78919
59059
67024
85018
94259
62858
72699
68693
63064
58923
75378
80351
58788
53659
96411
85658
54278
79068
90641
75060
96631
93565
81766
94316
79532
57105
78685
70863
59890
94805
89789
50924
78639
59252
89388
62893
69981
51529
76064
57318
72127
99298
68932
78580
97317
64293
59876
52571
69362
61201
64873
95189
77063
80157
92800
62253
85948
87917
55432
76941
68477
83568
58820
59263
85935
61206
50971
67998
57929
83850
99389
75160
72891
95444
99007
69824
56973
61710
85147
61260
89560
64240
95609
76574
91258
91698
67582
94005
53773
65559
67511
70540
89846
82043
50757
69019
53102
82935
98621
51347
85189
67200
57753
72153
92985
91862
81465
94190
98826
52597
85180
88125
84919
98631
93080
69269
90213
95883
81391
65066
90334
98889
70854
77575
77061
65023
91726
50777
53398
66735
51518
98496
90020
57668
53294
94399
99332
67948
63321
69978
83476
86644
58668
66061
90865
80256
50417
86185
56837
64029
90039
97371
63038
78579
54865
81510
95567
60108
59450
96572
65323
90998
70737
58196
90423
57991
64970
53203
82574
84096
89224
80789
90303
76662
91673
70390
78284
77015
56284
79859
72600
90429
71915
89509
94079
80075
53881
84205
53220
86407
64026
77193
70514
66092
97674
54171
58926
97533
93245
93790
80526
96276
85545
90249
79707
50104
91908
53806
75041
82010
99939
59600
79270
90298
94137
96945
96107
73279
59430
81283
90581
64498
64858
79770
58200
72250
85578
77391
77363
69389
64042
68895
51535
59984
82514
61674
90322
55131
91338
98495
84036
82134
56046
67755
98860
97881
97577
78415
81895
65608
83074
64400
77690
89485
96525
52232
85196
50304
84789
74356
77086
83624
96965
90134
53067
81517
93975
86744
50630
72057
50016
96046
50398
78356
87895
91717
68359
81531
91995
63947
82875
86223
83860
58084
70117
51395
68880
53049
68691
67234
86174
69169
82178
50111
71636
93381
79039
92516
88939
56627
79042
94440
64200
84821
98181
85567
56722
59327
78849
82714
97229
56716
68069
84740
60413
92556
79852
53694
56659
80227
94579
95206
79268
88735
97451
50907
55022
56042
78009
90863
82887
54343
52198
67647
98655
84112
79049
87777
65708
65626
91004
90956
63435
68752
70724
88731
76579
86181
88279
91050
66838
97763
79597
88461
63222
71095
52668
50436
51689
69664
84350
59585
53763
97938
90562
66373
53473
87512
83597
85160
64849
58138
91092
63651
50141
79191
62115
88411
84523
53003
67077
86511
86916
73068
85413
59916
55006
85774
80835
64464
50578
60815
78604
83061
83477
99760
58655
92934
97562
59737
91190
97394
79313
74917
96516
73657
86123
61337
77420
57374
81208
51036
77207
57274
54920
90117
85279
82931
80064
93429
62624
72273
70351
86444
55884
52793
53539
93661
59717
78007
91760
65856
63585
65700
70247
59094
78049
57883
78975
83827
94530
65181
92594
57203
59738
80691
69737
51191
84034
66967
74150
99298
56944
98923
53669
52060
91225
96469
71479
81692
82007
91068
54242
68768
83101
50802
81625
92619
50884
76857
54316
78586
80093
50644
77441
62247
75702
71554
95960
74034
92734
99927
75860
50570
66415
93679
97786
66297
62255
82943
63611
76777
93597
58360
62925
83636
66747
83622
87365
77559
95578
58357
86405
92821
61773
78098
65071
97453
73049
80604
79886
69132
90948
64972
90777
92587
82397
95601
69585
55396
94229
91249
72291
61068
51584
72705
80286
58220
74330
95413
91942
90904
78466
93398
80115
92229
84943
98622
56222
97167
72817
94450
61531
60508
60134
66073
58061
90839
80085
71760
76525
52769
69417
84297
71717
90050
85320
81911
61731
61681
84818
58933
52351
72651
69272
83181
80469
53354
82812
63543
69824
80773
86557
82599
90840
59248
87311
98904
75307
78451
99335
92955
55689
78055
74207
86078
95097
66476
70427
64663
64353
58690
71142
64282
65090
54568
83942
86555
91242
54809
73383
78287
88478
64440
79289
64355
84194
97031
69767
70250
72270
50988
61229
89183
61695
50768
69299
94794
62478
71789
62762
80265
53045
67401
98511
67048
96225
89187
94576
59661
67109
89303
66723
86772
68117
68926
99770
85328
94139
53683
73157
70659
52639
82218
60332
71361
87641
70314
81722
52288
82072
93421
74627
57750
78187
72607
69226
81873
68259
87780
82475
54376
74951
50303
54405
51539
56112
53052
72547
74427
71819
71963
97462
64222
99500
59036
82308
60494
54892
85537
80759
97970
97823
55154
64527
83367
68463
82909
61947
60361
62282
77157
76883
94307
92550
77091
75567
79998
80174
64601
71014
50079
77190
59676
69915
63747
95209
64991
68335
73736
78998
86359
93139
99577
56556
98308
79943
95614
50793
68478
63366
87860
72107
77252
94301
94135
63129
78666
58899
89698
66263
66936
52551
96509
93521
96586
74208
93356
53152
99458
63563
82237
53498
93714
55199
57688
61937
83770
75416
67787
92865
85105
70420
86626
89530
88296
72456
98636
97273
72445
56804
74845
94024
54069
84531
74663
66790
61862
51918
63321
61928
98827
54716
54318
83428
98966
81736
82599
62750
52626
65091
92988
78756
57817
52854
59006
60090
81303
93711
60303
67971
91083
88207
99218
69429
92581
84494
84945
63352
96505
57322
57706
70396
96580
70441
70914
62765
98966
75823
86896
80352
56698
75425
69743
90111
95095
99112
65732
86604
81331
54555
79014
78955
80993
84960
74877
69341
64809
99205
69911
87275
93355
62815
59909
66955
66788
92844
54846
56619
89999
80111
67652
55979
99144
61285
87355
96375
65636
87301
78067
84603
74542
57725
98199
62103
92477
57855
53047
77913
89013
64426
61013
79351
96461
78670
94613
94043
59670
55651
80706
58088
60922
75852
77887
60815
87208
73379
73191
70712
78534
67897
98406
51044
84013
82498
59278
61271
88030
66081
70286
91105
76544
75192
90734
65622
52094
89167
86279
96842
66695
57180
87645
64534
99743
91569
93724
58286
88602
63278
57278
82641
62919
54988
60778
91823
71561
76727
81048
85724
82199
92995
52700
96611
98712
85435
62675
62344
67236
78937
83806
63127
97441
85408
58691
63908
59072
89348
59612
97044
97309
85671
55283
53240
63452
78529
66042
83411
58154
55656
63643
70666
85188
99297
69186
70779
62848
79880
62252
66751
97911
62401
83108
96860
81086
81583
77190
54337
77423
86462
67947
82675
83659
82470
71378
78232
51935
91211
63716
56646
78690
55056
88704
88171
77335
74910
55905
73313
61228
83776
55405
56302
59832
96488
65375
84188
69013
77320
52549
86342
71151
81390
64498
51446
97864
91615
80701
84959
77372
92215
51094
57388
66274
52137
97928
51456
95324
52514
79169
84685
79018
66811
80049
66506
59299
77476
89180
81287
84476
54948
51697
78903
73275
90586
85113
52155
66522
62019
71992
77081
60638
54892
99508
65219
87047
94999
86269
87854
84968
50880
94847
92382
81082
71815
92158
60246
91036
78441
74400
87702
99265
57024
76833
67888
77863
50739
92411
70855
79933
98208
59306
89701
87069
58709
85656
78221
82403
88808
75856
69368
59015
66604
76572
74609
68054
93513
95510
61681
66417
84094
90204
81993
69470
72146
81272
79675
65239
95086
66844
72613
64318
68884
68688
77380
61993
89549
72465
60178
70776
95355
58445
82493
90103
76567
75152
77796
96430
76264
88190
74992
68993
70768
77956
55718
64061
76846
66857
77264
97684
73962
84126
96791
70588
61752
73488
83507
75740
66685
92898
66586
64609
55084
88832
65405
53134
87224
56559
63087
74845
66059
86826
78194
75197
92883
87497
99036
55865
71631
67488
55975
87545
87925
73073
93723
98359
51895
56221
88488
67857
62066
81095
61973
61792
92460
53821
93364
91723
88909
77796
72022
73252
80677
70606
76892
67298
91795
51766
92047
83116
99468
95442
74727
66513
90645
76140
86097
87550
58843
50934
80237
89231
62732
91231
95889
51387
65748
97347
64665
93023
68358
88173
73923
70748
73227
64348
83859
74647
77526
61721
53501
75935
67386
64871
82374
75923
89575
89463
56911
86231
99154
93503
84550
61346
88529
82160
52910
89580
87010
83912
76902
87633
57063
63931
67811
57290
90356
83636
93961
87684
70535
51919
76489
70020
80363
77215
93978
81730
59790
54410
59754
50749
57649
98929
60251
54987
58580
61591
96557
62564
86747
98649
87218
60301
92549
98815
78205
73630
85313
86310
96896
88958
91550
77649
96738
50797
97720
89162
82312
76360
67411
60427
99832
94015
51539
84996
61122
86616
71753
74534
90822
97022
66678
90332
83924
99087
55618
94047
84185
68868
86163
85487
72618
80771
99743
62453
69178
82943
99586
84671
96266
82265
85748
79027
65457
86700
59592
76015
69962
61021
63563
73686
65535
88479
74731
56881
92446
73790
97478
78424
78488
87450
95723
75381
63309
69013
81479
64319
76535
61172
53570
59143
60026
98592
81569
70070
74264
97506
65852
68525
90318
54101
73562
54256
90783
98076
66822
50960
62024
90765
59344
64593
75369
76018
56588
77444
98722
60237
86996
70010
73609
51524
82845
72765
67415
89952
88621
73812
53100
67040
93972
54713
82023
76142
82271
76800
72599
86293
84809
63317
89675
71725
70160
75032
91741
97918
74857
53351
74147
78744
79469
74439
97980
97131
81298
95708
88415
62493
88623
56443
96875
85211
51539
78747
52247
54004
92259
72503
68828
73342
57593
86832
64940
75177
90414
84533
53609
56324
82859
51967
91141
87072
80846
84196
91322
68809
73276
66885
73558
78137
94838
78670
95758
68380
73021
61827
87053
70705
89738
85205
94531
96865
76858
86850
55816
58658
62732
52112
83102
53369
88346
84813
62571
67180
60936
77393
94337
51455
64384
59071
94919
97622
85537
71152
90872
68418
93861
68143
84889
79810
94666
72236
51705
57009
73973
98855
76039
69650
96713
51960
59495
94940
55970
89377
72741
72417
98267
67493
68910
61387
61677
57444
50788
93195
65266
93253
92642
78615
80966
89826
52378
70183
71750
87780
95530
86346
53969
67805
90093
71707
82595
79650
55835
69687
90004
68093
67698
60039
82980
94788
64169
56058
99076
78255
72233
52238
56637
98997
59559
64461
67967
77419
61973
89077
90140
77650
77581
76254
96941
93124
89729
73736
85547
74683
66181
79972
83860
73351
86658
59649
88645
53989
98232
98047
68151
99642
74404
98926
76814
95501
94964
55945
98698
55538
58224
54637
54295
52009
96384
81205
74832
76647
60848
69973
88707
97268
54345
59715
81723
95012
56522
90695
78469
63977
53853
78016
86341
53330
69925
71339
63151
55827
77584
62247
76288
74878
67033
56602
64264
68409
52238
72865
93791
86492
50521
66948
71086
58136
65974
56828
98459
53316
99382
70577
70740
94310
95896
79599
83660
64653
77273
89968
58094
69484
57462
83862
50744
94902
71492
61697
52498
58516
60526
88734
96092
78094
81859
88221
72583
56757
75418
68760
70677
53724
56517
52013
95116
97261
89593
54365
62750
59526
55200
51376
60688
60180
52095
57795
78776
56609
81951
98790
61056
58339
75670
55868
71134
84784
66789
80220
85185
96817
70125
55497
53158
77110
91011
51053
76689
79949
79374
93607
69552
50611
52531
91097
74361
66308
82394
70817
57891
57061
66505
74981
61412
93381
86218
79032
55250
95198
77088
69798
64577
98077
72484
58383
90628
53356
97269
78023
77241
69320
85349
93936
77566
67650
66570
81090
93148
81306
72519
68573
66453
93675
91758
50307
59849
61382
98867
62171
64972
82153
84279
79110
87732
53131
95779
94210
74962
55121
77734
55811
75362
70537
83231
58426
50358
80973
80172
68884
67268
51073
55135
96156
72256
62503
83359
91370
57828
58819
56698
99709
63398
77624
81888
88629
70715
96764
75188
71287
94111
55699
99914
63210
57531
66088
94437
58418
72012
67716
76859
94805
85703
90153
55465
79648
89011
75240
91768
64864
71500
62277
70844
70703
72185
70334
81401
66593
97739
51514
97804
77946
69273
56552
71569
83445
62673
78692
80809
78946
55118
98014
84359
92201
71979
91463
58504
78541
72095
57565
75446
54537
78438
64451
90561
86252
57206
61860
64249
56220
60952
73467
61778
71163
87834
57697
94330
59414
87471
78420
72082
64586
53831
82363
99818
52592
53494
63102
52640
64876
57838
76602
93165
84159
99043
67085
64045
58971
52122
96743
69915
84517
72714
50319
85467
59050
62116
85565
58773
88746
79110
64599
88962
71945
88616
81746
66497
70111
74587
55984
71782
72723
62379
53253
54292
54096
65882
97395
89443
73292
97517
60433
71037
89251
83110
76240
77516
56134
77844
67964
70420
76795
70338
91184
50246
93871
78812
94229
85871
84271
68570
69776
96241
91360
82579
92299
65473
85323
62798
73531
73182
86607
59830
53526
78558
96151
95919
54399
66610
88583
83145
85768
88186
84955
52584
76558
98084
91012
54672
89998
67259
69316
70651
73871
85417
86850
93261
72051
86741
66506
80049
96875
81919
73020
64054
50998
89148
77141
85254
78443
77794
55474
74897
76331
68516
52685
99344
67524
74087
85665
78640
76244
92840
98471
64502
52019
93478
82878
63010
52894
68868
54470
68409
57149
78753
50232
58501
81575
74537
62689
60483
65783
96429
59276
80768
85066
88854
97644
93871
71812
69688
70165
61199
67038
92666
93867
82701
99545
75578
70437
73214
82967
62214
72727
67736
98147
74459
53671
93848
55723
97713
87977
66653
58939
68584
77189
89604
54421
56771
68701
92251
74945
75456
90983
78655
87749
82240
78600
93552
69679
77475
50185
70555
81876
73377
67664
80010
68946
92000
96100
52195
70574
64977
57381
71783
63546
87851
63527
98781
70392
75434
79019
86879
77651
76700
82896
65440
84525
75658
72170
74314
80597
71482
56690
67212
61304
55058
91849
67976
74401
59292
91807
55839
97611
58846
69272
76957
58963
73686
89603
67055
66547
86292
61192
86298
78450
73978
59411
90994
57850
71038
66359
99201
72705
96312
85045
74552
82537
69206
64202
77949
63259
87851
67811
75054
70102
72896
76149
91097
74370
77093
59347
80640
60260
54101
95243
53854
75794
81846
95663
77214
54396
97791
55756
91433
55685
96982
81129
82725
53975
69396
65680
95629
70533
82745
98270
80629
88819
52824
75498
70579
59936
82616
61577
90972
87389
54508
96389
90523
75806
97533
94727
58617
51055
84941
50985
76388
89435
80755
79999
73555
96683
77606
77793
75253
54755
92009
54076
76654
68923
61202
56408
80230
61731
70090
59863
86529
81251
80582
94854
93519
69532
77244
91395
71322
52330
52662
81175
58047
68784
91944
64583
86594
64415
64296
54272
79370
58043
81055
60904
81974
50503
61384
74049
73753
90229
82462
93008
75961
99259
70231
57319
64434
59596
57203
93016
92576
81136
88915
58787
80266
85997
62955
60796
50061
60073
99162
66027
63077
69076
75532
71202
77698
83882
97599
90663
96848
68807
67544
59078
84207
68440
65015
72733
71292
86960
89744
53783
97513
99115
77811
90599
60280
76777
63938
61794
75972
60458
93334
73303
66275
84332
69237
57688
54312
83152
83970
91071
52813
61539
74249
72618
62952
53902
78070
61774
92338
76296
68665
72781
84457
58550
72829
97043
52899
81907
57247
84239
73450
58485
57792
64050
66556
89943
59070
93265
74579
79872
74879
62792
64662
75224
52171
60101
90091
52212
52308
72353
65447
79764
89348
95598
78919
97924
81835
86439
96602
69888
54759
52478
92609
93035
98047
57197
90998
96815
57835
57467
97100
95206
91329
65185
61750
85618
79160
55144
56919
92732
84131
71643
95561
81183
84341
94135
52294
64470
60549
62341
53303
77521
59851
90202
61539
58399
63777
97536
51525
83299
93852
85472
55794
87607
64281
68784
94164
64793
89789
90026
75720
92589
61145
86661
64542
80644
69604
66287
57236
75600
81938
58025
72366
74015
61465
91392
62524
96524
84101
76042
85638
53444
91656
79058
69343
92349
86073
97398
74352
51921
88050
66384
79833
85588
86795
71343
90003
79156
69318
98502
75320
86002
67558
88038
96233
67839
77066
58276
85047
84217
83660
78615
80785
78798
70356
60899
70116
92782
97905
83010
96527
66480
63875
77828
64946
71898
64376
61451
84826
96020
95177
77301
62671
53128
72735
98645
63022
74568
76328
96811
68163
70502
58043
98750
55999
63113
86549
69933
96932
87247
54575
87576
86123
84719
77734
88568
77541
57945
56556
77378
64728
82228
62045
88250
64233
72065
60115
84691
53362
72355
75555
73559
65248
62304
98038
78075
88796
65437
90070
54007
78289
81557
54576
98082
50177
70979
88073
85888
99118
92241
59924
83906
93023
97762
88806
86443
80857
71036
63876
99004
65556
92760
84628
89716
51641
68011
73787
89574
52999
85526
53070
80156
71461
53354
84874
53927
91027
82782
69597
55098
87543
61353
89272
95549
54385
86649
60878
91460
54614
72628
50871
73229
87591
86815
83024
69074
70192
81330
80669
69753
71642
69242
52826
62255
67943
90174
72823
71103
98247
94275
55749
86653
97452
52619
63744
78100
61012
76528
69384
76497
58381
83843
77106
75338
53917
74912
63007
57902
69526
89266
52593
85890
65218
56957
98772
62702
61727
78579
68692
72970
51420
78776
93638
72388
88206
86208
81100
72924
90403
51540
73872
95208
55864
78436
69638
84846
75122
50594
60761
75787
95264
69927
62453
69544
60810
55278
80224
60831
89521
76868
83985
62932
55705
93339
90964
65896
77527
75500
59700
53827
82451
59110
85786
69727
96684
96657
95948
77714
92808
91325
70230
98855
89271
80747
55426
71011
88923
53257
85294
64207
73946
94154
93434
73661
62954
80574
96185
51825
84304
89993
97523
60812
59382
76685
82970
64349
63459
70795
92239
60298
65575
57075
52202
64194
69156
66376
74552
84503
76418
51043
93644
56066
68782
93677
85402
80854
96430
59810
94999
73236
82451
72723
98350
98289
72251
97354
88340
93730
67807
77497
89844
94933
52378
80855
70442
67537
57708
80140
55875
82247
76162
66241
62104
62236
96238
94433
73228
66466
98754
96792
78039
70028
60375
55110
74322
98367
84483
96295
87889
73538
60814
78087
86121
59462
88565
90967
80335
86081
88306
84060
52290
93583
67237
81132
76844
92223
59953
80554
62405
70205
99810
79068
65417
81921
98813
98210
56476
70725
81814
94508
54634
59200
75605
52869
87337
63139
59349
71849
93075
50269
68432
55212
81988
60263
59705
69392
93354
54535
70012
76335
79651
74142
93096
63050
95684
76604
58308
51148
57767
78103
76206
79699
55199
93752
78519
50707
76446
92236
95402
71182
67355
50055
52346
99415
51694
87052
78093
69840
93356
99767
94989
53908
86234
55863
99953
51731
95886
95372
96717
89043
96181
54622
65672
99107
61034
62006
66830
66221
75950
75755
74192
59348
65556
57258
61164
98925
56942
82767
79806
91093
98489
82241
88944
63804
64670
72834
77004
87756
64365
71745
53375
76804
86617
73887
91928
70263
75473
67540
83467
87108
93876
57891
57373
89284
50622
68960
61250
93836
60157
79303
63657
70554
86971
95694
67423
64275
54277
90077
92196
58987
75519
77666
55926
74275
84585
95420
81907
55167
96040
95260
61806
92655
74635
99224
59742
74606
79058
67476
79727
99282
86806
78530
72929
76299
82038
99872
87554
52493
95190
53658
63193
64579
89344
96028
81236
58785
75917
58498
75569
70913
65906
60412
97693
75378
82436
50084
63159
78468
53407
52150
65698
90961
52485
67298
67066
71231
71916
88983
58317
77454
94151
99905
68995
59985
84087
82418
90652
56076
85840
50342
61288
63361
73246
66334
81067
65442
75744
64501
65138
82160
86403
70816
83256
85893
78452
60112
54417
72783
78688
55111
82865
74467
73818
78212
81283
75302
59154
55447
54065
95553
82422
75517
66084
69573
67018
62880
71407
66904
95957
77018
89937
89514
77364
50835
95447
59202
85329
50887
65411
58936
74145
88852
84733
74122
71315
71653
67626
79118
90982
61214
88552
90290
59829
83457
59801
53674
56314
75613
59820
61357
93130
89621
70398
81687
75603
70681
56348
98105
80789
89482
51502
91887
92395
85400
57559
66326
69150
63527
96415
61724
59922
68117
52539
59527
81340
61042
55365
81073
93840
63534
70337
84034
92533
66469
70950
61895
53584
88402
73457
70459
85940
56598
77697
72187
58501
85586
57435
94911
96640
77615
99844
74576
70743
87916
69834
76162
90271
86269
93723
89604
55449
91246
86096
68929
96894
84307
51017
72332
90107
55712
94451
84242
86355
58270
93963
83898
54311
95817
63595
73033
67697
75779
86190
58013
71643
75453
69891
70301
67144
50063
94282
81608
85383
58268
66628
62072
77619
90687
69624
80980
74468
72718
76403
61315
73466
57376
66427
69937
68912
86415
58855
51710
53227
63702
59280
85870
77699
58139
85715
87131
94459
97847
81209
69073
84898
75842
53159
84571
52560
74600
93451
80151
84044
72188
69906
87452
86574
85035
70410
81006
75600
94298
89171
99079
51669
77864
86861
73990
60809
96556
54522
84175
65695
60405
63984
79559
92507
82425
98805
53477
52913
59900
96883
57764
88393
74855
67936
92124
85333
96580
80024
95498
99707
71953
72412
53517
90182
70393
60602
51807
58259
88336
76203
75654
63530
94714
68332
68900
73223
50356
58898
80827
61335
88019
80889
52309
88642
58922
70128
56880
95079
88639
74820
64812
95196
87128
65831
94485
83885
85676
84931
59265
50649
54503
51689
69124
78128
57413
95058
60128
57669
90017
96727
81709
52063
81198
56865
74158
93022
75254
52288
82406
93853
74152
66868
84781
64027
64150
90448
86469
82055
70058
75419
56726
55419
88259
78567
50535
60969
83632
69207
72506
56673
55141
87861
78262
71266
70605
63197
84979
98912
86298
76637
66937
86945
62013
75708
78701
51701
86683
91641
89693
97047
98312
70860
54282
76057
83056
62027
54193
76004
86434
80087
50314
86453
65258
98057
86880
75067
83216
86118
58775
56703
86927
50559
98563
65674
78801
80809
77352
55974
76653
83891
62964
69283
78920
75006
77500
62681
88844
57488
57650
89178
80940
53120
75855
62544
67991
86998
50336
69761
59118
62701
61559
92347
89872
52852
91268
73713
56521
80742
96343
69965
96546
76527
62621
86305
62972
52391
53978
70976
53498
89440
57522
60275
54693
57561
55465
67531
89689
56871
73029
85109
67322
62379
77511
87915
74360
98077
89131
52934
94194
70214
52859
86354
56070
70515
70200
94203
62313
94086
81485
80898
92958
77009
82399
86222
82031
69923
83083
57804
80981
85373
79805
89474
67661
76005
63032
68639
58698
93382
58356
72634
63933
87193
56416
52237
99156
94105
62978
78353
57920
62700
61568
91891
91793
56699
89298
87798
77586
78246
92892
70988
87137
84815
71721
51057
71372
53389
83499
61737
94361
63341
97441
96397
82940
55448
96854
78836
92314
59478
50606
82082
89966
90403
69983
81578
75669
95604
91109
78576
87266
58967
54518
59540
81418
96871
63822
95647
93158
83370
97776
53464
51843
75764
86818
55870
96955
54967
89697
61382
93544
99983
70132
66223
80733
91559
70850
73879
91295
51868
67927
98167
58015
70895
96491
70010
80353
57576
87168
73298
98362
62021
58703
69361
53836
90018
97112
77437
92858
58121
90072
54011
61237
73411
59428
63591
69357
90742
80090
53319
67776
52711
72683
50070
56901
72734
82034
73395
78169
57959
68238
52216
74116
50827
66350
59907
87074
62425
51328
89811
98364
58407
97021
75676
99679
55683
81135
64194
67011
62658
75546
71146
72678
59198
94728
88019
74778
94396
61636
89986
51651
50573
97471
83006
85648
94229
56555
61056
80470
51716
52466
61252
79628
92342
96281
61265
56527
99487
51558
90020
95179
80705
90435
65854
83878
63298
76989
97519
96780
69924
60576
83325
95751
64893
78538
50157
93864
91853
78028
76568
51147
76533
54873
67577
83424
82441
90934
81976
95321
57419
91354
77880
97521
78063
82406
51084
71868
85974
67031
83136
91962
98060
84874
86569
63861
54826
64936
66792
97297
72599
89703
73444
58904
78824
99861
85774
54783
77759
61465
58050
58148
89222
93820
94379
56749
56199
58424
88631
54690
89977
97406
96569
86144
60272
92150
76147
57466
71918
90314
71330
59416
62482
72337
78834
52770
55295
95142
90486
71506
78714
63226
79076
54903
61632
90520
52277
97234
96183
84295
73618
99425
68314
57480
61448
54254
71070
87269
88096
78672
87978
99711
69887
65550
78519
81340
88467
83366
72654
59056
93824
56602
72065
92527
78152
72636
83573
86836
99024
55171
68094
88420
50978
90526
70880
80022
74795
79142
72076
57307
66182
83520
86962
83295
56759
67648
68412
91872
73787
90282
54455
66757
63276
85540
97146
59460
70162
70572
52108
51749
50380
74672
54623
82027
65857
93144
82050
86379
92015
98310
75670
67922
93056
70940
81452
97935
89418
70422
76235
66189
81919
52674
85447
73416
77483
74125
76693
97103
54876
66379
94938
97450
57677
56135
85247
72825
56405
88376
72133
95221
64038
90759
86384
88968
66126
97892
62736
79746
67245
69283
65298
68541
69771
94793
90165
94803
51614
80167
53140
69397
77767
71351
95060
98985
94628
91581
92643
99771
67177
54228
70901
70575
56086
91213
51298
92857
97662
82528
66988
93788
83347
99384
92348
78564
96139
95519
78983
62640
62206
87971
67441
51790
51060
65119
86185
53091
91113
51558
52459
87218
78405
57205
70086
80347
57070
71620
71896
88726
69031
65147
98044
73136
52425
92649
50347
53453
72898
91183
94352
56066
86540
91580
77094
88575
51177
98070
89466
86219
70643
53350
90601
84807
63829
65468
52807
65325
80065
72513
56167
84064
62388
62074
55319
70922
92930
55790
81907
75837
89436
68395
52259
70457
68451
61881
58465
61169
69948
65735
98261
79232
50569
87304
68727
78698
59045
62186
88085
54010
72762
77928
69772
61658
80034
96256
67190
96430
53683
60766
76859
67462
56223
60869
79553
90988
77336
57686
91167
60571
74947
56261
86183
58252
54670
93583
65453
87523
67274
95155
65332
80406
58908
80319
99700
83851
69554
86671
95619
65035
86525
57262
52864
77913
79298
96783
88287
63258
88170
80320
64167
58697
98420
88250
95484
93034
96265
91579
84129
92995
99860
59494
59170
93730
66357
74013
63466
85457
66971
55298
75904
74551
51500
64284
74438
69499
58429
59040
95485
75003
57798
96654
61038
89661
92754
79779
87431
96808
72892
79103
72877
53662
63883
87195
55031
98664
63627
75675
82041
69392
83073
96559
99253
72012
66164
74083
60526
68160
57030
52442
54185
52496
87078
51734
75719
72456
83662
97335
64285
90379
81916
73292
56049
62119
58480
76593
53389
96626
86138
81960
55112
73034
91770
95744
61119
64718
71866
96408
78306
52662
56740
54470
55345
55113
78722
84640
82950
85353
95727
99844
66587
97937
89229
58517
54038
72151
54301
75211
73005
57609
88240
78030
98252
54372
99239
76118
83175
97501
97172
74058
86692
94306
78924
54759
75055
81436
67327
93045
86002
85569
98100
95358
76369
54193
67124
81968
83402
73945
59167
72859
74612
98891
83167
96358
53181
66072
57659
98143
56045
69209
91146
91922
97173
88702
70460
85788
70076
93805
79349
88221
89908
71368
56714
60389
61116
95585
99749
60008
74693
87075
87979
56481
80265
91272
95874
57272
85107
56388
50789
88051
63062
78524
89790
98489
90302
74664
84688
78186
97144
62336
74220
50786
86247
81924
50726
53438
94837
53374
82441
85904
67972
76618
54449
99294
83796
91207
97080
98024
60103
80197
73207
88360
52711
58710
70320
82384
64964
88039
98439
94074
92532
87871
95527
57736
91190
70769
89424
99046
95858
73291
55932
55796
92088
92248
57792
84368
59024
79481
76231
87863
58739
74817
68175
72234
63693
56536
71331
96003
54905
74668
60383
75484
98482
85010
74375
92914
50383
87290
66109
56252
59816
61331
75188
78247
85270
79517
67744
75264
65247
73651
53609
52588
93666
90383
76217
76475
51234
82899
70748
75746
53251
68830
50588
76452
89659
99644
68144
85870
58862
95214
76400
75541
58834
63702
90878
75760
80002
87092
88041
68349
85177
77509
98780
97499
50035
96237
69790
70342
63352
72746
55360
95966
70292
95754
57731
79042
71597
79948
88257
79529
66748
63868
60643
78027
98301
97332
84270
55847
56262
61614
70761
50244
97529
53330
74998
71558
71013
60288
55298
78429
96518
76003
64197
50700
62542
64473
53350
94004
85627
54904
80952
94510
51128
67821
77462
57442
92327
92999
64209
52479
79300
54601
83181
81585
85454
97268
92599
71073
92706
78551
72388
98697
62914
59713
82283
98701
86408
95345
90815
58234
83615
83921
80986
57044
70493
75583
72727
58467
97381
72002
63024
64251
84265
95115
86096
59161
80625
59996
56530
51607
78402
98463
52751
88038
88002
83728
93196
78315
51027
95899
83168
69539
73542
96337
75707
82616
88420
89481
80044
59505
99418
91147
64498
62275
65953
78852
95872
52737
50602
91744
55175
84664
76054
79801
90429
85046
81223
93094
80169
61478
82426
84437
87588
62737
63160
58304
94038
76359
87056
97457
50078
97676
64340
84836
74235
87429
60571
81366
67330
55240
84360
81024
99657
69552
78684
84075
93136
92659
53611
67135
50293
57543
81240
78128
75776
60650
82973
52698
51469
94923
68000
59831
69247
55125
80787
99210
93303
81793
76008
76625
91305
60847
59049
61437
62399
93546
54118
55384
87235
71288
51877
70849
58575
82666
86510
86903
78092
74283
83691
57501
71638
77608
99176
90987
86583
61701
91039
55656
92815
61078
60570
86810
92162
62831
82729
76243
72426
59299
78827
60995
67333
81538
71854
69495
72892
66114
51116
65092
65000
51883
99679
71758
72543
89920
98994
59208
60232
52849
81329
56167
54190
98878
52444
76024
63661
98081
73528
98487
97575
56441
72777
50557
81665
62599
96513
63655
52506
85992
76795
89438
90527
54512
62117
55712
83936
92830
87109
57749
98731
73188
99329
88698
66912
70907
55153
88265
95367
57256
91377
88013
84740
64863
98401
96872
91582
99587
80953
94231
82146
92334
88894
91287
85640
75346
72451
92356
50512
83272
97908
73271
53124
64782
93209
95856
97516
87743
74210
81427
85289
66845
96951
96567
53473
52865
65559
80348
90070
63888
53028
65558
87767
87109
72945
80220
76877
71327
94984
77877
76657
54310
53756
97145
51722
74342
68048
71623
56020
85089
62015
63284
84495
56364
56553
58231
78426
76828
86385
94088
71922
66486
83661
94303
89281
88281
63988
84465
65725
60388
51432
73506
50073
55780
57328
72088
94160
59297
65077
53883
99459
51008
84291
64440
71771
83521
67357
55360
57913
68004
95212
52465
87814
90428
68103
70555
50991
97305
94981
67645
80727
64807
57076
88490
50749
91306
76244
78901
61974
77422
89468
92598
98825
98391
59665
95557
90517
55032
85265
92971
98833
78298
72628
50885
90666
87064
67621
91418
61423
98695
76521
62967
75401
75012
96948
66427
65803
96590
71550
81230
69732
60554
83959
93640
87129
98800
76586
73576
73132
54682
96381
79789
86122
97367
77604
86098
74654
51829
61155
58053
94471
60185
92036
52929
87917
80456
52555
87735
74636
54242
91682
89789
70364
54517
87498
52800
71564
78026
72723
97660
84076
78139
73672
88819
80078
85219
59270
88006
89099
98196
82616
59988
91055
76383
54701
64929
50992
78314
70715
61487
81002
83557
81368
64669
60543
99999
58418
88461
50205
99890
58780
67292
54635
74221
95733
90083
87540
65692
66024
57762
55931
58699
88705
83823
91029
61764
82031
51637
71842
68469
51020
64579
85484
57667
57830
74740
55839
71571
89960
82175
90286
80451
79837
93207
94390
52338
87659
53885
65505
90443
53201
94342
92337
69120
60875
96368
73574
60511
72310
90801
99736
84254
68058
75833
57780
97251
81526
84284
93082
86520
98564
91104
73022
62137
57834
58912
56742
60982
95715
50100
87454
70872
53412
61936
50766
61684
68955
76702
52606
82139
66657
90752
90484
69540
97701
57243
91637
90318
60818
72750
83835
55044
92771
90117
92652
54714
51149
60083
79505
62209
75721
54711
99112
55282
94535
72096
67981
57405
74330
57098
64998
87394
80577
53908
77090
55508
63285
58930
64528
60188
95042
90504
82644
69820
97521
72069
59687
70261
92305
74053
81384
93536
55520
94816
71681
59993
71008
60484
83612
68348
61127
60337
95541
92293
78862
76504
81908
86779
99704
50173
80135
50098
72520
66957
51901
79054
60054
81139
64869
68888
75755
82020
59460
73461
95761
93727
86777
93838
62502
70647
85358
61077
53170
65949
71004
70196
87341
60250
84810
85671
78158
69269
98946
54910
98885
97922
85562
75312
51142
68358
84251
84353
67613
63861
67295
65795
70721
64167
63059
72770
97594
73699
73261
85929
86580
87408
73672
68098
77479
93739
70977
93415
98225
88867
76799
62502
92487
78492
65839
92078
89489
51724
82448
73758
80133
62129
96667
95431
82892
88771
57312
54859
69406
82658
50860
90683
89120
81178
59416
78426
71398
85093
85964
81788
51087
88506
69287
91131
91084
98892
69673
85245
97679
96701
83303
75515
87115
87580
81161
82635
60463
95123
62535
95610
84124
60670
69663
63089
99674
61416
59940
82920
83211
97536
62893
80208
51512
63347
57060
67590
85760
99806
75022
91521
96378
89122
54173
52023
56071
69716
59000
82241
80803
57350
56119
89435
75967
78490
57534
71366
53302
64997
93433
63572
98472
81641
64975
55481
54936
65025
91892
90345
56083
90056
70507
73504
72511
87880
90807
75983
87631
79235
99120
79066
66235
94998
50510
85516
76412
69240
55617
69123
90878
79774
92447
90556
62685
86651
98185
65171
95426
52095
62040
99324
85071
59227
73205
98571
96609
69133
55465
56058
72126
78567
54182
56210
86481
91045
68631
60909
97961
73737
64418
55706
87086
83794
51432
73149
97726
53012
57574
85488
61540
90785
86689
85928
92270
53902
71496
51503
71191
70652
55245
62989
85479
81940
80685
63092
97501
78448
97727
99858
63470
65400
97107
76539
70944
81124
56164
95110
86444
50877
73782
55497
66680
81534
80765
52305
72326
73109
99280
50409
67220
77324
77030
70458
98200
51032
55551
72366
87247
83416
57913
83467
68446
63873
82901
63732
83080
95441
86074
58916
60674
98020
54997
60457
95443
91635
51480
92119
77752
78049
61343
69834
76054
57079
69121
67974
82463
60044
83463
97557
65953
96715
50676
83641
94876
76709
69201
88515
81388
58011
74783
78647
57698
94483
52056
89452
93070
52560
83832
51490
78304
61763
97414
78845
99364
79131
99912
54535
86104
74929
74989
55203
77444
57175
92056
70892
54834
86236
86938
93986
80237
93200
96454
89179
63841
54720
85014
91699
72085
57387
64357
63635
69749
61845
90830
59031
56976
79061
93604
93754
81850
89716
53589
75321
63447
61680
70689
63831
72845
79447
71660
60076
76397
53373
77945
84517
99324
52366
84723
85575
53013
82186
61472
78553
62656
97746
50065
70336
52690
95629
91112
80092
65914
77066
91556
95063
67962
76243
89854
53975
59006
57451
69809
64837
55151
73904
83411
73779
51979
96212
55698
84761
97883
56119
54114
64733
55391
99524
90822
86817
83535
99512
90221
56822
56221
53655
73224
50628
75076
75036
62352
85763
65992
84802
75862
68091
55164
88870
82301
56179
65065
75878
75980
97432
51335
66189
79876
51646
60129
72785
73669
85553
78489
83773
87393
98734
61118
87844
95072
72201
68150
66012
91959
74158
57249
97721
93774
95258
92618
64315
54331
78199
59374
64517
62044
85282
55134
50188
96891
69317
70185
65031
95292
82460
89874
65493
86641
62281
75476
55963
69922
91519
79152
93245
74807
81769
85523
95515
83966
57353
72396
52588
69259
81314
96922
71590
50045
61695
77243
60957
62549
50150
68211
97219
98361
85372
82659
91562
75262
71512
68564
90693
93269
84461
64605
96507
83585
55520
85404
59072
85913
81057
60499
79459
76778
93959
70035
82355
61464
93550
59222
55647
74580
57045
85852
66245
64969
64846
99818
93819
86280
96842
69874
62217
74200
63750
60949
60853
92085
75969
58331
75987
73364
73157
80338
74017
66343
77963
77258
87049
55749
80045
99108
80393
95420
86564
71128
66078
98371
69085
98427
87154
65133
52349
55345
84004
81261
66275
50821
81048
86082
52561
63983
91169
62516
69179
75843
78151
84246
85062
89601
84191
96331
97823
68639
59811
85378
81603
97849
55533
93784
77780
75490
51045
63336
76966
65439
54743
85026
65097
57534
99703
98141
97990
91151
63081
88946
