10000
89492
85603
12548
95449
93292
1025
12199
67471
87187
50138
32158
97918
19546
67609
38652
85694
83101
38558
7784
34663
46522
27384
56061
39978
73910
91057
91935
47105
45771
10625
72132
40380
55569
89456
93748
72964
8372
84189
65615
94164
79373
11985
89177
75684
3485
75215
57078
67224
7459
99975
46457
23399
1490
14131
20772
16228
30907
23955
50473
96689
50778
46646
23053
11289
50434
76912
27693
93402
67483
12588
81956
14794
17699
19669
54609
5188
97138
42774
19649
26056
65695
54022
85366
91185
10598
1430
89786
58350
85254
60735
79274
15371
76889
7347
2452
84571
91164
28768
19110
77002
90907
1428
799
95891
41906
30172
29173
95220
65301
99544
79952
86643
59050
34780
25389
41107
8513
41563
65184
83935
17352
81240
33159
54473
70614
76204
93082
7221
47292
68601
4616
31713
22990
93977
87947
84
94305
84969
55446
82920
1391
65091
98652
39381
47369
86143
65618
65282
66826
19140
12641
10357
71303
66965
75475
12358
49174
39235
34705
98127
12185
8612
75586
75129
6531
17003
27557
26199
80123
18882
16864
95401
65119
19026
78129
79441
71611
27448
55071
35483
53395
44793
78771
37065
16527
4042
49787
46366
33472
23116
67831
85288
80322
81000
29004
83894
77088
71791
96442
36941
95465
8988
28528
48497
29362
72653
99360
44909
55578
72613
87295
486
92485
73774
87880
8819
74294
51720
31321
3860
1233
24286
88622
48225
52853
7926
9843
67665
24100
25099
87599
21391
60214
93665
51545
63502
58928
17730
60381
53173
38290
23696
63084
16040
12950
86828
63878
37471
99811
28956
52712
46285
11094
24406
46058
45957
4601
64077
92990
8542
65211
23744
22545
97210
60832
79351
57959
76290
8898
80944
89898
19796
79149
56734
36151
86624
13318
15170
11607
45048
42485
91976
36909
98214
61247
87803
60982
85887
67201
98637
26062
6975
26499
40487
7430
1921
20303
90022
22016
62227
43358
70122
77047
45261
70879
23116
6051
16376
14261
26161
80804
91754
25376
29327
36269
85037
26118
29388
56960
7321
15981
12803
94733
11893
29879
38126
99802
3847
35154
58718
24991
65164
78758
32643
46450
74308
95512
62245
55049
89992
66628
52127
33155
27225
77467
35639
95880
56627
79963
88643
91133
19643
65287
87912
88928
33826
99630
95034
85208
3310
16317
61135
56658
4890
51623
64078
20745
7834
50090
85612
70584
80195
12815
88850
67659
31466
62336
95934
16942
34462
74386
87715
93592
88153
82764
11747
81159
74288
11760
36166
38129
8149
49978
61454
59450
94630
49714
70710
61118
35739
57655
54331
68829
75625
38892
64324
48950
266
98850
33474
1459
473
41136
3880
60147
30929
93538
122
85596
36330
8417
82027
43723
54842
30104
81645
20009
79651
49760
23640
85740
98786
26948
41994
74756
22079
28258
31824
39680
62246
95691
45658
67092
10391
68340
37395
83495
36663
17923
42985
6074
30703
86395
59881
59744
51545
99701
83176
93419
48265
9417
20332
61030
1202
48449
81946
93828
87778
86340
43373
31827
83742
13261
56055
6495
46905
25768
51182
19275
81346
99017
63963
37111
88039
70218
88742
4843
41810
99643
70731
52412
11242
71913
2089
15495
55985
35164
11087
25859
69878
31397
46031
31894
88738
67233
10324
79233
18259
30845
63810
83347
15139
8891
23458
10015
83529
78557
96026
67513
14212
53565
69660
30854
59517
73759
51308
76010
40090
91539
48455
35828
88744
19457
73163
9879
54033
15014
917
72133
20542
8270
65988
35030
74412
21095
50339
70752
81840
7402
12828
49002
27075
80176
76505
11892
75029
57327
45505
7007
49064
71530
92715
60742
11750
71745
10606
7685
85318
50622
48090
25628
58075
54772
69663
88995
31755
3038
87101
69270
12363
63889
54358
94211
549
48456
84674
15108
37008
29545
80418
92042
69069
65263
82441
58766
23844
33982
69815
32946
29572
17498
22755
36708
62354
6005
19284
20606
13942
44031
27604
98140
19585
60524
14998
61279
59995
94203
51496
10267
44346
88769
43088
38858
9709
29435
90046
75686
15685
32007
33
57880
95541
3772
88506
93988
19714
42344
8672
96643
96523
27945
51312
3117
69390
36121
73733
42346
67808
91422
77858
18548
16586
91670
32244
84015
87784
18465
56124
85080
76658
32175
14843
64113
96282
58977
96455
64661
82106
92892
35796
62123
77692
92056
60973
28651
67173
314
97904
70323
93158
30814
13990
34275
69406
35534
49022
75949
16558
1729
15561
90284
23155
73370
30907
50248
57974
37284
3730
15352
73777
7992
55699
28343
29471
65299
77147
83430
26065
21918
3919
9921
91880
75045
56724
74921
60361
44578
98389
38486
68700
22666
70124
12393
85014
19512
96151
30862
10210
32629
79120
7142
91769
19726
24394
61365
5519
27145
4083
1777
17470
78078
29641
56295
25940
49955
47451
50436
80020
29298
55363
60901
51377
82034
62005
52430
14179
45392
10387
14288
78291
46016
11836
57594
64203
65273
30195
24519
41115
45327
91660
78982
65982
66908
50843
85539
52246
41582
4167
70610
33088
159
13899
20873
17451
57343
73581
58390
26230
19956
22585
11404
96892
78763
72511
82888
15482
41486
65851
7659
61746
64430
20074
59389
41192
95603
24380
15095
26802
94378
43880
3147
16010
94113
1580
51661
34004
82533
10034
5161
62245
8753
41173
65900
8635
5329
54562
45231
23358
14098
13578
69087
82838
17887
25555
24915
81994
93438
34090
80005
79955
87130
47235
94476
21316
45069
94066
47925
78578
59099
80002
77341
81567
42663
13622
51481
34655
16185
38395
59418
81350
37286
43784
22066
30520
57374
69773
8493
52852
93129
47532
61046
59425
55132
27887
32703
67537
28884
68279
10738
78494
94081
82864
13146
41068
30976
27873
52125
22883
734
19886
17734
36931
72964
11941
65068
41586
92111
34421
36851
60924
69069
94346
27062
89122
38388
86734
36130
31992
5618
27633
85172
15341
58693
47333
91408
89293
42080
65061
19359
20035
5358
23096
69488
93678
96010
70597
50878
33646
27666
14242
73338
53549
68682
8169
1142
30299
95217
39
4395
98959
23058
37764
74475
90040
54872
67154
25639
1975
10743
76979
91050
60036
61262
73038
34898
73417
81399
4929
25818
42860
98149
18985
75805
56976
79891
33246
38590
62282
34327
60781
67888
22172
57907
49202
9178
91933
47238
69758
52840
17851
13495
36557
6355
89157
79165
7513
20085
62556
32760
91615
78378
6075
74086
25910
56999
91965
27394
27112
53139
12548
16333
507
27524
8663
87170
63730
41258
54296
35364
26697
28100
16740
31252
41821
92070
59680
81724
19598
84667
39772
13018
44920
41291
41189
25481
32135
82350
87992
55746
18782
75719
60789
86709
49019
10435
52589
83930
12448
31212
9886
76697
20528
85287
42368
40559
65633
76730
7362
33850
20908
30259
98172
89029
37347
37858
34314
89558
10937
36241
74814
93276
47401
94376
62568
7956
32452
64417
24218
54735
7030
63599
26695
99196
74914
29565
25123
81490
88445
34572
86338
633
84824
72207
77786
50675
76582
63315
87009
19250
36705
45746
67111
8551
2582
42401
18252
1228
51651
18230
34538
84396
27879
67348
69885
82894
67935
80150
19174
545
70064
83232
79939
67984
91188
49751
85709
29653
98650
91629
63757
80996
38560
61155
93150
36337
5595
86901
83865
62686
24960
77598
46
2154
12300
41026
49787
8924
17376
72261
79084
18586
14984
86654
96771
66724
99586
53578
33126
25136
87914
26168
79489
35238
55525
6189
52594
54431
5532
96085
69226
78313
90301
73982
15944
70634
92661
87429
56094
49427
81159
43407
14040
25833
86718
66174
78897
40595
12590
87221
75639
85208
74192
39867
97160
7033
65033
91803
70513
9036
8403
28816
63230
1840
56571
75502
93559
22629
28884
85071
62305
96546
4272
59710
30584
78555
28776
84781
75594
1276
925
77638
35591
29684
22481
65957
10834
24938
50967
20017
51259
85613
2230
84427
70096
93740
7769
44473
18972
70286
70966
43654
71516
49816
80295
83510
10608
2916
92543
14435
69323
55463
29561
26169
495
95238
91568
64636
28398
60780
4010
16961
57774
93178
63778
13643
88049
15532
14132
49968
53536
18974
833
17300
50699
82457
31910
99920
38586
69741
33014
91133
6670
58696
81744
94267
40580
95206
27412
84790
6991
8445
41406
26835
465
58771
91424
57614
78662
66081
32088
86227
89526
54370
56470
4800
27443
39780
91851
35834
84058
49464
89242
23637
18603
40282
12988
92518
80374
13680
35723
26263
28958
60909
62801
36151
76204
67972
5836
72517
83006
81566
97321
48376
39149
30325
94590
48061
79977
36348
2715
80540
2030
67926
74682
88823
75740
15887
93973
30900
19158
9271
46994
30939
21788
8957
4629
92201
19876
80054
37717
3920
63292
92770
44030
55247
24
85637
1872
44055
23772
34794
88245
78098
68392
87589
82908
23381
82395
9463
10687
52720
29187
42764
65624
73676
27849
41034
33169
36730
58289
6995
23602
43278
69225
83490
70359
66454
14211
16098
1298
7255
24302
45806
58998
27421
29666
79339
65149
16832
95137
95113
11050
36881
26643
56870
14682
84467
90977
64278
62938
49037
28278
85081
68329
62010
99686
97167
51637
11887
48485
79726
55946
73187
91157
87229
90823
31323
36995
19581
48994
7688
12397
6125
18530
67698
58531
87520
11028
22522
9088
67903
87717
33317
45570
81766
68438
54481
61814
58018
23497
31492
57718
77813
1493
76116
70578
31234
71052
19032
30820
34023
87337
42844
13710
59249
91481
30483
94799
16840
3194
38971
97408
9161
51508
84565
57486
86200
14050
42555
9201
19452
55771
91780
5599
66715
54530
17179
72529
45137
76177
95903
64898
40164
22667
65864
78527
32110
99033
68399
14993
74023
56699
72452
50790
9495
23597
264
6973
17568
37050
75483
33321
50252
97601
71445
18890
59581
16530
55985
30149
27988
63936
12095
29709
13115
75038
14709
61334
62244
16662
20127
27067
22922
25087
91699
59885
54647
35
54221
56957
86008
79659
35081
4940
10211
71545
87845
29649
58995
45337
33892
53274
69112
43970
39680
32219
29863
95261
58121
5905
51180
85594
4360
80174
61667
89237
22526
23985
65459
93151
90471
23716
79438
1758
95597
17985
26931
82767
46454
51109
96435
33481
70526
30373
34812
96261
61666
85601
92562
3372
6077
61883
65219
61924
20381
84767
22273
75397
9131
81647
69612
76775
33614
56025
18535
76094
22584
3464
79278
11788
94864
4471
83201
23213
94490
66939
93480
34148
25323
63780
50643
34087
85029
22558
17313
28408
96491
27962
41747
64649
66534
53263
37093
83707
66274
25279
71674
2718
956
11700
8886
85357
62131
84273
54656
77436
35810
54904
57367
51510
33195
80365
84281
14705
9146
4344
21779
36663
55191
73689
1398
59825
99214
79418
93206
91444
97344
61893
24671
41385
39951
606
15756
1481
9841
77883
69816
9439
32667
89105
34333
67946
35005
98667
45255
31967
52462
88699
43552
98101
99928
92366
11600
22546
52389
21675
56599
75847
66325
30958
20180
30623
18160
53250
55656
69090
71437
90029
11155
72630
70616
58375
30296
22889
91143
38414
97504
10070
63104
64196
68864
23760
4419
43052
58388
20223
63036
9267
24561
4652
87644
87773
38418
61549
32538
45518
57869
99152
92969
51101
41264
33540
24973
28740
67829
18643
5098
35517
32591
95110
93035
12338
13624
36472
16425
78504
19674
57799
96173
96081
78876
13305
81154
16290
67126
40756
85302
42868
65428
54070
74495
99605
46292
90994
2171
24673
86479
7672
15317
65598
5829
24863
17107
87393
12557
40976
82075
97964
10433
66368
72428
85265
69327
28969
16039
28365
79308
19817
94952
51518
93873
99927
69774
132
24267
86002
23856
96415
91682
3425
3772
88259
15052
81176
14854
28795
55513
34497
82832
23779
214
35736
90378
56981
45088
12741
32696
70872
2780
3928
12132
39627
9051
83213
52745
60334
40229
94919
28990
50003
79493
1101
84862
70674
8782
91467
5219
72902
90795
42928
78480
85923
50482
50698
52082
90136
65512
16893
85449
27103
14298
28491
96554
67601
71624
65908
15233
62458
43956
22747
15070
41974
14663
70980
43291
47737
53357
13578
71842
15081
73095
32962
94233
44743
95269
89746
40181
29717
65740
64447
12024
1278
21428
74457
24982
91586
59235
44208
61435
62667
71532
48047
7513
36644
49621
45078
16028
14480
18681
76770
48793
93189
44472
97865
24463
74422
81216
32210
22272
89150
62870
61540
47732
98052
40793
26808
58411
45481
94465
35465
96885
80395
99595
2410
5040
23875
52815
3981
20663
72536
66676
84448
96740
65562
38579
61345
49685
35237
71669
7411
96673
82662
856
13302
88449
8683
49591
47413
46437
31360
80263
36201
14404
58818
58641
65799
88501
9153
59207
14246
89639
58473
11521
8678
72304
87986
42520
17527
60532
12573
90501
49600
41844
74901
5045
5406
87287
57872
75196
54946
61752
10329
35435
62196
83955
43974
86588
73704
2321
30591
41698
99118
50711
69834
21894
23630
19331
66928
25393
65611
64386
20048
30435
26415
73232
1447
22285
15340
94844
20071
93962
69929
28072
46882
75213
11955
42034
5577
95876
14437
51445
50606
42073
7125
21675
19056
25030
79178
96389
88640
48550
17776
81637
7742
56952
64442
55247
10535
45770
20318
87037
96894
3068
4434
41382
21558
43144
97765
7582
72081
79535
6087
65352
54144
15076
4439
77821
48919
88862
62868
21460
3578
38068
19865
32659
11677
92230
154
36131
51531
85521
61966
81938
89491
14101
41096
44327
73640
22769
47033
51719
72113
8434
20323
18907
65012
93811
4413
96691
83977
96541
76456
46943
83615
23509
82560
26365
4055
80427
54374
4068
94194
28999
21344
55585
3109
7819
85279
9389
27969
14386
73451
544
87597
64352
7700
18970
55919
49068
63838
83219
94939
23316
10911
18455
5107
60567
85087
84894
27740
91520
43006
96257
83509
72653
53893
84570
92158
73566
66860
61006
74395
22301
24931
13711
20396
25830
70320
81255
68727
49529
74025
73079
9236
71632
74444
32537
38910
63401
88361
74298
6987
84937
32255
9310
79106
72183
27026
76785
35965
67226
75660
42259
26430
46054
9186
76913
89274
4743
33700
46018
57611
79135
3378
19598
50410
34506
35869
34955
68793
94303
64745
60344
89930
16840
94087
68976
50973
69220
67628
88270
12029
54916
41659
75493
32320
63142
67000
66308
57176
85518
77702
48195
49237
50878
3825
70947
13688
8295
46262
35951
86834
9529
99840
26246
26109
52750
32600
33442
42723
78161
88453
98899
47516
52691
44165
24449
51996
44885
90234
6172
38276
77630
76576
59605
57781
40788
88446
15408
89320
87990
11739
43220
93872
56764
39635
82588
57700
78387
56627
69215
39849
64676
95616
361
27183
74372
46457
37397
36672
86769
21915
27560
81605
75576
98963
71355
67293
56965
25084
40965
41201
39084
78925
89023
5330
21730
10503
75941
38443
13097
15250
78901
88358
21300
38228
9593
21316
40565
48604
28311
64144
3609
8663
20494
76611
70221
12849
4620
45978
22591
19583
2237
20856
55314
86479
74757
1077
61306
87110
97660
68984
52573
26983
43377
19570
17746
27809
39930
43987
22190
42388
5399
18015
49588
43564
86408
52380
77489
39942
45045
3730
30684
93162
19280
90164
12291
37272
984
20443
4496
42116
27478
83276
14242
6964
72360
51801
72212
61209
95355
25972
33428
14790
21170
11818
28547
99435
15274
55200
7857
89751
85042
46301
78649
44875
91974
16295
52131
46417
97576
95809
26577
14301
48890
38943
37578
16588
74586
671
36925
8523
9220
35879
12253
15309
16781
65774
92988
83534
87515
59548
74318
90070
99741
33697
62992
55723
74989
724
72027
91549
74231
70575
51015
19797
44610
66059
19977
33932
75821
29418
4195
63431
99584
53054
5161
12054
84126
61434
83766
86019
5408
76994
14070
85244
52620
73469
22784
36848
69493
5595
15892
66146
85783
42541
42984
65063
52307
56798
36150
86582
26542
75108
8404
14983
31322
98935
64575
84733
5847
62081
26057
53215
41783
68805
39340
93931
41855
48076
57661
21566
41146
6668
4599
84824
73432
94378
34875
97304
67940
45396
78869
54520
34880
22297
51831
20436
41162
21734
80427
56187
39644
71090
79356
81858
9320
89084
78053
82262
40266
74148
87940
55828
55727
35361
85876
39260
71358
30793
58457
17669
39102
17130
77882
98167
31291
16530
6293
10015
16993
99070
31098
12367
35611
53820
21751
93212
3176
73473
43609
81089
11867
47200
53878
45871
90614
27871
34822
7946
307
48236
1466
41854
46582
76895
63642
23252
24439
76847
25360
1856
73662
72348
94478
45258
13791
83060
87682
81269
22292
47697
46709
47098
96710
65368
49737
23615
64808
4603
88401
46061
49830
19766
41464
12163
15870
14359
34612
12075
54012
91102
451
97727
97659
99783
6240
7496
18742
58258
82714
65693
4173
19594
24170
37376
87785
26362
91260
64333
43972
81016
80037
46639
57296
66659
13242
82
45387
22189
77271
56737
47007
3570
87530
37700
2909
622
66005
27459
93694
70736
33102
55155
56456
85537
46816
55310
94319
1285
88399
29186
8769
92296
16409
17587
65397
2802
19027
4167
25940
93933
87292
51598
20608
35558
91765
88241
31366
51862
21890
11659
87746
40175
95304
89418
326
82820
25425
61389
70202
33714
16793
86992
73453
83153
48866
73335
54798
36609
43542
63188
95565
12828
79101
24803
88375
55246
69534
54168
20045
86474
88976
20957
48728
92026
71872
97324
74163
58651
92755
31325
79131
43946
89955
36531
80581
58998
23540
24867
66594
94136
49614
83079
29491
25722
8526
47025
58684
67584
82542
48644
88850
3661
59696
8549
8670
78532
37253
21567
3833
60974
32455
72564
95677
45641
8945
15794
14945
28265
13292
79567
90881
46032
74621
22858
71768
26165
1561
15846
28774
99840
19416
71955
20420
87105
60683
43477
21633
39984
19902
85136
88170
73137
92931
59332
60684
52243
77932
58306
69493
4212
50923
37775
48300
65219
75114
2197
31864
26611
84967
78603
35256
49382
25720
35068
72878
40538
55429
2932
36348
5675
22912
15762
74622
52554
91854
46269
86232
19609
74728
61181
71120
64771
561
38041
36585
67678
99900
15080
5538
9873
14840
49670
58628
90503
13432
39194
66948
1066
69965
16714
18444
14836
34833
41943
91519
58927
5567
5102
88618
28252
55605
4004
39940
60620
93106
63726
44618
33590
94847
39265
92923
68968
64882
89361
98884
74566
93740
90885
21660
46267
44933
30887
75842
60609
86161
32006
17618
45956
11478
32368
64088
87101
42935
8814
38838
43184
78538
25045
67438
48168
92454
37090
21815
37945
21345
85698
47744
91046
493
40427
16672
68493
32958
54646
69550
31437
93171
10429
63442
67274
62836
7940
95050
47945
74210
71104
69723
94566
57457
38749
25825
69082
73462
33033
34989
13187
31831
32285
16976
12114
34209
64907
6463
46569
90953
41516
27530
23709
44615
76213
69074
43436
47326
57335
26643
60633
98526
74812
78795
18817
6492
33401
83422
43056
42557
1635
17155
18880
62462
21573
31992
58829
71497
83787
10847
28705
9318
95460
81280
40469
32602
47871
78472
21737
1512
32696
85891
1825
68702
31797
67106
38926
22410
42351
2836
64344
45967
17623
59326
12763
50289
41257
59625
25656
31669
41672
21797
58983
44084
28119
59324
42324
33575
45886
77568
89753
77430
75581
35094
64322
72137
18006
11701
39263
97127
50571
38330
42762
45216
69846
65993
28055
10854
69119
89958
82934
79804
50221
88869
69943
59069
77554
36781
34042
34034
5761
76815
44375
26521
10111
21021
15359
10516
53048
47254
51754
54375
99006
28098
88296
71757
44024
89412
15957
70557
10801
31683
57486
47887
90907
87874
9421
71185
26712
87123
64711
76820
83288
74831
50747
60469
30633
80529
17489
62535
30875
10641
76481
78461
66074
58809
84724
45973
14616
64517
42264
72641
20446
56017
15393
95234
90048
79660
41916
85503
58932
59716
28564
68784
77221
51838
136
46335
44283
84076
96994
94918
70688
25946
49407
72314
57543
96656
29598
24151
85406
46464
55436
93979
7096
51390
4501
98292
58964
74372
13213
73057
26847
42776
97992
25989
72240
53095
32783
11285
96216
16239
68365
44567
60563
11771
92658
73561
35856
22136
3073
14987
994
33379
23664
8763
86387
17301
22705
36661
36759
68484
14144
39489
40290
96853
24251
27965
24206
71428
30149
79585
31294
14205
33311
47417
82737
61701
49339
17099
92319
80723
49533
61518
28922
22258
35086
22937
61392
53922
13574
21431
42603
82747
73696
63218
60968
12168
38410
65444
24047
28624
87842
87463
80873
21595
80588
8684
13723
38337
38089
67194
96496
3240
56571
10793
74252
37335
67871
15244
50155
64741
52933
93922
96840
25090
6390
5017
93365
30437
55225
15147
78813
73121
68938
23091
17107
58273
94637
5643
61265
71717
10769
14870
67431
16642
43007
6854
90171
23597
64955
61408
63414
21515
13921
73858
52689
7949
3668
32370
33258
49945
55988
69693
80806
1983
40974
47465
34822
47530
76236
56190
51404
81695
36829
93940
14513
17239
42222
51444
474
97085
3919
37338
29228
88113
49075
311
49224
61254
37411
31762
64193
72137
11423
31602
85858
8774
16020
3561
96793
42058
98830
10503
29940
94085
77586
4019
19457
98860
88725
97158
30049
36957
87754
91957
2600
40818
97250
54010
24298
55596
93623
75784
19050
50348
45216
48575
32036
5955
76435
74489
5260
22180
25929
93914
52498
17190
73447
43271
55183
44766
86824
78945
28681
12434
93297
66974
10193
96098
75445
7218
57807
65709
71514
83751
71042
82964
48774
20547
56271
31658
59504
79754
83188
36312
73207
61485
10367
22489
75484
108
23894
73097
13931
76626
21998
26126
49901
62016
40363
33232
28146
54395
68416
75263
13540
92297
4787
62395
22444
25876
98533
77427
85580
90467
803
50508
97407
94962
94261
94690
12252
82501
86074
88968
88043
99551
36492
57843
36178
68591
11647
90913
49862
5331
30350
93093
6915
33520
39359
54514
8533
59273
76978
69925
74360
28931
72993
34462
69000
8744
76207
86842
32983
90721
30674
30588
66548
66195
82532
88649
9425
62305
51171
61727
46277
30665
28916
6033
24471
72780
39537
43313
9090
62050
2507
57677
89141
59445
48781
58738
9367
35376
24967
93037
69516
99995
40206
1160
20472
72347
59692
56564
72111
64007
71679
20741
53831
53506
28283
33479
12455
59892
19085
78854
13189
90380
56762
95633
98601
70352
60844
54317
69513
28996
39098
88175
31734
51604
7803
58444
41073
89229
91211
40725
19644
17323
714
77967
16571
38931
14083
52148
22623
8941
24399
42860
51519
82757
53711
74490
79309
15143
40581
73656
7727
73540
89430
15594
90073
62561
66579
30868
51990
96097
48350
91106
1605
52253
57727
65056
89898
87714
98994
16750
85405
54989
97756
19558
88925
79082
95813
1650
43244
1228
34825
85336
29443
49644
58060
41590
57395
60079
67581
20529
77268
12441
22075
82727
5127
14145
46078
30629
20359
68328
91809
64566
96196
47520
18001
15952
87106
2195
77309
47406
33315
15130
91969
59441
75237
58085
77136
97624
18331
35769
44539
71772
29399
18605
21732
8910
46388
12354
80081
77591
25356
91157
77422
90633
3122
69904
87041
45034
75930
58034
36079
66346
75743
83265
73571
58871
87915
31212
45523
8307
41887
76605
42711
98195
51943
9338
58184
44231
82712
11989
32631
59893
83471
52265
98142
36755
13421
31043
60602
84965
57958
11152
99084
79071
3023
40625
95079
7667
25651
42
92035
29332
24942
15524
24795
22459
37262
21549
25000
51406
95983
80691
25194
24471
73190
21417
45173
4339
53123
92181
99791
28907
51010
95797
6232
18557
94175
76418
86673
27619
2437
93183
32231
65410
69984
92266
63319
48327
54843
97981
90551
69706
90955
78302
48247
38068
47087
71640
1720
25176
50121
90502
84259
19576
26424
18865
57605
26954
59463
38194
75202
92854
25429
44811
69617
937
21326
30300
99198
32158
49657
98495
49448
11388
37980
10575
47845
98422
85511
62279
35759
97741
92337
76822
83661
44436
75206
11539
81196
78142
67857
17007
63951
38458
51506
99058
69805
79740
25172
93375
56358
24244
89146
74383
57890
10291
98068
4224
70221
22503
70885
23976
22020
53711
60288
26188
17284
60152
86029
75698
47078
49219
60556
72792
19724
16583
39553
2964
41905
14796
28932
77536
52335
20641
43763
93451
1645
19750
59748
49127
5529
21890
36736
18392
71794
91682
1983
4723
87166
15974
84479
89081
72100
57261
11022
32070
11720
76427
46589
18518
2532
46556
99666
75179
82006
34830
32551
26454
7099
66770
49656
14038
52983
48632
10307
59351
54101
2017
7556
12202
31038
19884
18483
61987
87414
35082
36254
88622
44041
1212
54441
59167
82108
16926
52036
68931
39610
15965
6340
19982
20904
46014
39356
98577
57677
44637
37619
90619
10504
64662
38695
21397
95750
82997
1038
59128
51586
51082
99584
85060
65186
91105
48987
83489
44325
96307
87568
53513
72241
89233
16172
69143
77282
59392
97785
84333
17998
31646
55885
51354
22689
14319
65080
38273
50675
83821
78622
770
7756
43520
74265
13903
38649
74062
23983
58189
2992
50334
75368
9093
64960
50380
45834
71237
64420
41931
30153
28939
95175
79363
70202
71919
54001
19650
55147
99179
28768
75266
88746
23264
73377
72717
65430
13969
66241
52735
95982
17166
35776
20796
74502
71088
31173
95111
93373
86938
14840
20180
16722
77268
40657
16196
23531
75003
98926
6631
14433
88249
97515
62922
60842
7020
56660
28696
22253
50525
1478
57334
65176
82996
78438
79146
12160
34100
24823
79129
13041
15870
3453
94556
59235
18696
71966
5361
87616
70429
6364
54143
8227
74086
36429
66347
91059
70520
37788
77483
84013
9262
93112
12192
49178
73285
31778
51301
84539
69717
42559
149
61538
13550
21477
85228
58433
43794
66511
40586
3948
85254
39822
66495
44579
119
18198
10830
15190
87275
42936
38585
22066
43316
19681
75172
86777
77924
73674
89550
14577
60111
47555
58370
64631
37809
69529
52638
23190
90481
67286
56852
93143
56121
24567
12261
59479
4696
60079
50481
36906
87784
2845
2382
20710
19982
43050
73345
85109
95621
45366
74943
72679
21497
46656
58056
75630
18252
44163
62082
60690
38205
73937
20024
71495
70027
23522
20727
16489
55165
26616
78897
20654
75059
57064
82567
80622
15948
99581
14640
91883
57171
69413
81151
15169
36726
90321
92954
29349
18045
48932
92806
42139
70535
86945
91733
86997
37234
18798
80760
32498
11265
38601
26156
45858
22819
97814
79876
41489
18045
96883
81225
172
56263
2370
13565
34951
602
10493
36388
3143
57087
33535
76470
24596
31568
10045
65382
69730
36125
55898
92938
92393
29162
20415
32994
35389
54653
52881
18472
1704
19086
49437
74598
96224
98041
18649
25655
39130
62240
3358
98445
25254
27154
42680
5548
46454
9705
58974
30898
93685
40038
50515
30332
16348
75344
87908
17820
13194
19373
81366
18291
56319
74283
50500
47300
3414
15278
33109
36008
99346
13289
58222
2006
47344
30508
47308
19569
79113
51552
14478
67295
86794
90035
46842
27007
41715
73942
17303
67522
40106
28778
77934
19089
40420
74282
55755
97731
21549
34731
26421
5088
35615
415
70411
10842
69950
49670
21391
23366
65246
58699
99011
91341
2483
68056
3635
76944
15326
25448
7303
56610
18693
23110
65988
59359
15845
58509
96602
81641
67808
37790
51628
76321
95235
67014
56710
73765
97038
48971
6992
21825
48557
81543
73739
30124
31796
35741
6680
40809
7383
2512
4970
84664
75786
86401
3469
817
98735
41753
53536
66755
96690
59791
94379
55238
5010
36621
42721
36434
97244
67978
78594
67192
82260
30024
66049
46167
61716
13887
57266
38780
22788
67302
89144
85910
27811
81758
40837
40340
18700
5014
21619
87795
60515
88165
61507
65246
24428
6274
40541
20243
5526
35468
18388
85697
131
15036
67713
23529
16698
76566
70729
55109
7250
40327
75586
80601
19711
81880
56182
48362
76642
12268
53771
83325
77371
24967
64335
92794
22558
51258
89525
22688
13486
92544
4558
79724
51160
74017
97755
53057
40318
72373
16513
23254
60525
97079
181
36973
3873
90546
15459
63607
96937
25015
75960
55500
90348
53756
20998
67340
45575
97491
74389
54565
66111
94370
61996
11878
192
52022
53428
74357
14972
64729
22476
64296
34568
32023
76242
43516
47803
75880
11211
17992
35064
2614
62792
85819
51077
34018
71421
4496
52411
6886
49936
45198
10380
43846
3289
99941
20419
44286
62454
26867
4499
12572
34310
13202
69287
1309
63245
10468
47120
4887
40250
17708
93389
22910
68873
46266
2671
99655
10455
90808
51448
87674
32779
34258
55062
81588
71545
37629
49473
17768
81401
54264
68544
9545
96043
88008
90415
55739
72326
99348
48522
10620
22917
57400
95350
12568
40929
16937
3524
8856
92326
17252
99662
22119
67332
91999
57383
90871
99612
55590
41
89201
23413
70933
27633
19580
72302
90352
73068
8015
53772
5025
43455
16534
34011
38817
13657
62285
20217
15366
89490
33633
60585
92196
11403
19518
70255
6135
20734
13080
74916
99904
44772
5450
45166
59058
33817
6372
82641
33586
93512
81982
55432
63381
61398
58345
32731
53200
34065
60486
54709
9196
4924
76140
55098
45302
26601
11372
13424
43590
54310
15969
10395
48972
40188
10248
98027
37649
19988
68389
55783
14849
57378
61052
59659
16400
54818
387
20294
8947
60372
66200
24962
54509
22249
55012
48519
34858
72118
47532
4849
36409
75318
33807
12216
99550
64638
26558
5801
20573
95656
40958
12540
21500
21721
53173
12551
22542
47852
91647
64861
73626
49541
23926
86501
15124
4726
19574
39122
25345
85664
94523
13910
38706
40489
86364
68142
83180
49400
14565
4011
9873
69989
36129
64673
41440
59348
55199
65244
29009
74399
85868
11423
93460
33640
32909
90811
14558
65704
99397
36843
3198
59858
78527
5413
1303
34969
28636
392
11484
657
28834
86255
78757
73469
61311
84563
5155
50183
98156
93853
30023
20859
97402
30048
63898
58261
97065
92303
80845
59957
45050
68967
65487
58685
77606
36913
72560
14841
41240
60993
24280
11927
99077
62861
12562
24743
21459
20161
58891
10394
874
13310
77096
92026
30848
46267
61165
44220
73360
83231
96701
15631
9886
10763
98161
16121
92337
14718
46931
87683
17968
6642
9110
50442
87636
44424
39001
84906
10701
67605
5038
35779
92839
8791
73920
71639
14893
29749
3339
22027
2767
56133
54526
9871
25316
1824
79372
50062
71873
58386
81777
3177
64572
28916
61736
12146
29548
72953
39986
31783
68253
52572
37182
61570
55544
59817
20520
63633
6783
83068
89292
33052
97158
78858
84044
53827
15138
45531
82474
8970
77277
98280
18381
43674
96880
60028
73134
2850
30298
78333
48073
8101
32406
30944
40898
38019
47959
31068
8870
32880
73377
43106
77759
77560
42382
11967
13556
41267
37060
47122
82467
42127
66798
48093
84167
83827
15881
74282
90237
8258
35600
96708
47673
21084
46099
94876
5204
27949
94512
67299
10058
32627
70023
52546
51443
41515
28990
14123
88402
66650
43180
71223
12603
87032
28696
79721
83571
40181
37726
45032
57035
24688
53633
92499
20501
77097
87596
74107
35375
15088
2867
14914
11755
85632
272
23301
65811
59487
57770
27837
22611
83556
59370
93491
70345
58070
76704
55503
25765
47494
68345
90383
65826
32187
73769
40831
42144
17321
71091
56012
73331
48596
78861
59419
44047
6161
84726
57468
95021
69977
63716
63887
19125
8690
81614
38921
30769
2464
34583
73796
44325
70543
88544
2590
43253
2782
90603
48717
32674
29999
71783
72850
54063
14179
41771
97915
46742
55877
91927
64224
68138
95270
11874
62481
5859
6331
45859
71591
48150
9031
82180
61299
47451
84559
96556
21752
67627
8858
65874
69977
5469
93702
53743
24168
89724
4664
9762
51692
24191
69632
20754
90382
78920
64432
34835
35356
9435
16546
55620
12410
66038
6327
14567
51150
70137
66940
60313
67030
71565
40487
55375
65007
85470
33958
37445
54217
9947
83289
89403
17190
69870
3857
19899
49068
34936
70911
54040
17605
64137
98761
66810
66365
21448
74845
90166
5714
4402
50794
34614
12524
96271
44075
74328
24602
42904
4684
62516
85048
97147
59805
24513
29515
50697
4679
81947
38092
19060
98077
50423
11470
48532
13321
6792
56253
94245
15800
15874
54127
61146
74781
56855
69089
5717
36449
83186
21357
51117
94221
24616
4335
18390
64730
39289
9352
65320
85114
87605
3185
1269
15474
8929
24550
92262
63665
32119
4307
97268
63288
26229
72176
50057
93109
94889
51501
37143
79088
81518
66253
9483
9476
64682
43359
95982
12711
9026
58615
9809
45559
83377
29388
49181
34722
91193
55874
17338
6396
63694
65953
90599
85048
83722
5009
29835
77525
54504
87111
9903
53622
22113
74846
46692
59218
75307
78835
64873
1059
82348
30267
6618
94672
65588
41318
40085
78310
73641
10451
77543
32769
50844
85412
44795
73083
62172
58354
92852
99314
74265
4191
56452
60912
83817
26158
2158
15848
61458
97393
71863
34535
73541
13519
78592
36607
15126
96669
15293
50199
18325
80716
83780
41444
52073
42126
29796
3703
39698
27056
24434
61226
98114
9138
57064
22969
3435
85979
87843
27434
35930
43058
40187
97996
3302
52315
89888
92552
9509
87684
42765
14389
23054
58668
18734
19753
6737
51210
22855
94159
78092
45666
61357
90393
86056
46392
58002
61787
13004
58090
50241
27181
35161
60670
38779
53514
35168
17237
2412
70880
62619
70730
71308
98055
21193
30174
36154
63287
60824
1520
23579
7637
37941
34138
71722
72542
27092
9135
31389
12931
12861
27977
38988
89195
51550
32492
55729
73494
5568
81439
15555
66784
33568
65828
98939
66783
84646
49244
48074
84230
27760
12084
39269
46961
63229
27306
2948
59734
73130
13013
46413
36262
28497
57243
71034
66421
81978
21768
3789
40668
19518
16533
716
47794
50765
41254
32770
30030
70643
91285
77092
62532
13260
49021
96488
30987
97135
99732
13765
30405
58913
58257
80521
26219
44360
50414
44033
9325
50399
19224
24071
70231
1129
92760
11369
63229
91748
43758
96167
91468
40590
2175
5298
76786
7436
74514
23799
57036
19511
17631
55861
65608
69344
63238
88864
82702
67782
9289
73563
61968
27264
16723
37430
77630
75768
8222
84621
2754
17964
11323
39848
99534
69454
68047
60602
31489
86166
65444
57307
20838
65880
44600
68691
17835
12130
21472
91793
92529
30870
3755
3171
69470
44947
22155
97902
10384
79451
5305
5497
14995
94533
43999
29129
37871
57412
14860
15208
31758
45862
97794
31441
45536
65
82295
5243
45081
38869
69800
57720
61946
87727
92928
94426
35776
88489
64506
72686
77104
8849
58437
34514
45341
47005
55456
38628
68459
48022
1130
25755
71161
63909
65659
83865
89924
89084
83951
19362
60501
74564
96033
58806
39234
4346
55275
67911
34038
79714
52866
43438
29532
98375
83863
37632
97680
7667
98949
86504
65134
46253
60726
44075
39124
86375
32163
67338
24602
91480
34256
59722
56290
33113
11703
35240
84091
65402
14473
51044
59925
43243
20950
8897
54656
73518
86937
43459
11752
19709
2055
82234
82935
36060
44251
17319
19973
84278
59033
23918
95208
68787
80201
59691
11483
56742
69516
13150
80545
20466
20357
95586
91977
83612
41517
60072
43071
68149
57509
53390
37661
78517
57564
27485
29397
68227
71504
82033
94242
96123
89941
67442
58097
57566
73773
68779
31008
34077
53766
46748
33654
75447
33092
57543
72502
272
81571
92400
54988
94219
26437
59654
43839
83472
66119
40154
2930
74768
35906
86112
92470
31769
74595
36408
73249
55178
27017
61868
39915
11609
25434
94398
11859
96548
17478
68147
69837
28589
99454
39916
95259
10859
49279
75158
36024
75093
48363
30887
27294
34109
3384
83288
51808
62761
72194
83869
93202
19688
81495
56830
89348
56541
96582
49060
36073
31228
42109
39085
88015
1530
69936
79378
20560
81664
98855
33868
66661
12654
94427
99413
14953
48356
74481
87055
60271
36381
24554
72366
77174
72947
55553
39624
36139
40715
49263
51541
31340
75626
19407
43806
94889
67447
50247
55552
45885
78432
74622
62961
21271
17720
26826
91998
69679
12085
77105
22370
67298
24751
28686
82837
39187
22712
16906
64737
82451
65269
12924
52585
82
85308
83206
8002
48982
74602
97359
7291
96369
60996
97089
88318
76005
29192
35604
19120
242
46806
78625
20462
26101
98071
44743
70832
7268
42267
76776
78481
79238
84178
77646
91561
88092
73788
54925
66665
73852
84679
70238
56283
51486
30313
13
18783
52124
19487
87847
25050
40977
59870
24417
66537
35631
30981
67689
46192
8423
20101
24246
54223
86113
9860
73929
32187
80440
36484
2935
91257
37806
11201
27030
67798
12818
2930
12612
87400
99314
49696
22786
36372
77239
18467
36537
35492
97355
57545
63161
70830
40058
63385
80588
49156
99225
25558
87395
37923
11232
5043
88037
56160
17862
16330
57806
72497
24362
8408
61780
45119
6086
36124
68259
25870
82599
66849
99311
797
70270
34244
6004
35349
21215
58080
71126
31191
314
90566
73921
80510
39412
48451
13670
80848
74584
41563
43053
40863
40768
75918
84815
87530
50583
69102
96852
31755
17759
61446
55873
32245
10164
56370
58026
39450
8752
48253
72366
38219
26244
44426
43889
58842
57925
44417
53546
2401
25535
2538
69876
20547
56186
15823
69591
29744
44832
24900
31454
60316
24456
18205
22735
99678
86815
52036
19512
91172
87956
18256
47395
62203
52373
24777
22261
15815
38863
94842
30530
27715
74738
54993
58416
57554
46958
98878
9410
89618
90126
33251
15851
14349
8989
38874
50155
30087
27882
18770
71534
11790
18234
69267
1105
55521
75253
76472
26913
4498
1012
79876
15646
12634
37751
29614
88721
98025
84061
62537
69250
52873
70824
77546
30019
81874
43937
67230
14135
10535
65502
5292
21333
57385
61030
62361
61322
62026
67509
19754
15970
80905
19824
90133
17693
92315
53481
6776
74202
79659
71283
28638
46974
75061
96708
87962
58196
75205
11487
48676
5012
40753
49092
50121
3493
28194
81499
22251
98210
41168
37568
59706
84769
84212
70008
97987
78455
87478
32355
12118
17033
51453
16979
96229
45316
3723
62012
4456
76993
67818
86317
5928
57853
92594
61285
26292
53601
17238
87728
75920
36888
98755
80537
95951
71891
25419
66360
39056
77313
92576
36754
73777
92270
2642
27790
76468
65476
95457
14979
74903
90813
85422
47862
3899
56176
42189
66377
91025
56826
1468
17550
15445
20240
45509
63123
22275
45009
16175
76278
97498
98532
59525
85671
97136
78496
30133
93421
89323
45573
7431
16227
42566
15344
92849
87803
71872
61651
60115
38076
13733
63182
85656
19743
7925
99812
84598
68368
33682
53489
99643
82196
22131
46864
22225
91980
1205
30489
62640
47570
20912
73366
20346
30046
62939
98262
56839
37761
98136
88535
17390
17131
40482
3762
76433
57396
20154
46801
69405
28655
6597
10396
38703
78299
64068
25503
85731
23026
78441
28770
26900
63589
41631
20430
60359
20286
24284
39742
29544
91674
19894
67458
37641
53470
73137
37256
75874
30189
38002
11541
63524
6053
34154
25727
75328
19506
95835
72325
39388
70707
75563
34408
60217
90685
22650
31437
51297
53736
63084
72562
49779
35954
99429
67328
99478
2361
75477
16690
95241
5125
64110
52749
45816
17972
12908
3499
52578
76363
31699
69122
5596
43321
77198
25294
82221
10878
9048
15346
49424
26489
4597
79122
98359
14095
85540
43584
61832
98430
5070
54432
43316
28663
63980
84598
87907
63111
35705
79186
8659
91756
9969
96148
3703
25009
57149
29944
86195
62133
88986
75662
890
24102
19822
30069
48519
43024
77834
30255
38504
66
15658
82853
2960
19888
5907
70055
54321
36759
51405
4540
10319
99309
8137
42924
26504
80542
84710
40576
36742
81555
54990
71928
70524
70100
8527
85984
21969
83618
56894
33855
87947
86905
4845
20218
9413
31599
23621
81444
60686
75152
55772
81265
20333
92420
25492
61747
57395
86604
88402
96492
67401
58301
73770
96913
87733
76638
38473
54724
84000
84627
69697
9299
72533
18977
76753
47961
13787
62915
59232
91991
6034
85838
29230
51774
55718
69317
38338
55414
39949
29298
47681
51972
39257
43464
56761
12415
77351
60827
59053
26627
90649
52378
51855
81712
88786
73371
75392
82790
24063
43068
93417
19781
47569
78829
31820
86529
43175
46696
96697
14882
58345
64385
23672
86360
756
8088
28499
21801
4330
7242
22525
48848
22211
4141
53432
45602
86115
90394
38078
2540
89677
72515
71337
62440
75154
13994
78517
49261
92163
88881
12676
29547
20186
62568
87471
50769
72096
43870
64902
91794
43367
73512
94632
73582
10730
45125
8717
81843
95084
93383
67995
92453
21072
89576
61834
92175
72438
65440
59256
10255
85353
34285
42347
53161
99185
43547
31948
85073
59142
15272
16730
24817
51905
39802
70766
70867
23433
75638
79621
68956
71970
64349
60190
77133
87878
57265
71455
7308
36257
98828
26225
73777
66660
46017
85647
98896
65245
48298
70530
96811
95884
34543
67139
3550
21013
70154
14870
23982
52143
33722
22864
77226
83005
44966
86283
28125
50431
2664
18933
68767
24423
44412
56424
12135
72360
93526
19431
54714
36865
20465
4351
10612
36362
56149
15672
97912
73638
57201
847
97581
64997
6615
55818
81051
44195
70372
46469
70593
79907
35314
58444
41720
48495
42458
74589
69449
63571
66809
70219
64372
81207
15453
19495
75248
51918
53038
98049
39679
48425
19366
34766
92203
33608
44254
59546
50739
89755
72805
73270
1423
60466
6525
73791
33158
68357
34047
96964
62347
12673
49601
85320
67998
1759
88405
64803
2048
45486
74492
30162
19351
13453
195
54666
5112
1138
17412
9541
39142
18936
3566
8672
25161
45448
1492
84821
16191
36740
46480
56821
40008
53729
86674
92776
74250
59998
8906
46053
72265
82243
25969
41799
35893
88128
11285
74338
70672
8940
26223
86297
49350
81827
77159
11412
24311
73138
32948
20307
16681
9734
30115
76160
73272
33235
55614
52515
40343
46079
29149
39681
37685
14292
62084
42185
36765
5163
51584
56115
99433
52633
36570
26894
33532
97975
13734
62087
16280
14025
26303
93713
93025
89551
46654
49179
49971
66141
39655
50804
91124
75634
32867
69756
34048
43035
34807
69079
92205
85096
18069
18659
54572
34242
44629
92733
78052
53699
35109
59050
29840
37924
11811
61270
7821
88923
25565
10771
77310
75440
77620
22911
90431
25263
68690
79293
31621
12109
66073
30223
47427
576
54592
31960
84857
70914
8608
44087
81733
40531
78672
30431
77374
48613
57179
90221
80234
97448
34169
16498
99511
52303
83936
73991
11131
88120
16939
10042
17574
82359
13249
17958
98367
51617
13274
22765
6005
65552
3996
11521
52794
51857
23248
1050
20128
86711
10463
78391
72430
58801
96625
70568
86365
55421
65662
62269
58734
4841
56616
70776
37268
45561
73515
76545
24178
95948
80647
28399
56649
83837
88584
84778
70171
18728
73959
45583
28477
50922
613
87296
60183
36674
51371
87582
75068
20967
69734
18261
18237
22504
69854
36340
34188
81693
68128
31008
42413
50267
70697
84564
2740
85094
11422
86245
87574
72717
35723
2803
74462
32286
64193
45796
64370
41544
57021
24467
71958
30468
99182
37733
44003
92132
23102
86346
45608
47257
58796
36602
25935
60813
63658
23584
51907
7180
8842
5497
51357
57141
94230
31236
18458
8271
71626
77584
54601
34661
43980
15821
77415
28131
4022
52827
17744
14175
18590
20631
78337
43415
11770
87287
28929
78342
52054
48304
84072
13748
25206
56873
96125
6239
38936
51607
49383
33782
87798
47109
2224
34432
93360
10228
20641
8952
49720
35788
69287
94436
17646
87491
15522
85405
21111
9559
23800
24369
58131
96279
26972
5096
6396
98631
33610
85716
33270
7072
56565
45274
30906
73220
16061
58851
79608
21897
98767
83864
9543
14875
96879
63751
13954
16920
24379
74147
53478
39876
95869
41301
68322
67221
37449
55063
96153
85954
28880
89194
49656
1416
54888
1913
70431
42399
82469
89039
4907
97766
66517
8931
22847
69315
38279
61013
47263
90710
49623
15681
93693
41225
37274
25909
75280
46012
25687
30788
8882
21118
97131
50545
9247
91940
56716
77016
56093
13875
18807
37844
77728
54776
57496
68061
13811
78303
16730
46888
22549
60023
45138
23767
65974
94455
57425
91839
51445
17738
35785
93471
50221
69881
43567
99094
28219
28174
44727
70105
2962
63400
47330
63505
9041
18716
92220
58870
1209
88357
61886
75783
4316
62911
86158
28010
7885
68852
65698
9375
63718
73461
25991
77180
65113
95797
64423
12015
26585
46176
39105
40866
95630
98687
25515
23121
62250
78904
67043
2228
68435
7072
20590
42932
17289
76271
72748
27212
95591
80936
47584
45010
81204
53463
15421
92292
69947
35977
90752
48972
25604
79671
3873
86639
47313
858
60952
28744
44084
89348
89895
18735
14156
7328
78780
31187
19354
32573
25410
52466
59116
76364
81211
97069
26802
10411
37685
48142
33777
43983
16062
15110
37210
70644
39229
38602
57638
34725
6242
93272
45799
85087
84227
89344
73099
13595
29683
37996
79862
83862
59303
58546
74944
55203
69391
88563
17931
99574
18244
65284
60851
86882
99280
47454
93588
4963
53710
60938
89988
77077
29971
54385
18685
71373
11624
52400
94274
12361
61424
41100
82921
40214
47587
48500
85745
51213
93619
78262
69814
18005
90710
77483
77599
68506
58469
88294
31519
14216
71507
42661
61720
73391
68051
90317
16441
34816
81894
49779
75558
68523
27774
43977
90312
26410
16992
17889
40873
79395
73316
12941
44575
3951
42162
27250
4473
67546
27560
97307
96759
74769
41424
95095
6200
39086
53438
30524
2949
45959
42096
40156
50667
73188
53166
59839
61824
45144
3390
19887
44775
64715
1751
33297
18027
62859
29908
31785
404
95737
2493
15983
18293
33192
61641
44189
99234
24218
29432
3729
42916
2348
35968
89046
96301
90733
89720
57275
79870
30503
89046
57436
51684
25775
5043
25726
28761
31526
50675
77373
87472
91197
44218
13787
26238
41997
52062
37623
59899
28559
68483
1908
38086
4787
61059
51821
71562
50552
26234
10306
16745
90241
24173
4265
67928
86235
48369
19073
31332
7503
88977
78837
16290
1278
86423
80293
46705
11476
57327
26202
7668
46780
3025
71761
27390
13708
18902
72350
40020
14729
1211
12231
47979
78000
35134
42218
83289
18150
11145
54293
35099
88545
80878
34487
30353
47659
89667
30323
54415
19976
13787
72351
29830
6242
58705
91683
56843
74499
22460
63064
33697
98521
85821
83590
21069
67220
14703
9695
75511
23042
91943
61899
16571
65380
55571
16425
93138
83043
17915
12524
77099
11528
55081
48661
56634
32309
9820
93280
4831
22780
1372
81361
6320
85990
23266
32513
78591
8348
96946
59914
6333
27442
66541
25586
85946
31529
25414
55337
6614
29030
28849
9061
72328
5575
81909
89890
74051
1144
35716
40020
40518
24791
8536
20592
49472
88347
72252
13893
77791
8270
32851
63858
56719
22032
18418
36348
10174
42778
92887
94316
29024
40187
52403
65372
38966
9934
31199
92976
18444
29403
43772
99389
71830
29648
7323
95014
7371
8414
46114
70737
48469
4547
24765
70928
39086
70424
72833
98137
46601
92084
93738
24600
79612
49257
66904
74502
15919
48062
23922
48589
62799
71031
33408
62791
31686
31814
48497
38587
45203
28077
87247
58179
54763
70734
9238
28762
96710
43315
14701
77984
85589
12551
53759
88121
50852
20462
30889
97429
12761
14393
10956
12011
46354
27094
45439
87441
94504
89946
81722
43249
1580
19301
28547
14397
93415
3196
89337
43126
12877
20168
50710
82306
18907
82162
69955
62262
21669
17276
5263
95485
53820
77786
63391
38433
40520
82283
26633
14986
16784
11344
36451
18118
21108
80770
85216
69242
92640
94404
98204
72686
68971
93769
71463
86276
56747
79950
71658
92581
68308
72485
28515
33167
39367
20689
42147
89702
93279
80475
13429
12687
73940
63552
76394
28749
79010
14044
38744
40760
46015
71029
34395
39662
39246
95012
91289
37627
76592
25155
11334
76089
41816
91664
67071
23802
88065
92944
2946
88860
78329
71714
19583
44857
62568
68477
66288
4276
61655
98539
91408
12093
10914
2931
41070
82147
5189
6152
89439
96784
32032
10184
55155
60967
71233
18409
65052
1245
49661
31720
24959
99743
10538
14684
28459
80434
36289
82415
45735
2663
98706
26632
62748
81043
4573
33255
4791
65441
37033
74413
44625
67578
68839
10242
58614
48245
48099
81701
15345
11189
74264
73839
37756
61005
38004
97241
85679
26094
40942
62647
14380
67386
98390
30082
11582
49053
52783
62505
3757
23380
86461
26302
80674
23893
89798
41911
92369
27527
59674
33950
52314
39483
23527
22848
19250
46137
61914
19710
53666
29079
23731
41922
15582
32584
34811
12116
41051
62274
76848
77573
71928
32537
87766
34498
46179
66215
61574
6855
52067
9490
688
51764
76843
83465
41624
37520
48808
25764
39802
22744
75450
74130
78517
23700
14829
81659
53208
13322
57816
35142
34846
2195
43309
19744
87106
49974
54754
73176
74205
39022
57700
74835
27558
22690
85500
98042
74696
51066
63638
41912
25512
18791
1191
88383
32610
24272
64509
14729
40078
732
70592
11588
44215
28919
30507
79697
33457
57616
73434
82698
66987
97619
17450
31367
52134
8068
96766
31400
17777
21636
15783
57959
9055
42500
1291
48815
13784
76013
79304
66623
75137
77601
69777
52708
66689
10558
68558
14533
74051
91458
32992
47597
28416
79258
91130
89595
98678
77430
79995
64127
39288
38419
63388
84813
42694
49328
91540
68625
93956
3871
7131
56634
40586
42717
60644
58973
72549
66735
36386
6
81990
14930
84740
96359
53537
31072
31549
50522
59937
92323
70315
6589
6953
82691
3638
75434
92566
1439
66731
69485
2774
85079
62532
43479
87886
18951
50875
88593
42454
68073
35450
14092
12774
6499
2720
54256
10057
20748
24918
83382
49892
96646
15191
92342
29510
15397
76084
20796
68848
60648
24092
39692
33872
16080
35280
80121
78569
59011
60808
12034
21077
7736
96691
85896
96475
93213
26154
52744
41284
66949
70792
44700
88970
18562
59589
13098
25720
62893
57061
84518
63845
85934
1518
53020
11224
53206
84462
35380
52453
24346
76413
86729
42808
56095
72060
86823
26931
99117
47251
83556
55850
83501
10960
11264
45344
8566
67619
21193
63650
9424
81769
31956
6624
11157
37905
736
30899
58554
58893
86907
40914
5038
52863
38131
86660
12861
93742
45969
71516
70776
78240
58814
32568
77147
86863
28028
66516
22811
50532
82770
90886
59056
76353
71693
12192
82454
55860
3901
42854
18641
16837
86175
26781
56906
55890
71011
42440
8265
50377
68316
30708
66919
97484
63260
26677
66298
71699
4756
57151
69203
11225
35107
29276
11876
8230
20222
83708
89695
65413
98146
66460
99695
8744
19984
30983
90463
19677
37061
97489
87782
39952
7906
15342
78098
31085
41997
64042
98716
82232
36469
88378
62475
50774
10073
27203
66251
9496
5683
85326
76372
50894
8326
71785
99622
89986
524
71254
95329
94255
74518
81816
25533
20018
40143
76413
49287
48739
45037
3536
94359
39619
26471
9348
83819
60234
60750
28934
37742
84931
20509
27014
59844
63185
86268
21536
58891
15553
53334
2378
99727
35882
99874
22601
64854
39807
24003
6742
92811
2524
83158
79480
18604
32730
45363
94959
71344
64361
51493
7438
36850
30568
1513
92826
95880
28134
46045
74753
72677
16421
48481
55612
53854
96950
70180
66843
70640
64221
82268
84070
78267
37095
627
48879
87969
21075
90182
64512
43370
95624
17805
696
84675
46398
24072
23263
70763
11018
27194
12633
37627
66849
93316
98094
46806
9117
98948
39796
66709
62503
35716
81742
54238
21982
48464
96117
12980
65746
31256
94618
76271
74431
53207
67175
96561
71068
14716
24582
55815
69685
79390
69988
62480
83018
46155
16201
66679
76904
50305
98302
1504
30390
48898
26541
53116
21053
35762
5475
39216
94945
69559
79404
15055
75569
82763
24451
92938
94405
12296
78573
26183
9182
99328
81445
28473
29899
87825
86550
93812
37015
87443
7641
15237
78219
48357
59749
57545
50846
31367
32782
70123
57080
85115
61868
14868
33026
80053
96114
47740
71132
68356
70310
65350
48156
12161
31733
40138
14734
10573
44069
35232
13522
22732
77142
77330
88738
7069
80827
29114
4405
80021
69891
18754
14467
23028
8585
18515
81496
79886
15345
54981
79546
25044
46093
25824
42004
28476
26508
62752
33566
70127
70841
37423
97361
47989
84945
50090
19918
99664
70951
76996
41422
42528
21534
36304
17004
92339
95593
2694
71337
65411
53887
21928
59827
53864
58576
70638
46973
5475
43512
40715
79498
95744
70861
45521
46459
56973
56334
38095
15069
978
360
74126
18263
8341
80249
56995
84837
2711
55621
18247
68217
53740
48384
89075
70177
66104
78474
93676
62876
89196
22241
28466
13709
41758
27913
84275
53383
65595
66785
3064
55421
69609
5007
11905
44530
18514
58561
74983
68791
75586
76857
51619
99035
71791
56336
42818
69307
45282
67837
50511
20548
42536
33211
59660
30552
97406
61525
44565
35460
8531
38341
23708
36158
49314
13932
4306
37715
39657
91450
82517
50394
14949
72370
14187
22978
71627
74219
15793
78915
82643
92292
36185
88261
6103
10417
10754
91391
98578
94693
92324
36362
13662
25098
66802
10067
82514
70179
66720
5470
29596
2338
15277
89056
30278
8663
98884
71733
57398
8501
55358
89160
23992
53635
37685
59352
24973
19457
24055
60850
50176
76234
13932
51044
28852
92681
17993
58618
63250
11595
36434
77825
23023
35151
76216
41779
98610
36681
40984
54425
10392
27549
42424
58750
55951
56427
90435
2908
79960
84731
97509
28007
6580
20308
12107
91719
34882
48952
26935
47338
21003
27489
53791
93148
97958
26555
387
65818
86552
41795
87088
5059
29048
97719
31048
55870
32490
32077
90948
49618
24124
46715
22440
1204
25989
28497
71603
51557
82930
91660
7113
77416
78424
48645
26734
33064
93936
45915
61455
31771
77735
72609
50937
27304
92245
7703
58608
99489
92169
65853
60093
72484
81582
49851
10051
4205
73444
77799
66342
90003
62334
36590
80937
54016
29634
76377
88080
97239
29486
87243
33935
15708
57760
57967
56172
97251
18541
87563
29507
32077
2254
36599
15947
56938
55216
99315
22584
93978
1918
16477
88615
12872
77441
64365
78935
31561
98088
77936
20772
88031
3920
41226
85421
24726
69765
90859
39172
62685
22925
56773
62751
59542
86406
97051
81043
91644
13990
80839
99067
56494
74260
41420
30645
15927
37792
71041
12221
41175
48374
24778
6132
19630
5588
97875
2188
24107
4317
16400
10843
86377
76005
91352
65405
1111
9518
30594
40187
49663
41369
79564
81684
83098
68046
85364
3105
25269
81690
3372
48909
59363
76062
64827
8371
25800
56756
23639
92143
39594
11518
96875
15441
30911
22978
52794
62899
22232
78383
93960
11973
13432
24150
37589
19380
63184
18960
19741
56009
31186
50610
9445
80501
55666
61327
24062
26844
16728
90212
58672
66919
83339
30019
31538
6653
62381
91157
74470
38009
10129
70083
46328
1543
45236
87903
8838
22843
86860
49861
25040
49167
83288
44487
87800
32614
24531
91013
83485
94402
53162
30958
13555
669
26155
24396
82780
42727
247
59369
60858
1296
10338
66944
62272
38531
51195
90507
81172
36078
79543
40961
74325
27937
25840
69188
9803
69263
8480
8231
77744
31917
51839
6088
42943
95620
28941
83959
14162
88783
4063
94004
30909
34821
3249
72877
55999
5148
51948
32195
62023
38922
81774
95315
86680
6829
60861
92533
9140
50166
63352
2599
85873
95070
55226
89225
91854
65571
7441
68829
83820
49886
21454
6875
60399
94076
70950
47168
90647
10332
17753
96498
55876
50242
83874
49724
82720
51444
66612
71073
74545
54216
19560
27681
78926
76932
96997
6972
85742
72673
96701
67901
22496
77807
43020
52884
19247
40528
83688
1962
55308
85734
43534
69951
25535
45933
71158
20126
71634
21305
62840
83242
47972
47699
55775
19470
28379
56949
81941
51796
46168
65719
88814
16569
33190
17600
36917
40442
6153
52432
19181
30797
71162
18194
49082
67236
40966
9760
53717
2038
29654
95051
46384
79763
56251
10061
66759
76145
93321
10495
25347
23067
61075
37239
17316
21438
27559
33204
44993
90854
23472
74167
31821
88388
24778
7287
7184
80257
76752
43422
38767
4563
93721
35088
72768
33418
45663
57458
80989
16685
59331
61725
11174
54826
39536
73663
6573
22969
51491
30457
10853
20946
2564
40356
95719
18714
89351
4827
48836
9418
81091
91284
47808
797
95678
37620
74089
1307
43649
79023
62725
77365
86670
21083
36457
27295
18658
51222
39663
7593
95251
67244
55472
18155
36067
12375
98190
90319
26035
20517
94246
50561
80918
22571
83625
94297
7066
20016
18633
6037
29568
61190
60925
28822
60363
95910
81589
5375
39692
76399
40127
58383
23383
88524
30421
39678
64322
23801
8275
4868
84424
49064
38309
51387
80049
81948
77878
3167
65377
60449
65606
4209
51722
4729
67869
40044
86816
71778
89841
76870
17664
63218
9006
52370
53759
63201
7804
34903
67462
54955
18380
77744
57193
91635
26652
47542
37362
8435
98423
93755
31109
65646
10001
65680
55791
30455
80939
60541
99374
10950
43737
7686
80849
47424
72759
94367
73013
17363
99791
45314
66951
76202
84085
31401
81211
3392
49840
7346
8584
25245
40422
59902
45800
76572
19203
17496
3307
11876
99442
95768
97042
14697
39836
76892
76020
91854
76834
35283
88160
74547
38543
37195
64888
118
4443
14837
59431
15005
34416
52307
63346
51100
92764
16324
60736
52858
46686
19765
49690
88712
82663
70781
9209
32623
94222
13168
29135
14767
78336
29047
32219
48974
94114
96542
80532
41736
20300
62117
57355
3343
40135
37757
57561
8712
21791
6863
19769
53006
20544
84489
74499
53618
46597
17206
48609
50258
8928
27701
94058
80874
28382
25273
36049
15995
35366
81760
45470
14944
79572
58261
35121
25996
36118
76034
1578
16018
37171
3810
7418
22754
3148
42719
57770
42325
17972
73432
46775
24156
22924
54253
22508
57031
58963
81171
61291
24704
50095
7279
22731
26942
13323
14566
43338
88598
65060
39348
30138
7386
44964
36393
85169
66550
61344
7482
93762
85843
29519
22135
85558
10719
23500
77252
11797
63658
19027
65296
7476
72116
40431
15523
10921
91473
19047
47295
92273
68311
68763
4426
13903
38524
23566
25714
51467
66822
54236
71738
49926
12949
83052
7954
64033
76947
88711
97338
27199
46569
23658
74261
87132
41162
84014
30152
63671
70130
25177
82743
14575
94122
73102
23452
30345
38326
89114
83065
63205
78739
47300
72591
70696
42995
62867
16646
29876
84580
34351
79244
75246
87836
80197
29842
30797
98339
33888
19841
91993
1630
30995
43257
76810
75246
18303
84570
88126
99935
31724
24351
54785
45621
82590
57960
38618
50475
85814
1039
31418
25592
96253
3053
69428
17886
58177
95758
74091
50763
285
8445
55702
78581
29659
32961
79672
80755
9315
37530
82786
29904
20366
99431
30270
66551
62042
80943
22630
42094
97699
18485
8272
12519
94148
96283
99977
19045
83178
67016
38626
19618
61655
73703
82129
27203
28750
43039
44114
85695
69959
4635
33046
66488
16382
55354
5438
91301
79606
1938
7611
53289
36705
95693
53903
42925
55993
74892
77589
51002
3857
4412
34527
66272
47134
88448
20906
26067
9014
2834
14189
71270
47088
73537
19524
32379
38586
11324
6984
51099
59649
2202
61719
51394
91029
92030
86409
3927
24539
1840
85012
19093
87635
73937
95064
80719
7081
31527
6273
60956
79445
88858
88195
94753
829
98599
12050
94914
23695
59090
39866
15230
54255
88468
28306
47777
6576
58487
15481
86930
31435
72713
78704
34874
73826
73701
11093
43214
74040
87315
88589
94548
85777
88946
69020
61658
53968
70013
79226
27873
45259
17553
91341
42443
1951
98262
81479
70002
67595
14723
85602
12922
70536
61513
74662
47126
18729
50349
90786
18867
71859
8065
19019
2395
48445
94651
96490
35213
20223
11435
72304
65802
74509
52849
69476
51229
54710
70052
30072
9274
82082
70542
9763
34171
58304
31267
91327
81521
54882
46609
80662
86970
40607
16244
81881
30160
54233
74719
57729
97694
68629
91067
67292
92464
10994
71327
22057
95485
23058
87449
93505
21601
44584
95732
61419
44723
71817
99643
7469
17079
8602
5215
96884
2395
10055
54333
9299
82649
28853
98690
34285
19717
7216
63829
31424
44112
5057
10783
62462
59761
46907
90550
37636
12232
80488
8246
95682
40551
79920
85440
98919
88455
19211
37606
12916
85765
26594
65599
62235
23627
93777
87073
78726
72566
86400
59255
19570
83205
30978
63441
1754
18387
9192
44072
53146
52245
35036
90653
77964
3967
68080
69013
21146
34267
77439
31430
21830
12889
52071
1282
91643
13323
72522
25325
14045
46223
17250
32275
52770
62620
98355
54357
58533
5195
7585
42038
63524
76266
58321
29080
33302
31440
2853
96986
51442
31815
4704
53889
79101
24629
54224
24440
80756
50800
16706
92676
43000
67828
77144
55891
35833
97116
13155
11764
52059
46518
7891
69897
53062
1762
84873
41643
12626
69303
22226
93177
49851
58719
2455
13293
13920
56706
68132
367
59849
10639
72131
26959
35925
87638
68121
41086
90645
48222
79545
68968
65725
47628
18819
90356
30169
76769
14722
15304
16042
46478
84319
64602
66480
95880
54088
56133
59918
11054
40083
84433
26911
71312
37904
21772
79826
10449
84585
86359
74245
49470
45550
75196
11073
21139
94804
52606
49079
51355
44994
2971
32212
61392
88115
21544
41683
19206
40629
20907
44003
1392
54026
43709
42787
59331
83438
19276
97282
71765
63629
57228
8340
68648
49817
13171
2191
71224
53998
57850
51582
95120
98746
63081
49220
43413
3212
24585
64977
68131
32616
67986
89875
26008
68444
38725
52171
34452
69127
21294
35217
27479
23374
22726
15174
65800
6526
90629
48498
52554
34027
11916
61511
46078
76410
98411
24616
54054
70040
80746
79857
10883
1110
13636
54651
98006
78285
48498
82575
14670
83393
41550
78669
33576
31699
43968
80881
36473
57893
94119
70712
1344
27646
87679
61255
67319
27617
58029
56433
28849
42788
56387
50031
53446
78207
69779
2812
69775
40964
17122
44037
37228
41692
30754
4554
83467
55483
96559
46374
90821
64231
83728
48160
77890
25886
21714
50649
28149
21297
28040
89462
51866
2709
56218
46924
79606
70833
37770
66657
718
19309
54888
37007
92315
863
76287
60328
27437
47302
50742
40254
94040
20222
46160
33400
7640
79082
51599
90318
93976
51331
46279
66806
56810
98884
64217
32272
47072
47420
37218
76568
9273
60271
98347
68382
56479
12040
58992
85257
66480
96736
11005
50362
42726
7528
37556
3815
8016
8313
58595
94383
86941
79899
55398
37790
7147
35959
51229
99070
93211
68472
60181
33883
94355
21170
75918
9893
91034
53898
47243
34369
57038
68672
80787
93604
40007
33446
95407
41469
33463
15891
77212
99109
97255
76748
83701
45799
59404
66283
17694
93687
39320
82161
19332
51508
68035
23377
94575
67670
23735
24011
62610
78861
92561
46813
24167
7671
59554
24220
56415
17445
36888
17291
71006
68423
4472
80078
82158
28702
38331
60622
72845
7681
31598
22383
48684
12284
6239
32553
72049
57885
74840
11689
66564
77131
74076
440
90567
22059
21989
30538
15662
73422
31582
4523
28651
67234
5048
13877
93050
54300
66044
42629
28797
89615
51086
30500
56174
61539
95122
10650
35032
48636
53771
75868
27082
13818
13159
77409
52828
3857
69081
37502
95171
88838
90046
90842
44492
7618
64940
31884
32163
84813
60223
65550
63392
63983
28521
33528
66401
54449
91257
19534
47541
9658
56677
11401
57244
86906
81506
75470
32603
91670
37429
25024
32250
51452
63789
79474
27005
81592
85765
25833
34166
9741
97198
36813
45324
72720
25454
49720
92488
72984
33219
34531
53570
56919
46255
99860
70538
16557
49945
27251
34232
78813
42788
77055
74253
17087
69375
9622
27486
8037
1275
89956
64269
99049
76115
75732
40822
41586
38576
26684
81903
79541
35549
45769
3921
98583
35984
56537
65721
41627
40839
39895
11073
58384
81066
84177
82354
85357
72247
42150
51372
44843
91672
52202
2233
23274
92198
92061
67824
68517
36486
68538
55053
97407
55782
2714
41598
98759
