10000
88790
25758
99449
73366
75424
88844
31552
35062
25530
46464
2645
10051
28811
18849
29770
67508
59017
35235
6383
52350
30497
60171
93159
29730
42305
96129
5614
15627
85645
864
42621
54797
72266
98999
35083
17506
66902
56338
3621
16551
4198
32833
17506
16899
17588
60400
63624
21165
48259
90774
51360
61945
93905
54609
51160
33843
60739
68563
29432
86096
33308
84313
72563
23966
51347
36443
2299
26913
29728
19376
95268
11697
23456
97848
48144
83522
26189
93194
16184
72401
21507
37942
32473
53769
40283
90266
26695
3296
79243
20246
56586
25878
23760
31157
22877
62787
95593
35180
47422
21991
82653
35477
92684
81335
56573
63953
67533
42981
61922
44051
84334
75536
8970
25439
61115
33054
1244
27150
75927
9996
31545
32736
57645
1543
91669
56703
35526
98174
64884
35414
47316
40626
50737
54902
88248
62484
26413
41558
80631
88556
60275
4814
73991
43876
18008
48546
40742
56625
33717
53106
83773
23767
39789
55010
1565
3576
13820
3581
61950
96625
199
89083
99928
96154
52176
24759
45387
48875
66536
35539
97582
40020
39280
98302
46311
34213
47001
75179
93903
95306
96677
10392
44372
77763
44731
34742
34286
55672
4066
73695
30117
75362
96623
93761
16270
71070
82308
20481
77196
23147
7443
98749
88835
2211
8570
69154
92049
32712
49515
51233
11048
56729
82902
15620
51070
9106
54342
25186
72035
11853
68251
36572
79999
7961
32511
41752
21528
75420
64081
27492
7334
5988
40416
25898
56548
22736
81653
36314
57807
88459
89453
84924
4050
24412
19639
23254
66956
69004
67359
49762
47743
22410
28801
87941
88914
8432
40380
79323
41450
24000
24433
39570
70593
67990
69614
95238
67425
51120
76784
96175
37475
97123
97878
3899
87706
15864
12384
7349
98919
69441
27355
41636
60947
56412
59603
25985
37813
97894
3612
25899
81341
99354
46231
65645
80235
90726
96297
42223
18950
77780
9222
26261
61656
83211
6721
99949
19509
78099
84330
80969
15448
57446
61801
27062
88566
14353
78017
76163
36035
16017
45204
89642
85304
26446
9015
72266
87703
47193
74756
85180
61224
42969
18141
72139
389
39696
17485
28948
62247
45469
56312
48019
93599
19919
3281
39999
49404
56961
17804
25280
85565
60853
6064
62633
3981
32830
91988
99801
21704
21790
12395
10644
8969
29010
48742
6939
28033
93262
32078
62117
60871
37019
6908
83570
32029
68525
84619
9066
48514
7186
55115
28416
57175
10428
46027
155
76108
28585
72618
77372
85097
78858
65238
1930
48860
70213
40299
17777
65277
44472
44354
49351
42177
40694
63856
67134
92673
7941
23115
2042
56403
90583
87073
56942
56756
4960
11608
62852
91596
11592
33286
71648
3316
95438
27231
82114
9428
22028
73581
95511
41766
60394
63058
73725
91434
63285
67168
38469
15372
78194
35371
83911
12296
65628
56976
34999
47961
40435
45876
62621
62255
7364
28449
36342
8367
10845
61051
57481
1020
57629
39455
43930
92440
26444
97613
32397
44902
811
28389
45593
10408
66286
79283
82935
26917
73231
24623
35261
94659
74358
60395
37423
41572
74474
98351
37192
23891
59831
61027
68721
78829
97508
94051
41587
58291
81286
49714
31288
32798
50937
60560
21050
41950
37241
30855
69439
32809
29353
25014
65472
50892
38255
33660
33047
9113
54354
69756
32726
61918
16738
93099
67684
42040
40903
35965
82509
63793
11785
21073
27284
34377
27495
75658
23160
98412
4031
72159
59414
70419
37409
63144
19778
85513
72976
26793
6283
11713
38249
24038
18990
48026
4876
6617
27088
22474
96874
2668
66170
16775
15810
65049
40619
6647
58084
67127
89281
2043
99139
55217
47202
97198
55964
25464
73528
74163
67290
59256
53762
8217
18022
63659
46984
53461
40531
32654
21459
18348
87118
61219
64627
77900
28585
87842
16240
14527
87660
82851
98682
22222
41977
19259
92575
1087
94281
39076
76768
71310
75517
82770
53984
15726
91
50726
84108
65917
56211
54750
350
48998
96439
47535
2909
93487
71242
49695
3396
81389
7882
44566
53877
54769
41634
53121
55078
24745
33088
19624
76065
20559
74964
40043
89559
96017
17563
70242
60228
56651
20175
65991
43860
31423
71321
58924
36428
99008
44659
44751
16590
25670
82359
20440
35502
64570
48336
88932
35046
82698
37883
59575
83941
79935
39586
68235
84734
11576
92609
35946
18595
38512
4209
71808
83184
31119
18994
39182
15526
70394
98509
20603
62510
34741
8261
77476
17532
39259
90457
29619
53943
86837
53001
85111
93245
12896
58276
23535
72960
9738
17027
43825
43570
6388
78332
16296
42795
28592
42225
30138
6532
66404
84149
90272
83378
25149
6183
54467
36937
17296
20628
89923
27020
30696
99540
30872
78722
61717
66069
65618
97014
13559
82875
53053
3427
95719
22232
23730
80081
83973
16617
51763
4061
16229
16802
30371
53410
27933
64892
66663
19037
86876
76572
44574
59005
73805
24170
48391
93703
6392
89440
81299
3552
93918
13426
28346
30626
9064
10504
51821
62182
6174
29811
20467
97909
79251
98560
77273
14510
82315
21293
8326
15998
77312
32848
88432
48621
3383
88310
7956
11713
80571
40599
98534
19269
42246
23793
84557
32487
43609
65209
11255
80515
5030
13339
7198
1653
86833
34233
84791
35548
90532
39059
92931
3014
75137
66104
4715
73698
48116
70700
80333
73170
55701
20415
55430
51692
74970
37465
40169
91703
6285
21571
20999
72106
53678
1166
506
754
87519
37024
60911
26623
54608
93955
10160
24316
93727
56725
45552
95018
86769
95941
65796
19153
98628
83567
88547
20790
96451
63047
48181
28555
97933
15326
3049
3316
99040
77190
44431
6120
26524
36857
65215
93450
24818
1370
65870
41231
4942
43644
5593
36403
84840
89833
99913
10018
16643
43664
25533
86501
34520
5262
41119
16963
56287
37360
81276
25411
89080
88910
63431
21014
29828
72097
99878
74854
25367
50029
20545
56367
16890
49814
59466
82110
42423
62060
33223
32370
42489
28060
71289
58280
71088
93703
76126
21764
81587
31516
93650
39895
38595
83305
32440
29746
66987
20602
89527
29180
61634
84182
44617
62540
46679
74365
86094
66504
58340
32486
2202
92557
78762
49544
59501
26335
42698
83720
6387
32588
48257
36048
47849
98006
71645
93950
82323
71738
13419
12423
74024
59311
45186
3028
81442
82457
75180
73605
33530
75438
18131
23993
25695
68178
98501
69048
40675
43587
39582
63441
32887
61923
7849
68152
60009
13889
3288
80517
12805
24938
76658
82514
29644
34904
5889
4973
60193
44637
67769
60705
35211
88928
87700
12774
7906
60991
31008
20984
30789
62954
18973
29362
77182
34280
1059
48629
9830
44755
67843
9697
59202
40305
40634
50452
2717
47521
53017
94127
93278
44680
31508
30791
71113
33285
32679
28858
56945
91408
41585
3664
78243
9933
23993
82404
74811
56996
36102
42259
41830
92789
8414
93664
8882
59453
12162
95688
14337
16843
65182
95707
75829
63235
78790
57685
87728
61074
83369
15533
2424
94008
60146
95204
79002
21059
63424
34288
62860
13286
27478
74591
20614
66343
72539
98286
76785
24275
7608
80219
58981
36613
74729
89788
63271
25145
64274
800
43403
87364
92645
62387
13638
47986
32626
91203
30290
15690
33215
37003
35886
50962
44825
74002
12010
90801
16134
4148
23740
5880
84707
91237
74158
72091
66704
5469
38511
90340
89737
43257
26892
28755
21484
18489
29347
51779
72486
63708
42330
74661
24271
95762
33154
21057
86074
7638
43634
97474
48586
33490
44820
19933
53708
69368
95605
33701
47738
15177
69635
42465
67258
88533
99937
67867
47403
32743
74730
97697
4808
49531
7001
26905
72060
81944
76570
55638
16327
46570
36799
60571
25487
10571
57140
84573
77812
57576
86154
91037
8441
77077
24650
9900
39023
72582
1729
50722
94415
8010
39948
91416
73168
22892
38471
43918
64555
3938
87970
42817
67903
6443
71346
41327
33865
77238
61834
43241
25933
70104
11698
22703
41506
64622
79162
5442
1222
80051
29000
88403
88672
54770
33551
97404
21919
47623
65313
7732
40641
24173
96864
91523
72129
34320
48177
60513
27387
29040
64186
58141
155
48343
8220
19133
78146
92678
80096
99907
91360
51311
96187
73360
86078
49055
45964
71903
48185
23659
21656
19411
24289
25133
68211
10257
22899
96635
60893
32725
40606
83654
23935
65794
76473
79755
52634
42122
26344
28768
88059
11474
57616
90626
86660
34160
8694
78282
37666
70673
91650
8927
21848
1082
29889
85833
76586
40682
1263
7693
90983
96386
32225
29658
21018
75030
72765
23675
2473
40497
1802
30948
10027
5223
23497
38558
21676
64897
51218
98328
30508
13755
81960
59296
67466
22359
37985
30879
32652
37311
96187
8810
55032
66660
82136
55369
92610
59425
3122
45841
32322
89380
32357
64478
56137
76368
95955
67586
92750
71124
92554
63363
9293
78156
39802
97852
29455
70800
73214
16481
26728
38913
50778
60765
25695
46452
84106
30373
7421
12827
34522
39376
58205
58152
25142
28851
18032
30193
16199
20268
81264
93795
23980
2178
34335
32501
25306
36759
379
39592
29745
70902
31709
8050
31217
64533
54731
53195
83012
61266
94409
19148
7207
26147
21980
18375
84926
46874
22639
30642
98834
26679
43438
71262
51761
16936
85785
7028
30289
56678
73476
93470
16025
56406
89177
99349
9194
89219
52356
77558
41489
41873
42754
71062
40956
23450
16243
2450
41963
5877
64585
1381
34262
12840
50514
61885
50030
81528
60177
9716
16480
18470
47259
31853
31364
17455
80800
82111
13074
961
61820
93722
64316
36021
52428
63283
25001
22501
9071
8911
39825
2498
27578
11403
40964
76216
35283
65233
18622
27310
86148
65731
89346
78742
60978
55945
66692
35666
4264
69234
3302
45689
73000
17817
66109
84762
52829
49658
78384
69899
62186
41519
88730
61980
20249
47591
18215
40050
8713
56799
41931
97002
62850
1357
34026
33669
48325
48075
14598
56523
64256
49212
64138
27574
46537
18893
93060
60862
59463
14941
96435
59810
84648
69011
94787
19530
38381
8782
18762
34283
67236
61321
78167
80322
86941
46683
18710
53948
45009
32039
42316
66030
72105
69760
18905
98699
19267
6756
50317
16684
60465
33041
70267
97676
99417
50686
74982
43509
45402
11259
83066
86859
19389
16167
12854
33693
19884
9824
66978
70970
4576
2034
49969
5365
21110
47883
56510
9032
41418
52171
9358
77759
61789
25632
99811
90089
36226
64073
53481
55146
8508
95739
50173
20378
28085
45697
21066
89654
13811
55068
48258
11737
5495
42517
79839
14152
94985
49025
5692
54940
89374
32603
24810
91440
73307
91206
63994
57208
25177
96655
13997
19455
87908
70074
68650
16817
57228
28878
18272
18180
7192
31221
77890
60581
14775
28724
35130
82935
24281
68858
24901
76424
1567
80160
81875
8707
49846
24318
29855
45915
69994
16509
99569
37156
15850
33285
94217
67615
10183
61026
80298
99145
59437
79490
65943
2180
34771
24442
49351
91596
13323
13178
98
42583
28696
10493
38945
13788
20899
68930
82549
90439
69961
36741
63328
81724
84130
19512
27046
78034
44060
47692
18005
27191
68526
89616
16686
2820
31800
49431
52056
83445
26189
17967
57590
7250
33737
43589
41240
21929
714
5059
30926
50408
46205
18301
31351
892
30100
61744
47662
27733
70821
7275
14374
59601
53500
32883
94836
33798
18338
19949
19971
67825
48805
34539
18780
53626
72532
54381
22702
85816
46205
8096
49562
17214
85383
18479
2503
41860
75804
95265
73252
9072
46013
8900
48938
61090
63229
71590
76743
35888
11650
92960
49186
10482
40055
34856
1169
60744
39651
20801
47915
96482
70592
85183
80950
70504
15438
7026
14692
41428
14175
59122
14014
93378
88504
25187
73971
59445
38622
87309
52903
14737
16648
78276
5215
39320
85469
86800
7481
85359
64905
22327
79896
21516
75605
42998
85338
22706
81110
17664
97803
10322
31752
44615
95486
95335
2206
33876
27829
13416
37722
66957
96564
59005
24506
57812
84519
71380
6342
928
48343
54791
89579
39240
99588
58738
85176
46545
71308
52965
7759
84767
75986
67759
39553
11785
84013
2985
97896
39249
17464
73462
30927
53299
3438
48247
5775
51513
98813
75057
47488
30698
93676
45529
9353
78011
20187
60917
14238
98465
16108
28508
48585
84618
98559
12417
61061
29899
81404
78531
69640
85299
74084
10588
93430
35155
18785
95257
24746
41250
1668
63714
95326
59025
79683
33079
73416
69544
78146
26798
92734
14172
50274
38562
38248
94328
38535
15047
91463
61882
64521
357
48289
68583
65127
93884
19915
44583
74078
9748
62748
73278
62535
30536
76516
94844
84455
66455
42544
77403
47769
31825
99048
72113
86839
69653
63117
33211
68106
24359
19425
28133
32883
27932
80046
74411
73962
43447
19369
77120
45041
85386
33278
35058
49573
42146
72758
98226
98639
97186
81578
76236
85875
20097
83271
75048
2956
78822
52219
4300
45234
52840
76664
26719
3545
9554
31696
75754
19608
98628
83698
76689
1128
56703
17297
95865
21382
79960
12573
84682
58302
74575
64848
8346
6944
5690
49722
79349
28081
28908
86249
48742
93617
68012
90147
90398
91494
47339
9388
26377
9295
60568
67397
62528
54559
85999
17365
84987
23087
88454
85803
80210
5110
89502
5805
7302
31526
21100
84421
23340
10922
22447
27829
51258
9435
34675
83940
69551
61488
17948
59241
66727
86395
74206
27761
64930
5184
82715
90228
36869
44488
19071
8808
88757
89834
14419
12374
66297
16830
83709
35919
88737
52380
99981
83678
69675
37915
74637
49908
65044
32958
98586
3264
8655
55378
59418
96277
45073
60785
81502
48554
70022
10614
1726
12047
61058
11533
16862
75193
7261
30804
97659
95515
74198
39702
33474
38381
31616
28785
50414
61377
89153
53256
49651
65419
93383
66976
48574
83253
46098
71097
13049
39296
39583
86624
15906
28265
6489
39784
30257
16534
92612
13176
27819
27674
54514
48992
89972
53246
65339
58041
15251
79761
98798
97831
26793
88898
38447
27015
83632
36305
33630
77242
98027
95541
83722
81210
68889
70496
41300
79833
56788
84240
90009
19923
76561
90605
55387
16672
8414
29980
59903
13184
7319
50024
93810
88365
62075
27838
52010
23628
78755
87192
37236
65678
72272
89716
99377
99669
40967
64994
44266
78728
6565
97899
61686
66054
23656
84839
51110
62740
77606
60438
74583
50423
73067
35247
55168
36777
97789
91765
95780
97564
75882
83935
43242
71013
48425
41495
63893
77460
82224
59279
21366
63188
88336
4191
42562
59663
12978
9425
58282
78154
86597
80733
12362
36535
38407
54380
70297
75982
20877
78401
76806
34078
28553
97021
20361
78598
31273
91734
1526
92639
35266
22355
23810
46480
8436
77665
86611
47418
64580
53000
27369
69156
31977
44810
62303
66270
87890
37844
69475
97742
64023
11713
37170
7279
72851
94201
61011
36761
87136
60217
86865
17740
84628
48160
61223
7774
75218
72341
31168
56807
98054
71721
78518
75279
39780
31122
25070
86124
70269
44174
88843
53009
61419
66320
39818
19014
27876
9522
89742
32648
14151
78385
19591
26576
45178
10709
83053
41722
80916
45299
95277
45987
62931
96809
91582
32875
80734
11292
95474
30959
34320
28000
75100
20744
59089
12404
54027
78011
53316
94921
97397
46128
2225
8468
50802
13732
35745
58299
98554
57617
10164
66866
23331
53820
16064
31328
20840
21867
61008
22037
75431
22496
81
29352
76125
42605
56796
70269
19851
8942
22828
77805
87327
37521
54196
47709
13078
21035
1977
57136
44657
79307
600
121
70855
47837
23304
58458
70800
76400
39062
20837
27037
97183
9058
46252
63946
58563
90438
19859
67974
31012
4878
11500
44228
82845
58235
63128
4522
89796
22501
95172
97807
14002
80411
38397
52881
70175
92319
31981
28392
27827
43856
4684
61153
4593
95360
65285
13022
8989
6108
59817
61091
29001
11082
38139
48969
42332
13587
99510
29714
84923
27904
88194
8293
44007
39816
40327
65998
79382
34789
18604
51432
27055
92018
4124
75647
75658
66201
24532
57852
11353
33912
12318
12192
68909
6006
31426
70031
26219
79022
85803
56530
91724
36066
92259
16399
72648
77153
92789
48894
47758
94773
48026
44415
86931
72462
16675
44397
71873
483
72106
14463
91590
33406
16857
60562
20986
38374
44548
2463
19854
48422
36568
5115
71830
7253
12067
4946
59089
51083
28417
96621
99577
93063
26710
65379
15078
82109
53247
14886
83478
22426
32423
10785
92952
93792
61710
52471
25961
20258
67730
91238
21592
11384
43927
99631
96095
83761
74992
39814
66555
8395
52820
51961
14512
99557
87891
18344
19767
99295
57356
12370
85533
1666
47129
65838
71187
23172
86337
26614
15896
47388
73926
7696
83793
20894
8415
45889
69543
74259
94199
57659
62247
63933
71729
65201
32197
40829
93303
52756
56702
21099
92364
96344
89538
25527
11631
11406
39307
57756
34908
94565
77914
35082
45620
81446
7073
41197
22555
91730
90422
38166
34174
41978
33703
76162
98183
45945
35699
49036
16385
58771
23230
53133
54011
24630
43915
68159
93009
64277
88098
37305
77984
29214
83987
52795
4232
94216
75983
8646
17613
57475
39513
96712
72168
94981
11132
200
74328
1425
85019
28687
86417
68743
6233
76529
72851
5259
52708
13315
85506
49501
61722
36922
1957
48707
68235
7951
901
38497
82361
51849
58124
75397
29183
39590
13716
89254
9439
90321
23346
15012
39182
90037
9984
78032
26912
31658
87717
65711
90166
47249
19627
32040
65677
9299
71915
1727
66124
82693
62370
54511
36111
96913
43037
73572
35462
99331
19528
80267
75402
21060
1912
11881
92399
45173
14812
3708
92284
76707
25413
9799
95483
52812
70700
22437
85853
67175
34717
31353
23250
17608
48878
26251
69602
92381
2282
47329
83160
41971
94809
87440
95714
31085
97249
54653
52037
66879
88194
57410
22553
39813
97778
52085
3023
49662
57062
97931
81883
57962
12934
6605
39353
30565
3320
99456
53133
2355
11659
95758
44109
75462
34299
86782
75663
56938
46000
6369
1145
88612
21244
20203
98110
95200
26508
39547
30148
64180
94880
66273
48406
61665
81919
34410
50493
25352
75278
271
22466
44221
10162
84019
69333
58433
47904
74188
88807
26100
41552
72863
19507
97849
71365
41515
87474
95572
28683
89525
76355
54331
58554
42381
57896
11879
45153
20027
23412
73261
3611
99499
82463
4095
35452
96839
18612
29831
65765
23734
26140
5418
56184
54719
78501
53186
93344
9443
79036
55531
61558
48900
29406
63453
17802
24764
43788
35844
90438
30366
66504
96083
9173
81262
26990
36858
50709
14111
36197
52874
39611
7856
99923
25799
55263
96247
41102
43587
35533
57329
84728
89352
61881
54768
52291
23731
15097
96093
12854
2643
75653
59779
11828
20868
58829
77121
48762
17248
40323
45514
19386
46560
46835
72152
14170
83680
70671
83476
16962
76008
94570
25339
73820
22545
66146
28167
43015
44756
60857
78786
5851
89001
12793
70467
32744
27605
7711
47865
64958
49750
91182
42048
76317
4847
22998
24277
96851
6491
81515
88714
68622
41883
27234
83236
26189
12413
24426
43566
76533
72598
39924
72041
5447
35000
37267
39730
37849
57953
17595
56600
19567
88938
22130
90884
93209
33431
33090
7401
27053
42198
95783
52769
75497
67937
47670
70106
52167
22066
75591
35287
55974
17709
70582
21341
94274
89560
24384
40858
21706
96885
5053
35297
90493
72497
21791
66661
42166
90167
24087
45736
90347
85349
76585
52126
68200
67466
21092
77769
70306
7874
13273
53526
26711
31825
6867
62069
63788
40739
77973
55178
26045
24976
98905
88401
83140
61739
36424
58988
48535
15797
60561
36345
64878
27486
3294
2979
30423
1099
33575
84021
78736
28181
92032
62818
68970
99918
24341
87085
62006
51301
20824
33334
95828
7490
46548
33977
64825
79593
31779
49180
12044
43939
64276
50891
72611
32911
37842
50392
10981
14828
14685
62293
99379
5492
5424
1417
40373
50425
23721
61170
51546
81404
36969
36839
94160
28878
83126
45688
39822
13457
75114
23097
87675
30983
74202
84848
81369
24293
66787
29051
47330
21471
39757
2830
14675
11174
55866
45595
96171
95646
64427
6149
84440
73226
37646
28251
86480
83809
51716
9073
71561
62747
32084
664
73905
93086
92827
40745
98513
43984
46746
85903
92514
37392
71959
28842
33997
1746
46744
11573
30908
86205
65000
78945
15224
95416
67397
20907
74710
29675
89121
16475
88961
30002
20216
97911
3931
77802
37081
51428
11051
21436
37104
77175
80636
73092
12258
46783
708
53749
57351
35167
42995
19176
8569
56842
31475
36119
82024
2888
65612
48137
15412
41376
48207
93949
92988
3213
65969
56574
70456
4993
83286
27381
80948
15350
12377
777
46119
61692
4283
89789
9800
70226
22189
19899
62289
38082
13621
49263
58985
42717
4842
98346
22181
22388
84018
65402
74909
61039
31443
68323
45284
3819
91368
14644
58910
92848
54069
23481
67781
37226
60024
30324
31384
68252
60145
57257
82274
50527
32170
57565
14409
45625
9863
43131
30563
4421
50550
60786
24791
21652
13204
4131
5154
13493
29682
70059
73052
72861
42054
94533
20055
55740
65489
91463
24043
75297
3936
49130
57928
74622
35115
15573
71204
29348
70445
49086
36352
92346
41831
4547
10352
29000
14795
21800
89351
28376
39291
79685
60115
3019
43951
60180
40345
5067
97273
38245
99946
23152
86480
85848
86645
86639
42188
49592
31394
70253
90722
37865
99336
50477
47588
61981
7940
88045
41908
82925
31776
19744
25725
32479
48941
58740
25443
78342
78958
17441
22393
69469
71899
46557
13333
51909
32483
42699
90635
80356
25707
23630
60448
27607
45141
59662
56510
45347
96969
88581
4786
96753
35743
22068
34106
77246
54997
55634
40354
70059
75893
61332
8299
83301
88527
97879
8053
95857
67391
74526
39789
17324
10687
64472
88579
44581
85223
44298
18927
15047
70194
83554
8333
57841
75166
7951
88902
85362
85249
6382
49155
86447
91254
76772
90119
50402
14323
15469
42755
6334
55256
42340
6370
37642
18608
71909
77067
27543
28064
12862
94733
15246
21127
38792
51707
41739
53994
30184
9956
48308
84833
58010
97487
18508
41558
64445
17838
9348
28812
62580
58216
70148
86448
82744
26987
62090
72349
99999
1360
19945
88602
6537
26879
33596
41874
57961
81554
73330
91060
95328
35621
15482
80469
87441
82326
30383
89583
2559
15620
19172
95515
88212
74256
63557
64783
76578
76661
52244
66533
19475
94318
4704
91242
7439
42625
41966
1330
50319
5243
19350
25992
97154
71235
83162
89967
57331
64739
43741
72743
92413
16605
8896
44922
29100
51120
4329
21051
37843
91135
1700
30488
40228
68795
44729
52389
51758
56139
38601
74438
81089
28842
89976
53880
65867
52471
38040
46930
6306
58820
64655
51426
70839
33791
80960
1315
88939
12961
17994
33676
23020
86597
37620
18182
78177
97750
62525
23702
86925
15055
21779
90401
49543
94374
95319
87406
34530
91139
32766
1798
14955
26040
13267
11594
13725
42254
70496
87282
76804
51609
61277
56619
70907
18034
10684
71984
9091
4288
49705
48971
66537
13251
2676
2804
47262
43099
41174
31048
65218
29602
22578
77622
93537
45035
81657
88239
72314
68132
84566
24822
69888
64636
8556
95010
62149
54865
90958
40728
89483
41402
46768
42515
50767
81126
24029
64786
59927
35867
98694
71460
77885
56458
45864
94962
42516
61168
81715
68391
41664
95724
80664
40332
57852
2451
78945
26122
54562
38225
57352
53425
90520
93795
86927
30874
62194
99701
274
26178
73771
66228
41096
27084
85469
16173
62074
3572
59226
56573
6524
7116
53456
95423
66492
83156
16423
4434
81732
87694
75649
69054
7150
46621
97883
18601
19724
62363
66323
55798
20157
90024
25380
25057
28204
36739
43044
46694
14212
71350
42585
64103
35986
18652
78840
46961
66785
10275
63376
65394
69878
17127
34276
39798
99138
21366
29214
48094
99096
18275
30786
88741
52573
39805
12353
37804
87909
6115
36805
73957
17661
863
34292
42536
13656
12531
34509
85979
22660
8250
21359
8193
3245
30305
92380
36438
54679
86372
51781
26487
59966
99788
59753
73426
86689
81769
74211
64445
77787
2372
5593
19019
94629
84032
18576
39059
17856
50103
51393
45740
38934
18109
25055
80700
87844
92361
64352
53596
26295
43200
17773
79594
96312
46141
22364
98672
7624
59656
70213
99323
61019
99591
12539
21746
71092
48179
27247
81151
61409
44241
16447
30257
36924
96447
68727
31394
55675
77270
25440
89214
63943
49464
42562
18133
57164
22138
64516
78065
48573
26177
26551
19438
44770
17177
59903
70632
74814
16037
96979
98594
80084
35259
24924
24398
87491
22537
93250
24836
98187
10517
60721
91091
49354
31864
41933
13812
50070
85031
12139
86788
42747
67709
63104
77074
63031
21199
13527
53347
80551
94890
72521
55107
5644
46197
22699
1917
98100
32104
1877
57805
17226
80436
95750
37883
5494
4701
28922
88739
69005
83663
5960
26078
98686
30292
84330
88022
85140
51669
94828
79208
56172
17845
87113
27809
48667
78788
22967
65118
7047
56328
19212
35575
26650
39398
19386
69153
42418
84902
5148
41832
1892
89546
98281
28874
33298
35118
59566
88376
56241
49252
30599
68358
64266
69962
36988
27843
64016
6266
36957
44049
32943
87528
47511
7199
67716
57174
44426
76435
5903
59449
11229
8939
21215
20506
28823
46321
6884
85731
40520
36355
63265
92895
99827
60181
64090
22028
8134
11287
80391
61275
43422
62573
84981
65315
52364
96713
35128
32789
46259
78369
57023
16138
93356
84635
69189
58505
67379
26507
26781
57731
60480
79576
63518
47936
95236
60064
1806
13771
28146
94455
82811
90653
6014
21861
71407
45602
99713
20908
58235
83394
10196
71414
90832
13188
90155
39798
76605
29071
13009
72083
93910
50268
33378
14872
27922
38123
51143
75292
40494
65416
7484
93260
77035
24297
14502
95932
16031
75401
44198
91537
38020
75146
47843
34977
95918
38141
71385
3391
88914
17943
33864
53350
98673
18290
88794
62430
98108
43154
91457
67620
33257
48287
99287
76949
34731
93687
62965
22426
28527
6290
65715
70240
85239
15676
46174
66078
6547
82910
630
3860
23123
67390
62671
45974
25320
67864
51460
75357
68263
73847
22376
33604
92167
30698
22711
96674
64702
75986
92879
70698
50264
26993
79766
38641
33639
97156
83825
57889
80467
38320
43041
93033
16901
6168
66160
42695
66626
32285
20648
79960
83382
67859
17107
13348
38494
2323
54299
14902
82887
47049
30701
66204
64462
20630
35184
29683
14152
78777
23091
13700
35263
49973
29247
24950
92853
71276
19761
53088
27530
47799
65598
96420
9619
96020
2582
47822
16181
80129
30502
48688
52245
33280
17422
4555
81511
2155
17074
69282
39119
62224
70372
37327
42357
68229
41629
33258
90036
51370
43148
4469
55850
10098
81072
87484
6034
71747
5803
15809
2270
1377
77751
86888
49044
19276
52668
4863
12095
87909
12667
11385
50644
30526
35301
9401
79393
99419
60238
15965
73128
17586
12819
88540
16911
2146
86059
28971
72361
2295
24226
40254
6378
70509
84432
78824
60708
49425
91834
73099
29214
1
87524
1362
48671
7545
85754
98488
43127
26937
81941
15912
50033
54449
61400
38458
22181
78950
41466
26256
34687
98006
22071
14046
59843
15040
10336
65665
65934
78039
77440
86034
69025
7764
43804
54341
29702
55889
29299
85678
83746
24901
49843
68827
60287
31725
56331
67154
63086
93131
7893
51395
177
82193
70011
39297
72069
73450
26141
63085
45747
52625
94577
37331
74254
4262
88798
90342
16023
42343
95306
27259
7763
62937
283
46226
35581
82047
49728
22201
2938
38137
84839
55451
26953
65350
1419
80617
95797
43115
77904
24055
32613
71838
88522
48779
7781
40482
2898
77371
79332
82990
11163
26890
21941
41919
26652
881
38954
83278
15385
43608
64543
69535
93170
23050
51589
85412
54060
4465
63022
43030
60312
26544
78048
13109
42632
61170
77999
28867
15820
30216
90047
25837
72747
49491
33275
66554
88911
80805
46018
4826
79861
66602
61668
1215
42552
93121
81958
96963
24397
51090
9854
73082
60150
9550
69455
78689
92084
9173
83406
3078
32987
1382
16607
72920
98235
15225
88246
62084
21457
32262
17337
37490
65702
22997
27531
81241
68628
65319
96747
77756
61485
39161
30429
55095
67034
42663
66339
10639
67891
51617
87116
88536
61498
52922
42252
95899
66659
12567
74294
40320
79547
25947
44805
17702
34351
15216
85041
6707
43581
51686
73446
50821
98226
18134
42634
41936
33835
27217
72519
97085
24579
28997
61709
40747
84111
4054
55339
86923
78146
94376
68161
51742
34146
56698
70572
14640
98607
44883
82881
67546
56152
54164
19220
16596
2106
16350
69681
87310
79204
3835
59568
61859
72292
7423
47241
42684
96326
95261
7093
70915
63467
17874
8918
39956
16214
14364
81587
19142
33620
69214
50327
52881
42488
31385
49678
35133
85572
24385
99379
14350
32955
4338
30314
26555
49784
45486
64591
51541
42610
70862
22606
75023
51235
15352
53503
86782
62947
67005
33590
88456
29430
1887
45036
41092
53644
51187
45244
73390
72152
16195
47628
27529
80790
76951
71544
41163
28965
25972
46851
92987
78007
20768
39416
41558
4853
23689
28100
47286
15887
7200
44505
6250
44279
40192
8076
23436
11538
43425
14271
65101
43900
53514
5919
13912
66383
63067
2387
16870
14093
31092
16878
99741
17437
14603
68710
88618
88661
45239
70710
40165
20242
17942
34962
83299
94260
68142
27105
14914
10292
14280
84119
75836
83081
36389
56148
24956
79125
65488
10060
68340
90640
87582
32599
80870
8157
73135
35230
34879
68428
4876
59704
57067
89433
63841
64936
99418
29677
44928
11939
81385
7539
16994
58551
3753
64074
76498
85847
20925
29162
85222
1767
69674
2018
28046
62510
67583
68660
20627
92658
82896
48970
7411
68363
67681
69750
92954
19223
62487
23886
11375
23056
29164
62486
9580
50769
67187
79581
15078
13606
91273
16664
6680
29090
23475
38266
63671
15193
86935
25706
27163
29184
52109
76536
85094
41613
22870
23919
57592
3029
10744
30709
93821
36620
90833
72302
97190
77403
44375
15140
93902
74125
61546
23901
34160
584
634
89112
4726
23548
76504
75822
7237
89578
40560
71087
24328
7316
76359
56176
87349
39627
38139
6403
94597
61824
45998
5387
55565
98325
80063
68996
18993
5945
4143
43261
73462
21592
41202
90855
12438
68161
11598
2024
55923
75641
63351
78032
34625
65778
76076
73379
42610
25258
84119
42998
93688
20094
2153
17574
17559
79098
21671
71298
54951
94883
65702
91243
63231
98619
38533
31929
93016
16001
69856
67839
39916
5101
3933
3239
73272
87429
52076
57235
29859
47651
20983
69395
11508
54123
46571
42031
594
62705
88905
34743
84935
78009
11009
15404
24787
11296
59021
11474
84855
17554
39177
40468
24808
59625
43009
61304
51334
54117
44844
17399
75641
10748
80144
98871
37342
41830
5063
64602
15973
91260
80575
52325
34353
32777
85023
83856
92645
40063
63934
75412
9240
17579
22461
78093
94056
7827
29834
64156
90631
55785
32022
33980
46819
79044
85602
25477
33911
65863
30116
38696
284
75697
57812
73714
90149
36862
54298
36381
75266
77928
84193
14676
38399
46581
83235
51297
18698
2202
70979
1357
62134
98661
68267
38863
91406
47303
86689
26542
59408
37090
38450
91993
16142
60023
25055
47328
56314
71062
92391
74927
40585
43424
83405
55114
63297
72536
35218
14851
6335
38101
26411
98116
21354
91730
96674
48147
83582
89229
464
96256
6497
92557
19575
35260
51031
69407
73940
3411
60727
9680
36534
6172
30725
63147
64482
67528
25996
95968
83808
87459
46111
16741
45814
91628
23039
10395
13002
80757
76317
58556
80339
57740
60987
29607
68633
68315
1264
24423
19456
96302
90392
7814
22531
1834
55657
37216
62750
38707
77678
4891
98162
68303
1217
93428
3110
94948
16983
45960
76477
90498
20045
92216
59782
59627
20423
93040
91769
60389
92224
82775
24238
47027
60639
51909
29706
8626
98525
49319
52490
23905
15651
65762
50959
17924
67874
26281
54896
83309
81249
74732
9616
45026
22233
35186
65126
7575
78429
61820
36477
94773
34964
98009
25390
35759
97366
7728
73224
76994
78569
76759
8256
47663
18685
9422
56971
27931
67176
68414
64309
93175
81441
22019
84984
51412
61585
97590
77935
90297
3829
8417
80599
77971
20755
73018
85971
18290
33789
59142
3025
64183
54752
38874
24861
18524
30398
56765
66277
83234
45549
69729
3340
56171
54739
79311
8554
70748
40024
91448
62
74557
52568
22710
14048
35279
64372
30707
46933
50234
38143
76514
65997
62665
87647
65380
54557
60537
59690
32927
1555
10559
7425
19408
62335
88715
43232
85126
25961
76263
29050
37352
4967
67164
2733
45523
35325
37799
27267
79092
28665
54595
85124
6367
4204
35098
88320
4405
76208
48920
3487
44441
99645
38456
58478
29295
75517
92677
73545
69899
12386
15241
93788
61553
51691
46103
4377
68909
75652
43006
47628
96486
21646
62226
59275
60970
13106
18657
70435
54807
20257
69630
64249
15804
77430
43314
24366
5777
9423
93274
51873
92519
93873
21444
32643
73875
87579
7673
88524
18620
92836
11196
93207
36373
96905
42333
62777
89624
17523
76926
51580
11934
71787
91230
53160
32159
1646
96480
30457
73406
14464
95760
26363
4390
80865
20285
66470
99738
71636
49422
35381
16370
8665
94133
75243
13439
1516
25876
37268
92855
17771
88419
70016
19221
5302
44319
58690
42034
11023
74275
38572
41770
61963
58014
10111
47053
77051
60581
55384
72045
76698
59861
51454
9721
73794
88395
17939
57490
46264
399
39417
95559
9503
34215
47705
20617
68334
55067
99799
70116
12340
23499
61866
28673
57800
92249
79848
82992
37355
28545
16994
33482
62682
1527
53122
53810
71299
9172
63619
30903
75794
26474
81960
22350
96725
10785
74449
42129
66928
64045
79697
44694
26398
29210
68987
5386
63195
81615
18557
51687
85323
28981
89814
76300
50017
66819
18001
63231
31818
97950
33019
1594
76277
94623
29126
23610
68764
69206
60284
29563
79773
76083
68607
50565
94133
66523
71000
22848
82443
10054
42655
78665
83415
55933
86848
52426
12165
34791
33511
2431
77222
61864
45401
16021
40859
17427
30159
16116
54908
95366
74486
32877
10538
39651
97792
33012
34106
36488
2705
57711
61820
70722
64096
59907
4774
19811
45881
69723
72020
81088
50080
15063
91030
89553
17226
84192
9371
5853
63127
20438
72354
85262
15763
19311
31125
72681
46075
43714
53956
77477
7561
89998
9141
74189
70474
6812
48321
9208
17830
88485
51188
45865
84685
34425
20214
9267
40992
39645
21000
5092
14476
80566
41172
92105
9771
64048
72676
35665
29682
3208
61026
10924
7275
55171
89603
21630
78364
15017
30710
93912
89469
8349
51948
32406
64652
99220
339
59704
56074
80278
46243
84084
95115
93203
29601
35867
51078
43259
30337
48669
27429
91228
23139
93582
98551
85007
78873
35961
56506
31191
11681
16272
69974
86837
40779
56445
29731
91143
85170
47005
41389
47732
76429
69645
56130
88215
64546
72289
57624
57208
17349
52008
94754
7839
29313
13760
97024
29194
98409
47927
97935
83555
28852
51778
54624
28486
42407
34671
35869
93970
44598
29356
59222
68774
2517
51298
902
35784
96893
55940
97086
16162
3205
56568
24596
80380
39596
96678
86101
14465
54330
3704
34481
71924
72779
5955
66852
35154
19967
65699
79278
18977
88356
64604
94992
85033
77564
59734
34195
14687
13315
702
97245
24464
54628
3678
28415
11321
52116
42813
40097
53421
61194
28376
93280
98805
69027
33613
47194
95024
19064
37948
44490
9583
85956
75106
56614
34622
61634
13957
18410
22264
56179
95983
61169
15554
20731
16679
21952
73040
96509
14734
90198
18938
5368
76307
43695
86744
92728
70210
99447
10195
70125
19622
55362
4338
66121
39425
15891
95330
90524
10594
38688
68728
25780
56649
13530
26378
14005
3765
91074
26712
95362
11843
63067
56431
24196
66228
95406
77688
71860
30273
29091
10231
25743
56675
73673
7061
94281
18909
19243
34151
63843
39070
10009
88302
13972
60456
18113
60170
71000
20146
75184
63618
40172
43172
15487
60975
97472
22594
8430
80613
58122
63239
98128
52555
81409
96236
99756
89754
7401
92176
40121
30596
73077
75161
28103
71271
96605
60064
78426
66132
13520
10811
57246
55385
93204
99950
12536
72002
13223
60694
6640
71297
13180
81119
99211
55014
53035
91630
51594
64790
84824
62779
35437
69563
79562
46170
22919
92930
11089
84432
19000
71039
86843
44557
53808
43413
86666
37239
53851
94040
69372
63686
59304
35645
4693
72643
2357
86002
5130
61619
96925
18521
36278
57438
90155
28703
80347
82635
62292
76509
76662
38062
61425
90998
11140
49271
6454
6022
97370
78262
3431
72070
28844
89972
43122
47320
53647
91382
8712
94302
49600
8325
1146
70733
19713
74636
59841
55830
36181
48464
4919
35881
49810
95255
35224
77963
69525
35467
98078
34251
3858
30383
63460
32091
33984
80135
67947
23053
70381
74969
63155
39988
30021
68597
91505
22469
19221
37668
38981
13493
8291
25415
59838
77636
44319
22435
83472
18953
87311
27215
80035
98157
8498
69594
86342
50177
64529
71857
9445
13349
58538
57090
7080
3599
50917
89781
59283
48359
73457
75296
9625
42368
95397
16971
38582
98925
69846
89495
2245
61532
32120
19097
7447
51803
89961
21340
53642
12990
8187
67890
37095
89164
73902
67225
24567
93678
79107
99209
18091
17146
11707
11328
40788
94280
82088
7718
96652
91907
54535
17612
63524
76631
85660
14929
56425
46835
79379
53739
44252
78467
89769
23873
13907
26469
50355
13486
48983
66992
5808
93066
77688
70360
49832
29144
7789
10111
7492
57207
69256
42548
28984
15310
653
53759
49703
80123
39450
88642
90838
94070
61902
5015
16171
59359
78832
91754
32188
60623
59533
26024
67974
65091
17091
2114
70411
91290
23166
32745
6289
88928
24751
60538
24896
27649
51865
54000
98933
28941
39201
20132
35595
95633
8180
17376
83798
21415
28185
54963
14179
42577
59755
29913
31409
46515
21196
89300
59679
75489
84680
22158
89505
53017
72005
24282
85548
82258
75014
65755
83412
48989
93803
91002
95920
45660
77720
69374
76141
30813
606
56253
89863
85845
23321
58851
78034
13942
52998
92766
98606
32009
98178
79611
17457
41401
15529
86681
82661
32840
12904
87731
30378
97732
24137
67705
3152
40464
52035
11777
78203
18003
12731
98545
89432
16368
35941
29903
13557
16799
3441
97139
66579
79455
11306
59145
89674
97821
61762
22257
4171
24500
85109
52452
46178
2552
12241
54353
18524
80247
13273
63201
74853
2343
56239
50227
5582
84818
99445
3132
56343
92883
7256
94853
10933
65799
31588
17511
62277
24810
50478
16081
83298
74044
96946
68247
24047
54676
22146
13890
41460
16208
78039
80594
99263
62720
18083
61694
81386
75025
70308
56579
79603
65202
63756
39042
44679
78558
72495
51384
24909
95361
10919
82113
72266
32712
58535
47884
10814
92792
91886
401
31204
77218
86163
45506
36344
18968
92377
8140
71304
46723
40686
8578
29635
5182
19750
17429
69504
20185
81063
23464
99542
5518
44404
77967
67744
85107
63185
51893
85439
8535
88341
17447
81457
27051
74577
60345
25216
85227
43962
58877
16207
20688
82168
66799
6486
33186
85504
69571
79778
94121
58691
89660
60886
64782
959
53306
16165
80702
2117
69356
44362
12207
88124
15708
32406
79684
2018
39546
485
61017
11291
78217
81665
24639
94032
20522
84648
13145
95194
26848
73710
90494
16107
68442
65445
6781
81304
48615
97507
84177
78985
27465
72824
15697
30536
43545
73715
14104
79828
44973
26930
19948
84702
48329
95793
74290
5858
3767
1176
79727
21736
87181
37083
90417
45496
1489
24182
48695
53710
84629
43446
67347
71665
39735
52052
6404
65295
2114
23042
81655
93969
68253
28724
52724
27184
87020
70970
42931
61343
60024
73622
58888
6004
15202
29507
15530
95127
14445
56998
80255
78072
37502
11025
95813
42465
49036
25493
39573
62203
84311
13549
95604
68311
50522
6940
58376
49018
37077
7289
43899
73360
52096
63642
29985
41452
38949
43468
31884
29679
88598
79119
19685
17234
26472
71365
43627
30717
12907
93228
85630
68872
30116
45101
60273
92534
50457
13075
21121
43580
6206
72208
19382
25335
68762
18307
88051
81135
85192
17877
14469
51124
70016
69272
20773
67211
90846
15267
55766
11143
31075
65538
42663
75759
76054
21976
18721
32953
22987
41254
72995
22855
85799
94140
88668
23205
8970
90790
44101
54855
97627
98342
52781
1697
45604
90943
9968
59959
52076
96782
17698
92242
58372
81955
24840
44549
97059
15370
7853
6550
20597
30074
91618
89292
59616
98912
21126
53821
42699
70235
80954
91663
97631
61738
4670
77940
39076
13579
65756
72734
78699
13997
65857
80575
79516
30849
96922
92160
52403
133
20939
69721
36909
58916
78581
98968
59418
65464
99659
76210
94391
71553
23316
21186
89256
78960
22991
27313
67108
84348
25314
56341
59390
43529
74972
56396
22729
74035
97011
11126
58852
94099
43875
6513
50228
51070
37429
73219
74879
59056
46832
47530
43206
81701
55230
29510
48490
9602
84540
42311
6600
20962
87534
3873
679
25766
76876
8136
98014
85630
36102
49372
40700
73779
19146
23550
58767
26343
63754
63601
57664
18194
79451
17495
42744
10328
67670
82327
44124
76299
80776
21595
43888
66749
68887
68448
17988
31986
92148
81634
99500
63258
40869
98705
5231
61245
80001
88675
2094
42457
24699
47256
92171
48512
99253
30866
1251
42005
23593
81188
70086
69842
9976
13104
29023
11658
9976
97822
67425
25983
27573
86710
43663
93743
54568
20168
2288
24435
78498
7718
52490
10242
34764
3863
8401
89275
64004
44494
392
46066
5886
10562
7173
97317
41156
76493
55054
82053
68954
84303
49728
21001
33554
71702
74786
47093
31193
73332
83749
75655
82522
48598
20673
5236
7279
75250
74097
4059
73551
12526
13842
97430
83593
45811
82270
14150
86813
78085
50703
99306
91032
96010
28590
39143
66295
6837
53889
9649
37022
52343
70374
64798
75011
16253
2541
55243
58602
99837
30299
15179
60994
36202
20397
35931
49080
79210
27274
22907
26275
18854
85765
86931
12104
77576
70545
67546
80370
8061
60447
37450
4407
65735
87579
54929
67337
95596
84611
26844
45177
94774
44519
3682
56948
71682
982
47938
43319
72145
25558
33361
89468
63789
14548
77677
11765
93191
57568
44456
87981
85198
4147
90179
28230
78359
67981
62823
16335
66762
50377
52540
31271
6275
56221
65082
88661
92133
94871
67263
96770
34146
1049
90982
78309
59721
3774
75337
76610
26834
96827
1946
76820
97610
59646
4817
65354
96650
80986
73495
74025
2591
71661
14569
86007
34717
40104
63034
60859
78800
46378
7974
23376
50690
33415
20937
12463
41185
69092
65969
82559
88063
32863
43209
21843
34245
46446
40198
9773
31761
42320
33709
97302
85104
86411
96496
93556
34096
64054
13468
12185
88073
10109
97836
89419
35674
44364
20815
85615
84070
36032
57204
12905
33584
8926
53374
60606
83104
52318
78045
55855
18668
58539
98593
10996
94712
97052
79960
22220
12437
5486
68751
48921
7832
78337
59024
64794
60442
66283
8968
25801
71068
4213
17140
46177
64401
29223
65317
29560
20205
11110
118
71695
65287
26428
84648
52664
2544
80258
17565
28774
26215
15130
42452
80602
72930
69719
16200
77765
888
4911
12047
83967
80826
29942
84226
48917
58567
44338
97264
56562
20134
47929
86981
9174
88242
74826
90407
89861
23528
20919
2184
24205
73910
14471
17229
98939
89213
43177
62501
16111
45342
51123
85261
89542
27299
69410
78047
94542
69817
1295
92556
55625
27912
73935
84366
86939
1635
14942
81688
62343
4895
91057
1567
83420
32334
64302
96143
81022
598
75826
8553
95594
24287
3235
64074
56044
41656
98507
91197
65895
2663
93018
12547
51900
21807
28078
75147
75884
98498
61038
19450
44946
26529
92703
461
37006
63538
89752
56789
28256
8550
43136
52285
78427
38233
52666
98147
76757
87065
57402
51836
82579
26991
57452
77528
77589
42227
11324
30560
18491
40808
58732
99583
96452
19614
2319
9365
7490
78732
21515
25946
88228
89765
46502
63833
16044
66429
74998
95505
7522
49606
39938
44990
68298
21646
84141
42907
93720
92673
63562
40884
87133
72049
60071
26053
50047
4366
24175
33398
1720
50952
13618
61344
52048
98780
13994
75023
41163
55576
53956
77331
9290
44801
73840
37016
72868
69558
98874
32915
15037
33578
1631
85707
62124
82166
34441
92669
22622
70268
70572
32887
21424
6573
87883
73384
32375
54154
41775
76523
661
5842
92868
2267
52866
56714
99950
61788
58623
72679
62232
30737
64768
92800
28794
81530
28816
95086
92125
54771
79753
52218
34546
3747
81430
63060
92035
38235
33412
39964
71502
78480
64505
4728
96855
80803
61024
76895
33852
91361
44414
35737
32411
43667
19081
14780
38797
51917
63671
77074
64198
78486
27232
25134
58128
25359
70010
81015
62492
44329
32162
81902
39900
41907
2968
84225
31959
31279
2935
44693
14573
84931
71727
59372
79101
18674
29019
43336
32163
24214
92265
62806
20485
99945
42810
97042
74055
31459
13367
11383
75607
71957
88993
1807
3290
46623
2522
74831
88825
16751
55869
20073
64491
44266
38060
73563
67302
62093
42958
96798
83220
3983
87524
17152
22013
90792
301
79103
99107
47770
82946
31046
65799
8287
61
71269
48072
48308
49453
71625
1179
34784
28328
75061
62460
27516
51107
27411
52166
83200
22508
46451
11972
79776
77746
15561
2200
87808
66474
71771
56555
14747
10989
74940
9797
86487
51997
13389
47345
32198
7801
29726
66440
25156
89314
65738
38255
76148
55760
46470
91414
86251
98152
87965
68047
13962
19888
98927
65672
18365
56612
10615
3741
84464
61913
21741
12317
21750
42507
62405
53733
4532
15834
30634
54607
43061
86201
33578
68920
17316
47218
9563
69644
75840
75064
62287
46654
6483
79328
52041
42349
95262
98417
62196
85289
97787
6622
71150
87261
95105
22023
71423
70669
90475
2139
62124
19940
83978
8715
56010
84643
34954
74683
50368
4759
82378
16347
9182
95074
2765
61632
33586
80768
50830
9533
11353
69867
5717
38880
44476
34331
63541
33638
30192
81136
38399
8836
33860
52077
40701
26095
91979
489
49742
53159
43343
19899
78081
34483
46476
85902
97816
27710
33621
8697
27689
81115
51777
89963
27353
66234
87365
89283
99777
80326
60669
70178
60748
68933
8494
64463
30408
72092
62575
60235
92257
17134
8384
38596
46427
73319
66554
41458
95515
63365
48161
22001
33692
25056
30181
7347
69864
42701
43649
61716
73910
68750
48562
84484
66621
96637
49296
55749
16390
45703
71801
54286
30116
9069
85064
11265
16730
22488
21426
92578
37787
86147
90592
82066
74468
80257
84207
32116
13401
30648
12012
41977
34589
94441
79739
7371
18724
51882
32351
56132
8347
31818
62969
80236
24899
72563
56458
62326
43334
43901
99477
33244
28033
84019
3657
85534
42777
39931
12212
7103
13616
58709
66225
30594
17836
73790
99190
71791
73655
16527
38738
77034
56004
76018
29345
74890
66863
44930
55080
16445
24276
83334
29333
1807
67405
81543
41010
96478
64978
29683
45663
91476
74439
86554
36345
95391
55646
74488
51395
63678
44451
8353
16307
62731
45432
87595
82524
42582
32929
34429
42859
8773
87939
45764
86553
36199
210
82205
58089
89810
90743
49710
42758
95090
95731
85681
89470
69622
40823
56922
8974
25001
57222
15998
53184
71446
41340
6483
58053
73967
35223
38592
68452
15382
99790
10275
18904
84975
63351
30047
31917
90707
7573
83369
42649
74262
40144
48079
44064
76812
53029
75033
56463
76083
19777
57547
37985
1780
34044
33131
63776
9372
81194
36002
12085
5522
98638
1025
23834
18935
79843
67280
45402
98147
28532
77406
12035
29412
63548
99469
63996
32573
92145
86382
71386
99589
25014
36791
9558
4423
86921
69884
31296
81263
50233
92900
85871
94982
65428
68901
89963
67756
98893
46265
10974
5853
92450
16752
84434
57181
31384
21983
32435
3735
62304
94742
65836
30139
59239
99263
61246
29275
16478
12485
9945
53609
91579
59932
93471
36945
42288
18870
8844
76893
3988
97136
57330
88046
74767
92777
3656
35831
20913
7949
65970
98795
27535
19416
5921
92867
97940
2736
23534
42748
80587
58227
69381
39876
31267
50782
75457
29253
26844
82755
26369
58446
26907
84099
51308
54886
72653
65460
35790
69548
75111
28210
40447
92898
88167
30235
14159
15139
41573
98176
46904
93597
99895
77804
82592
49321
14147
20475
2919
37701
24193
83606
40665
77351
15488
41668
86283
29056
80555
38992
41959
34526
17981
26759
12968
95206
94058
8843
65151
46435
78188
88969
76117
58663
11162
53105
30144
63562
8511
15760
55378
1173
89871
35700
69712
31827
83599
47555
37031
29715
3739
12775
54302
48345
50402
82907
8632
76518
26323
9761
60919
76916
98331
22827
82300
80422
31940
10377
3731
99898
92878
57681
26084
22481
6444
79356
83562
59721
88751
23390
5995
98372
55056
74824
17556
35028
2253
14399
1172
2113
13794
4714
93353
31783
51221
71923
83515
70373
66667
21468
8094
59339
1345
15964
50880
75726
17474
68215
54221
16402
74632
28135
36342
42521
54819
96190
432
13776
10575
76438
62916
27888
88218
6169
96438
15836
97957
92349
91303
42318
45059
50488
81210
84257
43906
32313
36132
50324
22212
73780
98901
93969
81519
52466
94362
21396
88976
43658
58401
44365
8861
82570
54392
70329
10819
19424
54861
14518
29921
35460
27182
33943
5836
65335
82247
74420
2856
94541
54394
8363
85678
59401
74297
96187
47121
44989
99315
11013
31585
28602
477
99246
54103
85262
38785
93750
85564
15291
4319
76107
13305
50345
20743
54402
8816
34114
42652
92179
39263
43766
32351
17331
20451
31311
43700
84286
46361
91910
97457
52468
56873
64721
64231
55131
82
78032
92171
73498
52873
72269
59737
52647
69359
25742
82357
50619
18075
95629
93717
60364
37264
64609
67191
40464
25659
12647
13814
54419
94097
31288
81619
96026
32157
76160
79882
50388
37466
65874
24133
82260
46453
75750
96282
34023
47018
74140
6943
31730
90057
20714
3981
43586
22165
5772
36196
76066
40068
84964
98487
73495
61259
83134
65170
98436
61668
42341
89291
9074
49908
37473
28364
16886
68973
45517
46944
6842
53464
63561
9455
60434
68633
23797
63266
98707
74273
13571
60930
69146
10090
63520
84040
51710
44257
23188
60073
31516
32099
7558
85087
52088
42798
88115
75273
34454
96851
48715
37559
40652
69068
63408
71123
70495
64754
48559
42349
1267
29889
81793
12744
27179
88947
82785
88534
93149
81789
35728
80386
27358
26412
55150
85498
70943
59730
18922
5470
50047
58692
17661
620
55294
97987
13082
74866
7620
26475
66022
20321
65828
88461
50858
99629
54378
41250
33031
85308
41470
71637
64960
2566
96946
97723
89512
46758
35235
60727
8574
2941
31186
14065
72084
66321
14043
83166
41708
73913
75242
81915
3040
14361
99687
94173
87184
1816
50508
63295
37904
90309
5057
21090
73372
31064
9912
419
25614
92189
19109
67648
68955
98994
13805
1615
18681
21187
72700
95482
37754
85028
65262
70201
24163
37118
60925
20057
78201
55376
10434
97867
22861
33812
73078
38333
48502
99163
81344
42774
82094
61928
96569
73427
26676
3654
17720
93821
73778
6946
66765
90662
5594
32528
15326
9200
38792
36593
95134
56802
29535
26941
40411
25154
22535
40096
49313
67334
7488
79351
35577
47594
42115
80310
36248
52558
70250
12003
41545
48235
1906
45831
52854
77823
13588
95520
35370
99787
35974
45972
3623
68164
96114
37910
51976
51423
70336
3225
33111
87839
30961
52220
29282
8600
15059
33994
56988
71823
38820
62754
56119
36061
3294
440
19672
35483
32090
7538
63589
30115
56269
85184
59907
32479
65811
10988
73736
96095
25801
56970
49943
18766
48195
90022
61538
4469
6556
25200
43477
16232
80758
20511
10071
74078
63546
4589
90062
51844
12026
8904
94650
27310
43576
18082
4681
89064
60035
78428
27244
72742
80496
56050
2266
43078
83671
5568
84067
35799
98447
16289
71361
92136
34459
40853
67965
67195
86199
62813
25533
65611
88809
83212
47265
7559
80730
97120
25706
91005
27430
79631
91281
91719
58508
79740
50710
16168
5478
3648
49428
395
70405
89133
13864
2342
81226
47077
79543
24646
10244
33221
58450
43003
68342
48935
99140
91374
50601
4574
14373
94408
31048
23141
60814
47032
56555
16368
21094
29965
71328
28317
49918
70733
15982
38366
11064
97105
62546
10777
12451
48761
4025
85294
67061
72067
86649
96162
6226
17918
59289
30888
94395
39909
51313
9371
1869
17410
66447
5126
24087
64476
56427
53277
52444
62806
46256
4720
21967
24788
29339
11398
68902
16516
34647
32489
71113
19760
77881
84306
33698
32544
66572
4631
42490
8468
86757
69122
96395
62703
43422
41289
52538
73968
49766
46159
90894
2171
96152
83964
43442
53497
77778
95764
73050
6077
62477
15265
42536
16108
1165
63027
27989
86991
59741
67378
41972
22198
30556
66170
79730
90356
49715
92198
46395
77596
89219
74628
32354
67323
96948
48466
92147
47554
72424
51839
72452
37776
6832
55480
67851
42487
63927
18360
34194
69985
98258
42440
53645
14148
22222
68109
66387
52385
17642
38880
82793
32099
80469
42730
79607
29561
77693
99442
7621
90214
69548
4657
33190
71471
83451
28016
8935
79487
6292
72626
49527
69606
48743
99207
18006
80762
62538
30472
74241
69791
20766
20751
2131
34357
82328
6624
48745
53957
89271
27117
23271
31703
60864
43016
17337
4279
16186
28249
54505
3480
66799
21540
64699
8963
24404
34758
46004
50794
98858
22547
48980
30678
7598
31575
15950
19880
388
44927
72822
86617
62831
85468
51588
50290
60710
69308
91986
58689
44991
45390
84204
30015
76799
61764
13627
10729
76153
56087
90500
96247
10324
92491
58727
28539
31321
86994
733
18482
87822
80978
53682
12332
11403
79524
53867
36263
60306
82490
97876
11403
35973
51948
32431
74319
88322
34241
86680
70832
63216
84985
79165
67218
4596
11673
534
1908
24178
45297
99781
21736
91092
69175
34233
99797
74983
39917
1758
37031
73905
2517
62909
27440
28963
90691
79175
87812
13657
95364
55016
66667
62862
3149
38249
63728
99060
42362
37985
17727
11342
30967
65155
67462
86083
86123
94636
24108
37277
63217
13547
15041
23770
16773
24420
69757
7
83136
18974
46797
54596
48457
73185
93516
68114
52558
58525
87740
33153
40305
41692
76219
8566
92536
73222
93003
82193
86237
22679
82996
1172
32309
57826
78237
52506
45292
63230
38110
83289
83746
59945
66868
20439
62700
25872
24352
2546
29456
89337
26087
33438
99943
6265
743
47157
19091
88872
71070
75877
57055
47351
33529
75952
10166
73689
88897
13164
64005
71639
26231
61524
8737
58116
87900
59029
32812
82644
28738
7378
26651
49478
64882
21911
69544
90652
14683
9641
10655
93036
7982
66029
89810
95978
6825
72247
34175
4570
86570
11041
63259
37744
27676
96533
12771
25016
17733
43075
42059
98066
52777
13136
2560
14966
17360
59494
9620
12984
82279
73546
80308
6619
32384
80492
84622
54468
66898
56217
30283
47408
25142
87271
56503
56799
16607
48257
46442
20111
75355
3896
88072
42443
8405
84516
80551
7471
53934
99346
76170
5251
25637
91387
88146
57060
45545
46636
13206
94956
3062
39796
6625
98665
16732
94616
15130
21946
73589
55419
8984
10448
35425
63164
80125
64568
33717
76743
57074
60857
66769
2185
4379
65393
81521
96958
64223
96843
1040
33665
31774
45905
98779
85696
41730
36109
37027
11296
46165
14690
71312
8972
36713
10079
96895
14475
30696
69629
8623
47272
27613
51458
72124
44759
11905
21380
16854
63166
24312
63861
28630
6781
83512
31404
24050
24473
84992
10054
38172
52194
52917
8666
35900
28741
13236
77229
46963
21082
64851
19035
15236
70941
1634
55328
20728
68658
96100
17061
51771
75308
77264
82375
67583
83168
23811
39527
30736
60206
80289
23750
61552
29902
67826
32380
56560
14905
29146
45458
43637
41118
99710
84107
13765
91106
19934
73243
46818
47820
76404
94211
75902
75020
61947
68642
40369
16010
75237
34114
20008
3470
1413
82815
28652
4874
33643
53599
95242
69890
59625
14129
33954
50674
80690
87009
97687
20269
53398
59173
52126
73983
39142
89224
42871
1063
39019
83818
96384
85093
77529
63829
49870
41824
81063
10601
27818
92448
28878
45649
97986
71063
52904
92900
96203
2103
14140
50838
43135
95897
57846
70084
53283
35500
64173
37361
43569
92069
12305
72820
92014
87715
79193
93479
53280
77440
31708
91954
30381
84343
8330
42691
65486
58555
73961
3666
35478
42802
63697
6669
65254
96315
75232
11708
38874
13020
63512
48016
89201
12442
7494
91842
68786
18839
13551
55882
48885
88163
34496
40796
46904
32276
19565
86427
55693
41895
22848
89945
25406
29781
36019
44219
75575
87300
7787
59784
79005
80108
44525
8668
11575
44378
11934
49247
41454
78940
59170
52470
15280
97510
28019
98837
83754
96170
80821
8881
6458
86221
56203
66193
61452
64337
32418
53879
90182
75063
18791
51885
62403
44903
37107
1779
58290
23204
67867
10239
54477
94951
28635
4443
5034
31386
87116
54749
89616
85381
11467
42812
48049
93529
19816
51015
50275
86850
46734
57094
41159
4247
26117
18270
50671
73956
93148
72967
76838
37066
8662
2711
7757
37002
21635
43124
7006
8359
87118
82790
4627
43917
76434
93104
74732
60193
10357
11101
95044
11798
87695
77909
23256
9865
53587
63407
42069
95524
49373
49544
91110
59608
80640
87281
20104
4432
49434
58119
82754
98356
50973
38967
32299
75804
99533
16547
54273
68759
98795
70334
51946
94492
51147
73642
90071
13153
33796
66661
98311
61440
89673
99255
27197
34722
28357
2211
41142
51142
40747
52905
99573
43098
71572
24504
22499
88849
51056
36177
56112
10422
80407
1828
48381
54898
18793
54238
90924
62768
88114
7317
96439
59551
92399
37145
46426
56898
97539
93945
8309
26163
72765
98526
14872
83929
44073
49284
97366
68857
88309
21548
20815
82936
642
61213
73397
958
44424
35557
29644
45460
54517
11253
66028
99045
68606
73367
94657
89857
40097
21863
85315
91758
85475
98204
79153
71122
9261
97357
79572
77904
19783
49019
46315
72781
42604
15053
73420
8438
71570
66557
27373
52241
5332
53555
20558
82012
4177
28545
59693
1873
42747
2160
51137
45850
47926
76491
64646
34226
25026
30175
15488
65998
92372
16079
31062
47661
32893
25220
59759
96880
26594
15955
15266
56415
67387
65794
13198
55184
35407
46461
8055
19895
48658
70704
50340
6848
22289
19917
43259
84302
996
85069
99515
68169
92451
28952
97958
10930
20291
90040
57562
68263
2360
19010
35340
65165
60321
41390
19154
29822
21264
54726
97629
34834
67920
6007
20670
26158
14113
19145
62591
80985
9864
79164
82288
38446
47220
46867
10352
85424
84631
92536
82763
53323
40038
57064
99391
42557
15959
75340
74821
46743
22394
20457
92555
29960
94025
56029
2921
85698
21860
99301
48433
25612
89594
35397
12540
91119
77221
25428
86010
44562
90290
4550
93817
43673
19620
68046
55868
33941
84077
28163
19003
94899
703
76115
6926
20155
43755
97604
7321
35870
71862
79964
13733
87254
65599
90578
46246
83374
25060
82815
1989
97510
11125
98850
88387
7551
15749
35193
92785
95902
9151
36913
98855
87386
82497
45402
54459
84816
8745
42065
61939
92208
41980
78778
9954
3011
78898
95547
49052
6467
43683
8312
49698
66010
82289
59346
22172
7769
62995
99361
95213
51369
33330
32037
76790
42378
35182
85477
58919
32765
26053
51185
41064
44320
31701
73771
24304
44469
34410
60963
14746
11585
97200
71415
71691
39191
28665
73281
5482
33833
72300
45527
97389
88655
39602
43683
1470
67497
37095
14903
20825
91458
14538
54098
45591
67222
64174
87867
23476
44268
38124
18822
44151
64299
87931
12836
57087
8730
29571
28869
15647
93403
2385
84727
43344
40428
38168
58113
85476
92622
77404
49519
89026
13138
96523
60639
35472
94903
23663
78110
78974
55207
69094
61431
45463
18518
68547
29506
27653
89654
21380
7157
40169
72610
60494
30746
11995
72305
2288
86831
9533
956
50610
60837
97359
4891
94019
47172
99776
87878
82023
33081
45277
88391
29651
48655
42512
2225
17992
45276
29964
88000
95047
40805
72720
15645
65817
21312
93770
31913
60996
21453
13999
46024
11777
6733
92066
73757
77313
9812
33015
96134
15443
57825
64076
67610
7401
44856
26825
68165
92872
48520
69534
36538
77187
63382
54952
36127
52943
83146
94323
40085
70660
8800
43881
95866
67872
77574
33436
1014
96456
89785
92584
14305
38444
63711
22155
41088
61877
4699
92348
63534
31339
46399
969
21792
24115
98790
20331
31707
59467
36425
51078
46084
43057
35720
76818
8058
4976
72882
6548
46672
81581
68042
68459
58470
87631
4351
99254
7074
6139
63733
864
31757
42243
95567
6490
29315
32188
38089
32960
47117
17642
77012
16221
80887
35141
1268
80264
31532
50519
97653
72701
14888
92206
1170
90804
96042
60006
14069
14576
40780
14464
94116
76035
20296
90451
50511
4862
69525
45383
70192
28721
50968
28287
24436
26573
66143
85557
29847
30309
2926
52459
76124
36681
70885
55095
89578
93313
68415
21188
85546
61573
37446
69447
98148
22529
69382
74392
35886
2341
3057
99544
89333
48662
1823
80104
58785
53028
42745
18212
95473
24220
63029
69277
72424
32589
35756
46684
47315
69372
79042
7190
67746
43782
38779
45099
97482
95875
92513
74408
79434
92840
54309
7642
17825
49381
9565
48151
93844
3783
74974
44418
86456
20855
40105
70910
14525
64077
75146
10
89987
37366
74346
93741
35070
37211
64242
27565
504
94372
81075
69886
66381
57768
58090
9587
84361
68279
13748
3769
2837
73238
27813
75030
83932
46290
2368
42972
79510
6606
4855
28200
50487
57875
18267
56476
871
45620
25501
36758
21664
43463
41945
97453
17843
57215
86675
61921
47989
7626
13160
89546
9428
76112
85773
3853
25015
99620
76278
16424
62528
34807
81719
320
24565
39565
77716
6732
11921
52223
25613
55292
35224
91045
50135
723
40474
72589
11616
16343
23
98287
35108
47244
83935
89719
60148
10445
32723
67685
56791
18114
51378
2383
13417
14474
22937
35173
73081
46696
16196
21633
29700
99139
53192
95568
33367
82392
24402
29194
69986
1735
32165
54189
8158
95551
36008
2361
70378
47210
57931
81914
55522
37855
19351
25204
53200
62148
38495
99877
45201
94682
28262
75155
88114
62513
70435
34204
35275
76477
40034
94206
54841
56466
34054
54819
98523
58971
26634
64912
40665
49612
63359
16320
27678
88883
66601
70215
3914
87355
27373
34281
18426
46100
75284
45793
10890
53204
99521
53195
54002
6035
93255
34147
45078
15524
94921
19389
54882
6108
63892
85712
39530
80075
92081
95520
34165
10381
32413
79691
85254
56284
90970
87200
55838
35471
49885
93586
82992
325
49556
35496
67754
80575
5115
3026
83367
2717
56530
73510
33883
40370
21012
65537
30318
74569
1174
56263
47387
37043
98785
67069
47330
32767
53253
1226
18389
21390
90336
49368
93999
79974
61160
17890
40941
24625
25784
10187
53372
10471
23897
95750
81646
58877
85760
2563
16416
16823
35243
69522
42713
7377
84418
80390
41151
58704
96390
65131
28135
30813
37571
9718
9666
6755
98127
30598
1653
40757
18161
38210
27950
49416
26864
15598
717
16479
6981
85455
89577
75786
52014
93882
14587
11828
66993
52942
52762
5318
41158
46023
42676
3558
79552
55906
89154
30683
8995
90796
51893
24089
89968
84312
15253
41578
76841
67502
29558
31332
89555
71188
61861
24201
24872
83628
72267
68141
3686
5302
62128
72524
68992
6353
91360
14351
97322
78545
98138
33446
25900
90335
60641
6539
49884
26547
26695
98555
72073
29728
84786
40413
52462
39013
24056
9248
69363
88571
18702
34005
91625
48298
57242
85510
28943
25474
78729
66189
88787
80175
89750
67213
95712
51000
70295
41193
52255
27216
30399
96421
89075
28862
36
10593
13272
33227
63873
55308
88878
62440
42181
15141
24022
56135
44545
65162
24710
83924
46565
40308
20910
