10000
6236
18284
73141
56170
13406
79543
70180
45547
99846
65456
79372
52498
54933
95594
18934
87434
3815
28904
59938
22119
73083
6155
66803
76492
40264
46664
42843
64889
62936
70168
26387
77146
95545
41341
22153
79115
97257
79231
14975
59276
14402
21442
89247
6928
18858
31472
63776
98920
77326
80231
40663
44716
20565
20092
55015
10877
17794
61757
63614
69310
5340
7543
22594
91437
97589
63924
26220
43608
92530
24447
22869
29816
23573
37205
76737
46677
56351
88127
35935
73887
11604
52442
31438
77614
85328
82470
79657
37803
61825
51078
6330
31587
27466
31795
60236
68477
83272
92763
51251
23184
98624
44380
59886
50450
58595
28620
7230
4599
6518
30672
94454
6081
66482
46721
5494
72508
68138
17020
70385
72907
21740
1171
83814
33444
47008
51085
70007
17153
25295
19323
56627
40622
45619
36317
71226
34992
27990
5987
39019
51529
94820
14911
65355
37959
96857
71553
3136
10002
97763
9236
50200
61148
43447
13981
37341
25682
65131
76146
13525
52500
50143
96861
87030
35409
78351
26858
74535
53680
19518
16884
65565
14134
19876
44631
59877
95620
54532
37730
15910
30039
91392
4901
11397
37056
4230
99870
11138
68905
78930
80887
43079
46213
12888
2169
53265
9454
99813
52424
71910
9458
54581
553
37528
23723
87203
27857
75467
57941
73195
81364
55711
60824
97210
99108
91300
34012
82724
55343
53500
93278
21849
34594
37944
11211
74631
66823
7846
59947
5527
25813
77444
82607
28869
10487
32473
17882
98431
62064
9928
81196
14645
74683
34181
7831
10525
82992
94899
63763
62221
75195
45703
77394
78039
23460
5258
78048
40673
34119
8891
3983
13437
24452
15252
21584
73340
48614
54483
16737
96305
79425
84325
13866
99533
7678
32156
86908
84935
84965
72726
53542
25869
46694
95608
91577
21382
28214
58431
64552
85143
84858
65110
88778
23896
95605
52113
32611
47533
35484
14384
26146
16008
61738
10573
50500
75106
3494
15586
69282
11554
629
59546
68856
70876
73678
72195
25800
81889
58699
39531
43535
29379
16117
50169
32192
82725
1580
25406
23228
55956
55639
64669
29460
26966
9769
72821
53927
15193
11541
64645
12361
90065
16379
13199
84397
59306
30044
87000
42989
73660
5799
86794
75674
80017
36289
1463
1663
50442
29702
8081
21351
9524
14463
21104
18018
2724
65568
33082
68690
70503
61679
70458
1701
52994
24646
6337
68143
28382
19446
66494
87994
34179
44520
85569
49634
23347
28556
33617
25400
50355
86570
23873
21613
64600
30139
59237
95887
59889
78337
32545
79610
75497
58772
56852
18198
52435
25742
30169
53433
69012
47958
87567
26790
75485
87109
48305
1148
35101
84071
65203
79782
43013
92427
17576
5296
3435
97744
8361
32012
30757
93439
27292
53093
60420
76413
78856
71838
58550
68769
51843
75341
25838
78592
39151
22841
82589
35359
69919
39641
92770
49693
48873
59349
80717
31872
16256
23639
17303
93708
9219
85232
74641
95141
54600
30625
22214
93988
16050
84577
81108
50130
69452
21126
97003
70971
87120
74889
44643
99938
40963
47338
46586
61587
24132
58031
47516
82409
14678
97421
97083
68709
35341
70590
3912
18484
98133
78941
11761
63569
22150
53944
34471
48232
90903
9313
58111
67441
58610
12287
62780
45799
83099
29849
4400
75702
15335
82133
424
23885
87196
32280
1483
66558
37922
7574
52758
36438
55111
96570
43437
8872
10085
15692
79733
38040
86313
70121
67509
72733
18995
46934
63884
4607
70334
85437
30182
75855
89058
91166
58380
26866
14624
99677
19743
38352
71277
93003
99704
18107
2267
1406
60163
24135
24915
36250
81545
55179
28214
78697
73753
40434
8777
5962
26467
90690
24982
63606
1298
96061
23216
29137
10974
26939
22621
16677
56943
9833
98634
11293
63066
20470
80484
6496
4007
28598
65368
15873
88209
6221
52565
49239
34573
10951
59397
63366
50763
67469
28710
40638
73063
46244
8704
47607
35036
56658
99566
7644
33323
48075
47828
19634
65656
47793
72820
29580
51606
25095
70126
60380
6575
86535
94834
25494
52082
23399
32014
64539
82596
22565
37402
43301
87946
43846
76327
11975
8566
57902
96684
93046
87096
31431
36926
58416
96920
34674
59352
85439
1482
93157
51204
60212
89960
87239
56187
71734
22519
74776
31441
32718
74848
22422
55115
85198
86523
27647
58233
7008
54820
55190
84103
80356
2641
69549
43527
52190
13170
75124
36551
36871
63234
71234
7605
24703
47174
70079
93302
56336
36347
56740
19515
87187
29138
19913
44832
41478
24877
10573
57411
96650
95166
87271
94244
80332
85191
16612
31761
88443
79350
63563
63183
40874
55894
87903
12191
67738
19506
17484
12070
63381
96336
50406
64132
14194
22532
15258
84461
41166
82946
16216
51652
63702
64251
48189
3354
31944
53306
92045
58564
59621
51394
69326
65636
71212
65391
54325
65561
92427
84656
51846
61186
44673
97285
27648
93894
85454
86330
72638
43256
89228
93228
90801
94395
3043
3076
52191
50825
9937
42787
25401
58016
51805
77015
35007
5542
84600
45670
52428
90097
12202
83328
74757
90648
87059
89111
65314
54611
42750
64842
34121
88579
33750
69098
80943
80930
45853
62834
54829
52299
1244
30187
34140
28297
9955
10038
24880
9749
65862
25991
43117
58181
8872
94118
51342
50054
98771
21455
59572
86465
77930
31818
29109
58041
31932
56970
80040
23187
1177
44085
87773
88518
79019
82530
17832
2357
37119
71713
15872
23521
20258
94558
63239
97952
57377
24979
32885
48174
66256
56566
34397
44376
41051
17961
7053
84973
57603
14210
86537
33762
60842
91720
29068
82278
41335
23737
29831
67209
34009
59019
59971
74358
30120
84006
23580
12748
80280
67411
17219
45677
46359
88202
71064
19426
80017
96336
12603
42553
90831
24892
14171
38767
62960
58980
52283
28052
95260
30342
47646
47006
2256
79859
22665
42277
5592
44747
47285
99531
14146
8210
474
1493
28153
29522
9020
94460
29023
12533
4749
24699
74633
63808
73733
29917
8080
85694
38872
60608
53827
78246
14868
73110
81213
98187
49249
46814
7282
27371
42850
92258
96736
91117
60089
12058
67521
74239
88971
60002
8333
61566
19067
84206
70430
64213
5006
80584
99446
22027
71908
73320
8439
23109
30922
27718
5015
64294
47786
24507
10544
6236
5014
13005
89244
54022
17143
21916
60922
76790
94991
35757
74680
95174
78039
35113
5019
95642
40205
20135
85164
91295
6553
94391
43423
56933
3503
48686
5800
24681
86651
88876
19027
58016
25085
54523
54987
83497
13616
45008
90739
5236
90913
85616
11494
92753
84594
19796
30579
30460
27966
54385
54118
44368
81197
2341
52651
43034
88667
5258
618
89097
61353
89202
69170
39822
96586
19250
40974
26446
15839
94530
23357
24943
10795
87143
23031
4215
21220
32911
15711
59842
40878
46724
26954
987
25915
57072
91094
49735
90986
87466
18297
76652
92578
72098
28250
82316
67906
76367
92995
56091
84357
21659
58249
37336
73899
15407
97179
56116
89575
59468
91557
23439
88612
59061
99293
74762
43625
36305
3740
19548
66729
61286
93327
19248
35606
12073
41764
17920
17251
34310
86317
70084
13589
77428
87588
62591
40210
15875
57190
39828
73843
42387
38824
4037
29403
24305
29895
6117
3109
28478
37063
36273
50461
83430
18422
80267
18570
46319
93437
62919
72846
57996
77709
70556
39300
4210
17950
20870
55160
80301
63021
16620
65496
43317
42047
93110
62847
54072
59088
69555
14761
16964
85065
33527
11221
17678
10070
22969
17714
70863
62806
37413
78717
71303
59228
40371
30008
84676
93977
88617
75873
50088
51214
62544
9514
82300
47227
86842
1419
36742
44876
42540
80276
69168
3784
90636
63817
71460
81869
74061
83149
91938
40229
99986
13724
35628
51964
48259
13934
24303
90161
46725
81666
2028
12629
5229
7191
58199
84030
87573
68918
76542
711
23141
42709
88838
73407
62159
93169
86679
95602
32020
81236
42873
2415
15141
98400
92712
16553
92354
62976
35966
30407
26540
24782
27059
96891
11825
68579
6674
15883
86492
13003
69855
70292
91686
52966
38208
8778
18127
83787
23718
95101
98003
99792
35468
11245
53287
87428
94037
8288
70681
83406
98085
74417
97611
14839
97731
21087
41260
61171
66940
62127
58570
16253
48649
87535
11611
9812
3505
56720
39848
53239
13215
38975
65995
31878
9183
42616
24473
71328
91054
41292
34346
69043
80850
58710
19360
43615
6762
44298
28024
5489
83614
73067
30715
82545
89225
6556
52161
15367
19643
15365
75389
32176
42658
11592
87947
67795
82023
65507
81799
69670
74580
29717
42165
30716
55662
94170
18137
83585
90398
2380
83333
99817
19555
64460
33835
40317
72753
31695
16853
38905
11614
89444
7513
4638
85859
16831
59800
36712
83937
99053
28980
61129
11251
60452
64914
50608
52044
46025
54983
91806
59375
98943
43371
77159
29310
99670
58130
13982
28275
90046
37706
71748
41656
86141
71819
67045
11615
78129
40231
55443
78484
49504
39891
34273
82790
77000
23754
94090
30971
85471
74869
45040
16122
33971
76237
7335
73494
66963
51949
65639
14607
15130
37215
92703
15939
25723
41228
73733
59216
49751
1888
66919
4096
56632
60584
55999
55261
16314
89304
64815
54322
6291
25600
5847
74830
8894
51131
6705
97264
83112
98087
95930
33086
87558
96826
62490
63834
78681
85713
45493
24924
77940
3609
89321
48070
139
93494
44235
15460
28564
4970
72223
41011
74819
89972
38556
29278
5662
92810
1692
36948
20100
89937
94602
81051
93165
62901
80298
72583
79803
9700
33257
73810
32459
3114
69912
58742
97679
87608
71927
41879
14414
92465
40757
69308
50798
57860
91060
87340
37695
45638
73252
53475
74462
87631
27752
81621
55890
26131
5001
29278
23960
8969
80135
59802
42979
70173
66069
78067
72145
60407
33390
44060
73145
27979
19324
35196
55189
21596
89347
7029
66820
26289
12787
1191
48599
20069
63795
69419
1008
89396
61361
41453
56268
76697
18758
95270
54995
72752
58848
57771
1675
58880
31755
89281
75216
59768
60703
58004
62707
23770
14037
56986
31064
82411
61475
86159
82446
71634
66766
89861
67758
76001
69407
45227
65944
27706
51848
24845
51018
92001
47619
25509
62687
32666
52616
78868
60776
45503
87062
46571
41987
49628
44236
97891
56242
68503
98722
96355
79675
54693
30054
20479
81958
73230
57107
26759
24840
56388
27108
55540
34473
7269
94298
28218
22010
28507
2316
78630
4938
85687
45357
63823
55087
69630
53519
345
94438
94192
16820
7515
5588
55929
56400
59620
13703
15077
40040
35625
94453
74427
83955
77235
1158
96599
42712
77890
19162
62582
53496
20646
99827
53506
43965
42392
13408
16596
93621
48829
236
6587
45797
72769
41184
89573
87334
83051
87206
42551
52259
28613
55124
69662
27580
67345
1559
35416
39185
64833
3235
21021
9960
11742
68330
98250
75628
15311
78246
58788
44702
40320
57770
85486
23026
3867
13642
62502
3547
59613
27512
63463
61729
75309
6856
85043
37734
48777
84368
7851
60110
94508
87600
96958
79405
38699
79765
96335
3117
54990
65422
28411
60935
26611
77904
77761
78786
39717
23892
73676
85061
84887
33217
83285
35004
67722
16731
86368
35934
42595
55395
44595
50101
73792
6696
73452
84983
63353
78331
86003
89894
98167
69988
34248
94383
97676
19646
57699
74053
3325
61148
71375
39479
38039
36599
36851
67204
82794
27682
60061
83908
39035
3533
76120
36332
12626
61353
81893
65301
46777
18241
57215
20112
7872
41361
82471
11966
30923
82170
11255
88863
73721
46316
68127
18160
81374
35118
9743
1745
39305
82536
82199
16847
99953
79935
33834
76691
72307
13034
66920
62752
40057
11172
98772
66121
25150
14790
68841
96006
37214
56642
70677
40828
56692
33393
37383
12364
32587
38162
30872
28038
57559
52135
66766
98312
74654
41234
63364
25667
53923
73331
63839
7978
72809
55124
68541
7567
14915
45817
90476
30515
77597
81118
63635
56888
95946
39615
55050
48196
44737
95340
80593
59018
8316
52619
88675
93340
24230
22386
85695
38556
12991
88843
50151
59228
35310
26174
12718
68455
92501
44739
70204
5764
15301
92144
97780
75622
99689
81145
77745
28332
37535
56496
336
96929
89942
23211
98008
61985
9053
16731
81995
88671
9277
65928
85756
70284
54348
88684
17969
55470
43628
77828
31795
40852
49361
66152
89228
57431
36757
68160
20940
51159
59227
83571
55419
86
70008
29211
46051
77728
15415
59625
53612
12647
20118
35875
53808
91089
95179
11409
30576
1568
44044
8788
47913
99939
46668
89662
73093
42654
70654
5743
94120
13584
74053
39529
83224
40777
74322
39631
67848
23478
56993
75926
83537
80275
43889
35740
67742
37711
52977
97294
85061
15389
86291
45412
94935
3801
80660
31201
73812
2255
30542
50152
68656
56772
8198
62401
32833
66424
42561
7352
66101
47886
78710
27528
35189
9956
11363
4701
39624
20214
69115
97380
27361
95475
85790
538
55927
54201
80272
38289
64111
97659
19902
59542
72059
27490
12057
31603
14792
95092
43908
24360
84890
42145
46400
81145
96501
34322
79609
24967
23565
70223
52651
71125
6203
63929
96039
89991
60894
63689
95228
42036
99247
16898
1527
98410
77163
69904
16731
89122
68206
55130
73688
71898
78882
13606
71440
24410
31401
20848
12953
63274
11202
29614
67972
25420
24438
54489
13620
62290
29654
30073
65127
34463
71531
88195
76265
65502
84453
39506
83626
63572
33406
87832
49429
22763
74855
34175
7581
16186
31677
33024
13295
73870
97160
77534
51091
18758
74217
54715
82856
20025
44800
70446
56898
97891
70127
61432
9478
68529
47816
47303
2629
5932
75094
58087
8302
82148
82825
1950
22815
94497
6840
82474
14978
29133
17629
17470
33149
91279
35195
62515
35392
27241
42329
50573
41193
48780
35910
13740
96393
24735
20606
94126
22813
66332
45007
59952
79458
88319
78164
84933
17902
3426
77414
33953
17338
26462
8208
2416
14461
30398
7781
18817
54942
73567
97306
13897
44851
67184
12801
23709
45153
49919
73369
40221
83158
75737
89297
29843
45095
76130
30650
9071
84033
73770
24226
56721
23807
97785
94804
8570
39130
42224
5805
81752
45258
26279
33635
62124
36020
42717
76306
96736
51796
43048
39949
20564
80107
24646
350
62503
59424
92809
22305
55178
39174
89752
58763
74404
5745
1205
37341
30880
71971
66486
84456
12029
19642
55961
15564
22099
77673
11055
87626
58089
16147
93633
20670
13807
60360
71891
96521
39533
5778
3765
80060
12641
84652
54049
16554
35392
44959
70874
73471
87080
67891
45456
68062
9140
40875
1556
10004
84950
82826
78512
72087
90915
99041
21645
15694
73237
64021
52991
39695
12095
51850
6320
83974
82829
17981
74971
8621
49872
492
47887
784
13608
40722
14348
23232
33022
17878
75167
11611
80253
74614
56902
72639
33638
80112
54662
68567
75039
3018
83323
6018
64936
43629
34548
61671
89777
2972
62961
36824
97918
79878
86420
46543
66236
73415
27364
41270
81515
31372
41669
52609
65568
1784
20623
38518
64530
85979
71972
90652
63228
66468
14730
95770
92534
79272
50815
48552
36871
94849
88531
36319
83757
12327
86958
69949
47749
89151
69526
91105
88173
87139
55997
88665
92585
5259
85861
93909
98255
62407
75502
95928
3802
27973
57173
4892
64890
16871
62257
81623
55541
73025
21238
9871
98033
12705
99389
81577
50365
72282
39943
72034
60582
77434
77830
47510
39203
30231
67379
42205
72224
30209
18340
57515
31969
94419
59687
9496
56369
48484
16176
98328
40478
8705
17041
75267
44291
36345
89714
9585
95719
28700
98594
17243
72696
21211
49082
89385
92630
69732
77779
64743
71540
43155
66322
31745
39208
57041
35740
25428
44756
62611
56522
18913
29800
10353
76398
85689
18623
19631
30837
72468
75430
63372
88183
70901
34731
9038
76351
3045
70295
14787
36078
92711
82479
89351
50043
94123
94664
4393
78886
33862
27921
91054
49494
72478
70260
98970
24443
26776
44282
7921
23361
82204
98324
38156
88617
61756
12075
91906
14274
57952
75005
19104
52856
68887
38753
20160
9333
65480
83987
9405
54659
16904
72363
15098
71401
78507
98620
115
21042
14956
88656
95780
50707
67073
52750
98718
13031
8641
91793
28019
36701
53196
67112
84818
15130
1698
80220
27026
96716
31327
98268
97063
23768
90522
82504
11124
44877
15910
17388
51013
399
20413
4047
64189
73214
59413
8547
20202
72395
6124
53109
38264
41350
57207
87564
76973
7410
48667
60578
53183
67645
97123
89753
26944
84822
62745
10870
70714
606
46328
28960
62413
36951
84890
6140
31806
44443
78260
61308
7010
98772
31145
97941
86016
64811
52350
19019
14958
2203
73537
47924
61781
32267
46007
42174
69452
38106
39727
80995
26178
53731
11977
73999
81993
39695
72257
1377
26348
9293
88523
5735
96019
97460
60290
15729
27513
20664
34963
88934
25327
65726
98409
65186
5747
66003
59704
40426
44494
81842
18624
83426
70134
74241
97025
48577
15071
62585
60182
2346
69643
87890
91816
6952
79321
36029
18005
9054
82700
76676
60978
19168
38221
1700
80313
81867
8664
39456
59879
54693
77627
12551
99184
99100
69539
77589
44729
32799
27720
62900
45684
77930
90405
4331
52242
38118
63978
25974
69778
46947
88732
14267
71659
94460
18099
64463
2843
13568
78082
91198
98388
75372
40520
86439
25756
79322
81784
33354
34977
39097
64912
29944
87015
83824
76509
10739
88461
33663
97627
49327
31814
23757
79532
59906
357
81951
64645
51459
21805
64722
40308
54399
92747
47184
67321
64830
88841
64229
75147
86696
73764
89185
27464
95635
3307
48021
10245
19213
76186
85861
81529
6823
58078
77798
84270
65148
80720
76496
81391
21375
86955
36153
51363
7741
76208
30238
47362
36519
75631
90444
63883
35234
14636
11833
77107
59866
31059
42031
62988
92028
93572
83029
63698
70074
42127
31127
19569
12692
62789
53099
28588
55859
48274
95724
38305
8243
51495
21748
20188
64901
12383
51150
23428
94267
70097
69812
44377
4418
29134
92070
41923
95348
71952
79485
38592
33439
88401
36394
14206
80659
35771
30676
67984
62799
26593
25239
20201
13136
61255
44421
77961
9359
68991
61782
35990
96751
43860
46660
67194
35203
17062
61726
57349
45424
5516
6068
93945
50068
55545
80305
54443
25551
91328
677
18531
22205
30268
38729
48421
84897
38417
70214
50654
97134
4605
84511
13381
42423
33353
94259
58761
11990
5227
52503
92976
14350
28107
97037
79850
63674
11638
9816
57757
74757
81328
64995
3831
78900
25994
60692
81080
49976
86774
81288
14721
89181
37853
70555
95665
9415
18209
24816
3821
31736
71369
89399
38637
51830
89101
87990
97555
49919
20901
97551
10729
96879
73029
73144
70253
93765
1233
19717
91670
73
3156
88344
16466
77374
13626
97892
63211
33563
12751
97820
94244
50490
87012
21679
56908
34229
98641
66033
18869
37163
77425
56206
58862
25092
92409
10463
14603
5116
63137
85098
70447
19039
95510
99601
37588
60073
63260
79589
29857
4600
49094
82753
71112
81954
56302
15091
23105
48059
75507
37279
32415
39221
48037
40465
82310
20557
67921
64080
83270
83715
48664
33031
78438
47983
27991
44347
78541
9265
97984
24228
50283
25727
40058
19976
27018
22640
10206
27932
61077
54651
91172
79946
50857
38724
37340
89792
22195
88515
91864
56895
89225
91845
75220
52817
43148
48073
89174
74649
2572
98330
23862
72508
49596
14511
94111
58072
84957
29282
70826
1279
17530
45230
31938
41340
529
82561
47089
65282
53543
19051
80394
20826
25974
27129
76643
71800
45537
92120
78320
19371
24737
88815
68406
41862
70387
91651
60059
3080
87459
32007
81323
56282
80474
23948
29496
88012
99326
54242
32855
35643
76611
26725
50327
35184
81774
71229
37644
10724
21192
86018
96984
61790
45376
10056
12980
23314
16305
1112
47587
42168
273
31183
62646
13982
47800
91064
49970
9697
38425
75460
41624
72433
94687
6812
37280
82312
45453
92664
20678
36648
58473
33398
82817
38189
44942
28190
23955
75550
64115
14717
83691
45631
72256
64427
1175
726
15505
33999
76880
14137
48271
14401
48947
85270
61955
63847
20333
14436
54391
95699
59182
84079
53687
80505
12670
47813
56878
44807
35188
97929
15551
12975
95070
21228
85127
39982
27286
60269
43998
93235
62237
31575
35848
53729
27550
7135
4313
91076
77013
15227
65783
92934
47381
41062
65688
81450
16424
16550
38852
62186
5042
16941
7440
17239
39647
22086
33880
70075
13953
30953
48754
50374
40308
15586
29369
74707
53074
24910
73319
90160
95573
96806
55055
53279
91051
30144
67710
6975
56589
66581
39530
7882
11401
88687
55524
47431
96908
43853
48203
94934
69239
62261
76667
14749
20004
14493
3501
74513
14402
25067
72013
63021
23138
82050
48644
24080
89441
77242
18163
23805
53332
62686
62877
51345
24357
32678
86099
19751
51564
61350
60283
54748
44260
81370
3607
33575
10492
45214
14570
76763
90607
2543
64012
69236
62687
29952
1752
45864
18364
87559
92340
58658
20999
7179
92532
92140
54505
10164
28161
81170
80568
5019
9866
89907
96740
82367
9174
14029
30433
32767
5071
46811
30831
72004
60607
16581
76595
20361
74492
62764
35882
14383
67694
34379
68423
79167
82001
9488
33717
67122
47404
49978
69072
77065
6083
92480
65287
35192
61589
1469
49303
65300
8260
85575
95382
75107
97808
37704
18181
56286
42244
31599
43125
79011
56946
3904
81205
18370
13101
88922
31767
33451
88298
9874
54526
99983
67058
89272
63515
6095
72946
72469
91157
42629
35991
34551
29733
11480
95768
99028
62662
98448
67355
51377
27700
79508
47662
17923
23562
58722
26249
57171
81449
34484
2557
15540
69983
91055
89009
75738
36257
28005
54533
4540
26695
48632
2098
27597
49820
57835
21394
47961
13264
33348
61790
18325
54807
19054
82360
48869
68896
77368
85871
33034
32088
6178
55311
81286
10445
23747
23589
64833
23168
31026
95997
61546
66375
40132
45199
15975
49144
78743
58799
60403
57151
1533
58031
88925
33035
83573
81898
37396
54539
97421
69980
49689
41326
71583
47532
25609
31227
67317
14343
8552
50961
58480
70824
58509
22767
97772
4311
51651
98184
34386
5777
17221
93535
18257
85576
74303
38164
94888
98224
99282
97721
73225
90504
71701
1758
75337
14528
49799
42371
52033
36984
44654
6274
50897
37821
78098
20766
66955
55097
85982
12923
20209
62476
30676
10575
27106
88148
36020
11488
73234
69896
94087
58848
73081
72609
99132
29615
7855
99330
9038
98317
77762
81009
57098
20395
56090
51016
36984
11190
6852
53077
77765
76369
28587
50472
80993
96782
20204
11887
60332
9452
32282
59896
46058
30801
30536
53097
78508
73074
83097
26025
2772
8892
84518
40292
87114
31582
7254
18465
67
35454
79580
40779
84865
41214
56032
76372
90623
28932
3628
23477
24736
91578
83462
41287
82733
75802
57565
68756
57645
30600
67838
18752
71242
84765
64707
76789
64198
46163
87129
58159
55513
43732
60716
12654
91902
30750
68643
72013
73505
49902
39848
19591
56560
10290
44513
63367
53687
5971
47154
21362
81300
99994
47663
98590
91977
11441
29579
29619
45654
64469
90636
19948
44241
67074
9240
5846
96087
27415
49757
74836
92704
99761
92499
9524
49323
28275
33075
5239
10438
76633
73809
89811
60265
23597
408
518
95271
21745
33856
31265
97623
19677
59467
98481
49768
72964
56459
36943
33636
52052
20093
23696
5368
29902
45219
55273
28939
19501
68193
21150
1936
56189
51716
65628
6519
17829
90173
9225
84235
68673
88739
3478
10745
83740
81843
92257
77443
25149
56030
24404
34011
73530
3180
30485
27538
42646
63630
3381
10583
79452
85604
48795
54918
25106
14281
14202
67831
62594
88590
37752
77987
81692
71068
52046
62712
55185
20809
84557
24139
24909
11486
50031
61132
99290
73561
19248
97698
63076
15556
66451
90764
24701
55576
30703
64915
49058
91414
73962
39239
92362
32959
52969
33447
18259
68862
67464
96918
2139
78273
20214
19181
70149
70577
54951
53991
70438
75407
37829
74417
32072
68366
74302
33341
76485
7843
88374
39323
42394
1659
90513
56012
4933
36666
89007
5209
26008
58400
89101
77713
13052
87235
76179
62666
61224
7381
74561
57718
39841
66972
73498
71878
93535
88141
6871
90763
37839
69258
43741
77052
24332
26393
28272
71264
74799
16840
71272
97764
71317
79934
67783
87877
51486
45179
45320
83458
93801
17784
96666
58464
20108
27543
26298
67336
94673
99344
42358
20468
44745
7647
96716
48616
57162
82925
51054
48164
47602
70228
80698
84576
64847
37441
8412
20355
84694
63421
53326
61318
5420
95256
65037
95550
12021
51191
34430
26783
59418
79021
63143
98689
87423
46105
23829
96488
64072
37028
40975
65183
88613
77994
20884
51731
94301
26324
30762
11115
21350
50822
34404
58565
8341
86793
37176
2330
61767
57329
46446
36127
89620
73186
17421
3943
75481
10274
63229
94265
53522
81934
95666
67334
89849
52645
49966
13948
12198
93756
23930
35573
4880
82790
95725
31951
84760
48377
69544
32526
62961
75648
63875
42456
70368
57913
16643
88337
57818
1803
83665
27999
79370
9843
17048
64248
71341
37365
78318
71848
49199
97164
14427
42073
89792
18470
12986
77119
55907
44701
30730
44960
61938
62032
58854
3004
20722
71982
58734
93939
81857
53745
13425
70105
49889
76675
69973
34184
58279
26098
19007
1658
61872
73589
85418
31103
56260
41490
31161
18586
84534
99820
50668
29978
61112
68983
36170
63619
75859
5817
82157
86848
34623
27562
83934
50727
58216
64717
56193
7483
493
40221
21422
69878
40565
78755
51651
92787
42185
24306
29130
52677
50020
39481
99152
41018
46154
8493
10049
79309
14652
14254
47373
9310
64099
89576
69921
26126
69475
82819
8042
43085
72363
81048
60821
28059
73698
17554
38051
4387
87098
5948
8478
56413
50896
57911
62611
8094
78590
57932
42396
1730
94038
73952
50938
87075
31835
50556
96528
1922
96867
34341
24315
29571
29304
53199
35836
38961
17454
9225
99475
42452
96871
83982
28741
44751
28470
76044
79955
48572
61574
57189
24822
80544
89962
38300
62108
30570
68501
54111
10753
67415
7332
76380
83235
96128
85413
8513
76850
58787
29901
87931
77230
58373
6454
59610
70215
7590
14275
50120
29356
12352
91381
48362
41561
15071
3305
64604
84531
49828
88398
86753
63390
94863
46598
27537
63465
9588
85719
28795
73076
34240
40489
98713
50460
81083
26296
22597
74552
51299
59356
36138
87522
83324
73652
19162
67093
486
98023
84846
28740
71495
95672
26239
8865
89275
28364
19141
65186
1620
55506
92642
2310
50996
59939
1966
5667
93962
51601
69566
65392
90614
90910
25396
9958
78500
51357
7099
23812
74452
361
72648
55025
13269
76701
22279
49350
24395
19782
95579
52661
24894
86045
41835
20802
31982
78079
46220
55456
56842
45935
7360
72417
70673
81936
6956
97540
49155
10670
58429
84664
36645
19493
97823
67722
10011
50005
31672
65204
55634
73698
57187
68791
64092
16037
8007
88088
6551
46796
3205
67053
1017
87111
8353
48327
52154
51688
67469
40218
66249
42928
19090
61327
84594
34969
28008
29810
93714
68012
11386
53945
30692
6548
55874
86348
14389
12993
25302
44175
92562
69146
32605
29193
47815
63482
97176
24323
34873
49597
46158
42270
48838
27524
92240
61882
63385
28839
239
85994
84051
40224
51402
60819
89166
38252
24037
44867
28058
13492
16130
67127
51235
85685
22410
10644
460
63042
56688
65565
37468
88056
20392
58470
46924
22810
52113
84334
78263
28396
46337
23105
47404
8870
86739
69960
34364
2970
63458
75475
25695
97585
72599
4355
50421
5235
34381
2229
4914
1783
3791
94347
51244
12411
79423
55346
99690
29375
79868
82713
1609
22915
1504
22205
85644
77818
19376
30882
51027
64097
92484
25834
55911
32503
61270
94966
12011
10336
6219
40579
12214
45415
60270
20882
58748
68732
84923
25140
23863
67595
31992
7206
97174
43377
77474
5657
41076
89594
57220
50375
19733
55242
40808
42863
65201
86161
98174
63298
62696
32686
32605
82246
97072
43495
12259
4938
53471
83237
9823
44877
65471
60633
18091
89207
14735
72128
91185
24544
5684
61740
50345
28975
10573
3461
7411
31813
87061
39582
98229
64709
3221
83395
97456
60287
57686
7984
94469
91866
78879
57772
95902
8183
94317
61226
9887
64917
78001
68449
91159
56946
139
42487
92419
6878
88732
13139
72703
35053
93601
9034
65743
6062
47177
71714
25050
7
94862
60718
3566
13149
73893
83928
92377
41191
65877
24671
85543
58397
6301
21994
53394
32271
43685
25474
95032
76685
9757
27630
75667
87214
68978
94423
94624
79807
97484
11895
7503
54028
6520
79813
68587
9412
57153
49144
6265
64784
28677
72342
53121
11765
18114
34534
26760
77744
37149
34725
42854
75908
90902
31443
36104
77630
98096
29516
7689
69280
83016
83759
48609
35961
54989
5582
98449
29661
35355
15762
62612
60879
36856
2841
54987
66635
40733
19390
15204
36928
62300
32385
11903
73757
62385
94825
15822
10378
85640
22189
34463
82771
93714
50516
87014
13241
26345
47095
98918
42909
36378
1714
24240
55185
96023
10085
85267
87091
14034
59225
31678
49322
62109
27018
85597
92572
62881
23705
92181
33120
52251
82557
24639
7396
42421
17202
37148
88498
67969
25417
25670
35725
90496
4567
85163
69077
99542
30254
60453
85103
25656
84559
68528
98302
20791
79176
72187
22722
56327
60749
80767
28749
38576
756
28382
64028
91072
39428
26282
27135
81964
41796
3799
48103
82442
33407
41578
71313
20554
59695
17316
34871
81259
72244
29378
36968
2030
56243
79916
28826
52784
20973
24122
49793
86374
79683
9105
4324
98808
71475
30566
35072
21191
95859
35112
70321
77664
56916
59674
83323
26334
45756
36523
25383
40565
77124
15896
21065
5254
60414
80316
90930
50390
53631
135
76470
99353
54914
10396
88063
29959
15508
25503
42855
62555
19659
55944
44197
51010
36892
81166
7391
30758
31152
5330
29195
80593
80524
7064
84175
41265
59481
47206
32222
43196
52500
62811
39181
95275
21889
52983
17903
71186
970
56227
30283
28100
72307
32958
6600
55500
6109
67823
83027
77571
22282
96209
6216
49317
50906
41467
7285
46424
85317
17948
5916
96174
32845
1008
25888
8672
64415
65177
30874
95234
52526
23518
54537
79059
58650
8123
73772
59523
75021
37248
90574
92150
32783
86884
54034
86543
29010
8034
81231
35088
93657
46983
37438
64778
24375
11773
39464
9476
98965
99674
19863
33364
35869
58179
35743
73388
7651
69702
27696
26444
21512
21846
41521
52057
94191
58868
87426
9920
60702
40013
29490
75625
66517
63528
63009
77158
23366
25902
46454
4054
20927
29014
54894
14449
71952
72660
30989
3288
82812
83431
64839
53147
94501
95712
67454
19367
26845
85893
63688
75903
28306
437
12188
70868
68641
71367
30006
76344
29488
28657
64912
24440
5224
68705
6559
36020
20734
53271
44242
82260
65561
31586
23876
28223
69359
76805
20403
99958
44207
93486
37113
11610
81612
16163
7888
35245
41920
34061
47340
58409
51075
15130
83460
59012
41650
46128
59064
83412
91984
83611
1187
51493
70698
61467
1102
2644
11542
70669
84850
87196
92971
82457
3940
19478
52003
83547
83630
63088
43281
80541
73651
40156
37863
99728
50540
79144
42375
33283
85162
90010
56553
1855
8072
84881
30932
81548
59496
12832
84930
35318
16986
32352
18109
27177
53974
78791
36904
29161
70855
22317
53252
46013
94569
33870
92666
59674
95068
9773
47358
87990
46557
457
86744
30362
1286
99536
24064
70024
49013
4258
53044
33427
74802
90324
38894
11302
53536
93713
70338
26346
54221
31174
50455
32696
42468
6017
63506
21044
15667
23168
42536
93256
3335
90152
58144
94144
71475
90776
33601
69374
93853
37971
47856
39538
48560
74460
35227
79453
83603
97676
61639
80234
74689
22583
77215
36880
8994
76218
61515
29721
45090
84715
86534
28489
51257
76347
96388
66526
66103
73867
24119
40893
5996
13541
5656
6532
72281
14863
7747
41737
56254
28403
49287
6492
52286
86148
41535
98499
61588
37824
82393
14439
41351
49690
9799
66523
23902
76518
3134
91539
20164
9709
47076
55779
72045
38217
15387
36084
65854
72910
79762
34575
19634
64009
91744
38913
39334
85428
29996
23671
51442
37427
48022
85020
61139
59964
65783
89408
33144
25988
63560
91512
40927
61460
40596
49231
5354
16212
59650
5532
87583
90857
13814
53150
509
56309
14941
94120
34054
22615
41836
36142
62127
57837
19050
91365
59032
32959
57163
84833
11365
2427
4458
11420
76101
11953
69060
28030
34368
43511
92681
35541
7374
13442
98548
20815
77994
73312
35935
16013
81031
2408
60219
29981
65983
53717
22943
47704
20208
4908
90726
90240
36763
9801
72662
97407
934
96806
51292
84288
54853
6349
36584
50276
75761
12196
43248
14812
88807
30446
34759
2816
78415
22739
26993
44064
39619
86733
70992
29044
31938
35339
43665
31467
88837
97376
69781
68425
51569
35359
20241
68399
51013
21852
26176
75065
14301
34361
2910
81237
61682
65935
70488
1474
30567
46419
65518
90982
4264
79713
76316
80720
95213
97958
31812
74340
40222
99492
42375
20470
49017
61509
89447
86306
92905
45970
9473
44505
32909
23864
4369
15459
2903
51928
84166
80777
76306
34387
61569
49719
68308
1187
78633
19383
65817
66079
25090
68377
11532
29917
14722
95724
69290
4736
61036
29400
71377
47415
62443
38757
76026
91569
20975
30504
49863
87080
78370
57213
85014
35561
54890
17210
11125
21088
85017
58468
55530
53604
69533
29987
11290
28442
48298
19928
79205
71745
2910
87396
13160
18970
1655
81607
61120
95464
16015
33100
61814
26812
72105
97708
99526
94864
32928
89467
16449
14849
8806
7871
13052
77177
57199
34354
71650
35610
57471
33991
52357
9638
86430
34533
14862
93324
68740
22165
47177
53913
59719
15987
73304
35445
76805
44535
14207
44903
63334
8864
26363
62538
12312
29007
30530
56062
2716
5573
81541
7812
25488
60444
74360
83382
91761
55107
10798
74989
28506
70758
25461
54027
6845
43283
30947
87309
32547
73549
47400
54908
79838
46404
60224
65536
96586
41910
45607
59528
28057
40557
45484
53153
81398
38725
40559
81226
32145
84856
54353
4622
83969
19054
18746
63338
86022
27768
58143
21921
2481
89370
79058
60519
5613
82336
49062
62016
18329
34407
20681
76279
48779
93621
11295
78794
30179
24430
31244
38061
68018
40974
39580
21733
67111
48103
72580
27156
41015
61854
67171
97139
51655
90997
37474
57062
84767
81172
33092
51649
42562
80129
25728
94147
8558
83746
6587
8310
79044
56391
97119
92064
93459
69248
62956
11580
27191
58864
37539
62624
46546
31804
7476
36175
26072
99357
59873
41374
82275
81779
81355
84232
90745
64247
68257
68213
76749
58740
31425
10039
25640
91361
54804
62978
30868
25432
20890
86799
1144
96028
30380
19772
49863
19282
52967
52866
11713
96095
60830
20692
92337
53271
18910
41908
91143
60987
66720
11814
96808
49090
99169
96195
40339
37361
20278
57829
8832
94553
27226
47698
48880
37410
69703
29973
29294
27921
10589
46078
64908
8931
32128
82631
56485
28021
50143
81006
5686
98184
40569
85076
39081
51658
59158
84713
48680
33879
30069
74203
31831
87178
35686
33887
11176
82306
65339
55969
30993
67658
95191
59356
11418
19419
8250
86725
96849
56174
33188
45083
65475
66392
47505
46616
89319
56251
30817
31455
88916
41954
730
84401
2865
41321
14883
31579
24329
28912
19950
80876
72480
34341
82084
56417
23465
43624
33247
53916
45333
64538
63588
55925
45885
47128
34910
51556
13250
28948
49776
61926
68757
16454
15152
41027
11774
36398
46264
74018
45362
4228
42529
12018
94099
25280
42297
73220
81424
43881
9036
26213
43901
59066
42684
67939
1252
22950
84790
74964
84224
11638
36308
28389
57502
36074
41168
86108
45370
85054
7584
75142
94644
98213
40708
11473
26094
96169
20660
80620
31585
81280
62725
8456
34423
48628
26571
20649
99230
61200
98385
80665
68449
36727
95734
12924
28681
40536
8622
19143
9111
98372
63193
47517
27573
17508
29596
38577
19637
37044
98259
71619
99453
60806
50212
97784
46658
44644
8009
80401
88410
93127
63272
94732
63112
95243
89977
8487
77359
24475
70252
35968
61368
92888
19526
72218
16142
60818
57192
98225
70284
13529
15029
33021
37500
54667
47321
21746
19025
78282
35355
12301
569
48132
4923
23955
52688
12396
53338
38843
56173
34873
30606
52886
58516
49408
98934
59047
46737
31527
65245
18502
72114
7279
79458
64799
17798
70812
48489
37897
12675
76236
60260
91845
66668
44841
48666
86017
31211
80070
96492
5871
7862
32512
64
64896
42707
1621
41472
68487
37526
2197
62635
18431
83673
61027
39426
43162
6620
26671
97214
31381
57576
22097
31578
71766
55227
2156
24529
92183
92349
90096
36995
11743
74994
9310
28458
5368
55292
95787
20088
20000
8462
56099
77373
34634
45190
56951
10693
93489
78420
87298
7330
51703
50618
78567
41486
60058
21309
2699
5954
82201
96499
48767
12192
71492
36021
31570
6431
58283
57573
49524
6925
62110
47826
3271
64008
49213
31211
19552
24837
45068
75806
70205
99891
3290
68966
43567
48116
78092
48046
36593
71391
86379
7925
82127
13562
56630
17236
90090
91054
53153
28126
88
59446
64369
45542
79290
30383
37792
57683
29785
83174
22536
90076
62544
1501
6480
149
13977
89906
24629
1842
53763
5609
59910
76293
19967
25319
19267
59164
24839
62141
80213
28331
10075
88307
13810
48771
19847
9684
41285
71648
72860
33997
8795
62885
21949
72490
81552
65693
93485
84182
56753
86606
74079
93715
13418
79138
81932
70728
93393
48059
97313
94723
36790
28940
21680
10989
1675
32902
54132
7890
63416
82852
52636
83962
8305
20353
75098
45760
63501
79849
13635
5590
39917
94011
86713
48090
65668
18714
59192
15015
568
96620
92801
59894
38452
14110
82305
74559
72412
98910
26381
6361
53304
87078
70836
87253
54861
78758
35441
42250
84600
22729
54198
28282
24219
18988
87838
94849
40431
95543
40085
19844
30244
22990
6909
86344
14647
29130
75020
10951
36615
55212
4493
24256
16027
47441
95985
58112
30601
57487
65721
12054
96853
4488
50445
82351
44233
16673
32596
83087
51312
73966
54246
17021
41269
81127
76159
6417
83811
69042
28739
12848
5678
98275
73732
66730
88160
31245
14448
8288
11100
19991
34677
45521
53264
94094
16333
55814
62241
7449
32777
65892
46316
74818
41694
70048
90060
57993
56187
80883
1054
17866
3756
42938
85951
69887
94407
89087
92370
37744
59220
89199
22216
32943
38528
59692
62961
80247
13797
58889
96253
80662
79499
22585
37657
13182
83687
8796
55319
23464
4860
2421
75989
81724
81213
87227
43644
85130
34721
31859
27972
53576
95179
96180
55265
52341
39614
22808
89195
92346
39612
88111
91415
33600
78262
36571
97427
19820
75675
93132
19202
87071
9427
81325
6903
62015
51216
67260
28473
19614
44074
6567
65350
41428
86089
77560
60911
20233
16586
62551
31784
34977
38349
50519
24181
9760
61493
94208
84558
51165
14712
23520
95630
44900
96038
75740
40749
28570
9475
36688
74664
81170
16406
62019
92793
44986
70690
7408
16509
22773
43829
43936
83407
51775
39127
5332
21587
23180
16034
96329
46779
3043
64378
83016
53607
18758
9693
59065
36571
91970
99028
62362
27499
86920
56256
32290
91967
7268
73805
25763
50212
70934
81374
50331
28426
32622
68332
10441
74079
76493
3071
64908
57161
16553
28870
94030
22477
54165
10646
30238
44470
61326
11397
35039
88027
47321
12130
56876
1723
28635
77654
60217
57760
44351
58229
19533
86701
93524
15960
44135
27989
23274
76367
95189
59231
93039
88361
45365
35049
79737
35728
33340
97375
49960
8042
85552
46865
31557
67298
39976
47652
60311
36857
63557
80390
97664
26755
62462
60811
41045
68670
55150
47634
32378
56350
93737
37752
57967
56883
8936
40904
5355
26689
24954
72154
53161
18249
65925
84254
27472
16334
62486
12134
28462
74307
9111
60841
95880
51391
22191
88355
39877
70421
6548
235
35094
78759
5676
48281
23124
79121
50548
46280
9611
72679
77285
28242
70364
36785
44671
47441
25053
6879
21146
62326
65749
63220
70213
30067
80365
18734
37674
53501
6931
61077
50025
41868
44283
75911
74502
96420
33139
62927
53879
75481
58626
88388
51721
22869
31870
53295
4306
43715
18620
98183
92221
89349
23159
57400
46139
90222
72761
68475
83141
944
44149
64307
74375
61306
12463
16373
36869
73558
54712
82672
83400
96813
75997
54119
72015
20249
75247
61200
87154
34420
6048
65276
35815
94564
1255
63284
11170
34935
95900
24179
90989
9263
44194
56325
56255
31443
57418
60277
76421
244
69626
91259
10676
31132
43313
59421
94792
22008
68349
52920
97817
49605
44318
7390
26836
4279
65421
43483
94007
26206
9270
22853
92149
46229
78832
29539
44868
39436
97117
1284
23657
6280
94451
66406
70019
63349
35077
90231
73316
80780
7149
25884
34293
55176
90258
89609
23449
58934
99594
21605
60053
92184
66455
84331
72196
55996
63879
13131
26575
17749
859
97891
16391
87268
10779
78235
14467
59362
83495
17464
76361
71790
81996
82301
93443
14986
35299
31978
36934
18585
58726
11416
77859
83769
27810
47004
52588
61709
18253
95634
62471
70222
12589
14843
94364
49769
93746
78819
92261
64893
35391
59269
933
27334
87169
19379
786
92615
58018
95749
7141
23193
93557
55002
82264
71392
72225
42016
11668
96191
55957
94613
65559
58451
43074
28964
57682
59742
6992
32966
81774
83864
99832
15849
90226
18341
40634
75451
60173
30719
5553
65965
17125
26236
87203
34198
7747
20826
39426
11076
11495
81973
30889
97964
96845
96818
13687
97447
76205
37868
92140
32247
97693
43890
94512
15740
42952
13855
90017
7192
19026
95912
60761
50525
55209
86528
13077
16270
65809
78167
41869
4044
91739
50093
79550
15341
75869
33055
38551
77776
93844
76719
33875
85449
86964
28146
66095
35893
62549
19572
69148
13483
76316
62059
30489
84435
19834
60952
64285
74595
11850
88866
51422
3083
17750
63824
90025
71710
17876
11018
13586
66624
1750
25012
28549
20347
83694
417
13873
9370
77057
90353
79092
48465
5467
67980
2772
484
27886
77766
33617
10274
38620
11180
36353
77488
34528
96333
42575
58808
17892
80022
80078
56360
48197
83401
27651
89066
97420
27563
26533
32395
73905
51788
11101
61565
70661
43384
23688
98258
25971
70488
3054
85246
47582
56792
1218
29888
58648
99218
49892
42998
38605
87614
31695
71514
79147
17954
87642
40061
70807
65061
57380
62322
82242
78451
23299
57410
64233
83212
96793
64159
22444
75931
90384
86228
72296
49577
91432
95
92857
31953
46792
50402
71988
40091
94207
44757
43886
55486
92686
80183
71766
40031
43578
70394
69784
59917
69551
58480
90113
41815
19234
49877
92621
64952
84903
41597
18133
98678
19058
44582
50107
37811
82977
22797
758
44786
45357
93374
32131
21688
79058
49322
69317
29322
3121
41183
23229
71769
11241
64113
62259
13996
21574
77341
60804
83746
27847
8594
54381
62384
47166
23165
14716
93744
59853
20122
2149
73283
91081
77140
80053
44012
65375
63205
94253
35114
30521
45737
28333
66963
61786
78309
65091
37659
25615
72040
80278
91559
33631
12200
24344
13944
69759
42232
56090
90531
14168
52572
97616
29666
5738
54813
1328
93351
7011
9830
72695
21441
26913
75933
41257
69287
86311
40372
77961
20868
24861
30607
84670
60063
60305
13458
18170
80612
12831
19009
22776
92960
87539
29216
92304
983
65422
61022
50604
99658
70128
27003
34352
805
62344
67668
47158
56298
59762
12005
46379
79251
64157
38640
19137
85324
76281
7834
41304
76380
32185
8616
80000
8979
35290
75504
87079
24006
60216
12368
2203
74371
51961
42218
73411
78381
43252
50324
10975
69197
18165
1000
91695
38893
11017
1326
83446
76402
4106
94382
67785
23402
71242
13890
44002
73370
35059
53681
21169
74970
32647
51904
89530
39863
54586
10260
46221
35785
83914
34614
60962
52729
97866
11294
89045
13496
8609
12716
59940
7425
76221
71134
66871
66637
56408
25883
17208
49121
85277
64146
26135
8098
89131
93579
51531
49049
43691
95463
62455
66047
76656
59932
76117
45596
93786
80948
88706
10704
66452
34644
88401
52940
23571
95391
40544
50257
90184
16579
57954
28161
57626
40279
29305
76982
7937
41958
13762
63835
68020
71430
85641
8448
83462
52237
71787
83894
98919
58889
84396
70436
84389
84759
54992
35348
68622
37863
36383
96130
98146
8973
23034
90302
72191
25579
77685
26354
883
77871
49951
35923
12751
57840
56865
87777
71899
70125
69379
26284
31195
74105
20920
73859
45840
5420
7504
78020
12996
36989
82444
46647
4534
54510
94768
46154
65898
95401
3521
34368
18080
93979
18725
33849
8649
35657
90211
3510
34887
65727
33902
10301
66390
97285
24931
89818
24300
10734
82407
40299
27236
85388
63704
44178
15982
66274
12447
40724
1293
35779
27937
15030
82029
17123
83565
15811
86528
27473
27946
26381
86073
83595
82818
21626
78319
94961
96878
96078
80347
74656
28220
48126
11750
14098
27244
33158
13478
18797
11231
49435
50882
50421
43047
42057
69925
58233
76484
87181
13279
92557
2508
98448
31857
15991
39163
24968
90071
82897
27714
65258
8021
12533
58061
39152
29172
99062
86288
31837
18405
58184
99090
13752
1859
9027
52051
88194
63048
91667
60424
60982
7053
61426
80084
57534
793
78664
35737
37946
59570
99355
3077
27536
69332
57831
52965
92499
14073
8773
12115
35145
68287
27504
74764
77132
67953
63834
46300
71715
78109
20241
48729
70245
90593
73187
83248
24158
23784
63734
80785
23969
73887
53919
58691
55581
62864
47598
40516
48429
80172
94897
92684
7823
29861
78761
90013
97529
87384
90350
27937
24095
65372
23803
50208
91341
70412
19756
91464
33059
47852
63385
94927
26371
75557
88762
64223
27898
6124
91160
18077
11636
53091
82341
35516
27504
34296
32202
26840
89380
87505
66
65444
89865
25789
7055
79804
53460
98372
68638
19921
7942
57998
3366
1835
63852
43147
59542
85740
80842
11775
16444
41201
79371
21060
9048
46343
4666
69088
82567
62816
70836
4737
28165
27172
94788
61272
34458
66058
82312
69950
12946
6156
16220
80062
23230
55074
45814
85185
72043
76444
72808
95707
94139
10835
23149
51503
54552
52012
81089
99223
94214
7936
10251
91624
40728
9232
73834
76716
24512
94904
88852
85882
19789
35723
14650
49493
47955
98397
2986
9528
60148
15669
47061
63998
89344
12315
76960
51867
75341
18123
1693
54507
59827
81270
16901
15736
26404
13365
15487
84357
65473
46976
82861
17431
42122
99316
13575
13142
23546
59791
27824
86012
56470
97422
38799
97442
67556
41498
54672
54833
88009
85384
13067
68724
23740
3718
16981
51704
68614
26111
78553
80385
47196
44161
67625
38732
74033
29446
98576
67483
97872
96338
85794
31674
34672
92590
33627
26917
64457
9191
73707
37624
78127
28263
35014
97716
26186
50415
79282
70835
64404
97551
19834
52217
6639
74013
97628
56450
32749
5001
34862
81551
54001
90818
40708
24529
80746
70323
48567
57886
10358
47819
66529
5320
38580
90088
91088
48163
35836
88780
76867
60817
59788
51555
36701
67795
53485
98260
57290
48396
98008
96415
99110
75687
44346
57969
88146
86737
65312
26908
90191
98208
50622
62341
12232
18912
82384
84309
4990
85872
24683
56918
55224
76697
83155
81328
19149
43812
30840
28247
43037
284
89693
73331
9577
64014
7504
75141
33268
6669
69591
78901
56695
7670
19794
83418
62599
66051
8408
91400
14870
18885
2866
40279
15808
80429
73643
12317
22319
46129
67740
12451
99533
12587
68171
52849
82107
29846
71783
94782
92599
79328
90631
20321
28902
23096
65731
68522
90408
53798
3438
52919
21301
28556
80951
8978
76508
39640
80856
87533
98384
29286
55526
15423
83340
14164
35420
26460
95157
15556
2064
84702
96520
28244
98183
24102
85371
10726
13348
95839
10828
33093
82453
59111
20506
62843
25226
55225
58173
46360
54391
366
21326
47004
7298
69393
17685
66383
32229
28854
74363
59122
37925
78775
88940
87295
72658
3213
28648
92931
39102
77546
72428
75681
67122
2650
48602
87491
86308
1592
68014
26361
76936
81383
40354
94898
99536
20567
55699
5507
65522
13150
4823
85483
45610
50644
42477
60847
9941
7008
46684
32635
33154
26752
76390
3932
54190
95122
7772
31575
29037
95406
48499
89950
6403
67994
66690
32606
31169
60327
55745
72320
95276
33933
48301
52466
68195
99691
36404
778
20326
30007
12335
20047
51275
44746
69863
51622
63789
24411
6023
74289
28895
47741
48125
82543
57695
77403
98467
64051
43406
28876
35460
90897
96059
81036
44423
69304
92294
9271
35751
59723
3643
25919
49577
97220
79640
69786
68331
49863
52474
24351
44419
29901
5179
30547
80923
38128
57352
78132
13478
7860
33386
74032
49467
29679
25443
20448
50338
75378
71347
55175
92316
29411
51077
45255
34550
45172
15791
68729
42019
59768
60904
52996
84580
88614
81385
45794
81571
95080
88546
92757
63889
7170
78551
29241
33748
19057
18518
38498
99409
51735
63739
6415
72492
51621
88332
60510
45867
90842
93243
44702
89047
34289
77421
50975
29762
82756
91797
49190
89075
47015
18467
9613
63623
19524
47970
56153
89344
60412
52316
80010
47964
44071
56660
41275
3601
63057
27596
1937
24074
45302
78115
17897
97885
94266
27759
7879
23193
19165
62245
18110
3437
49342
22424
84151
99623
1553
78846
69937
91415
93163
41310
88057
31616
76989
66298
77196
10247
885
80715
40560
62893
89975
88570
70731
79532
24616
84278
89901
54058
90782
38978
88017
65445
67623
5536
43637
45150
17398
13110
21386
9555
77347
28918
87384
89877
61380
63715
94599
65465
96462
51750
52577
91235
59302
10882
45542
21367
58971
29903
7417
40321
33051
24793
46858
95621
91859
46287
92058
39362
99486
19448
31796
54655
65819
29536
68969
16656
35220
39272
87585
75787
85363
25474
69836
11560
1418
38142
18789
56538
81615
67351
67143
41162
88703
76944
46025
83498
34207
59281
52742
82354
10902
9861
48018
1618
45120
52208
9614
49592
96090
96208
49881
39865
37577
44622
18753
16954
64645
30651
76017
96672
5181
70643
37865
98673
86095
76763
70907
60517
76751
89928
37549
18463
71906
95286
62003
83188
24487
77201
4490
45473
39653
30446
24195
30771
77790
94787
47354
63145
87548
61222
29869
48281
20140
59441
24596
27362
66135
15985
26728
57248
1002
31691
91276
11255
86959
34655
50631
53244
71937
46627
56121
43276
38955
33437
23853
68547
97131
63972
52910
25339
77732
61325
29578
60861
62074
43480
39607
80601
52594
68892
87199
57882
46496
55316
11174
92658
73198
3711
21253
80894
50224
27377
39668
36286
42305
5366
84022
43504
53953
10876
69200
963
33165
69237
2101
97940
86649
90406
1278
23630
22530
62257
80793
49804
71399
63158
3667
70601
17353
73254
3932
85509
92893
14400
40085
67764
61073
59893
80274
63427
43582
55057
82314
72547
27180
33694
61245
5623
61326
89240
79398
98297
30050
2121
76307
87282
37909
25039
95233
46262
50927
63740
7884
22952
82414
38658
20306
75098
31621
65017
54891
27645
75340
59607
64940
50271
73096
27599
38954
30434
90996
26289
19172
16852
47578
95438
44994
28969
64796
77872
19504
80375
11000
75023
57591
31258
67214
71797
9281
97854
29861
59501
45680
88176
61818
88270
19308
96713
99006
33842
30665
97435
5082
45068
1204
89351
4612
38923
64069
78266
62022
86574
49409
82435
67243
18171
60022
893
88254
52236
97022
29826
4990
87815
20625
38913
25220
64541
42722
70053
87056
49770
51621
73224
95260
73331
77224
81055
43866
17762
81690
58377
17909
37368
46738
4703
19265
66813
91889
19842
66838
89353
80119
34850
41459
55504
79595
90074
25256
95979
5010
81997
9095
24575
15778
17620
9454
736
50143
70758
20937
25735
25754
55628
50318
78574
17043
93878
5632
92251
81111
19082
79150
86671
70601
40686
74244
61834
45863
6323
21462
38168
46483
26446
10132
41544
81564
81100
68590
20007
68282
6332
85172
9494
36878
66754
78193
38420
34148
95218
55907
83461
65017
8482
7673
77712
92152
64341
83609
34937
68939
67085
44590
57130
16835
25011
46133
18598
54592
33825
57731
28837
44343
55009
39892
11609
79770
22352
81612
84087
69709
64741
54029
43270
89815
88645
82013
9767
97384
66482
6723
16058
73493
50134
95909
8229
65155
61550
26769
16487
68234
69015
81178
97438
90700
60266
98741
71837
91380
90177
41169
85778
98335
53987
89476
9815
6436
59082
66939
62026
67392
21843
55065
3309
72803
50490
25534
62276
70929
53176
77808
99796
31187
24356
73129
81211
881
64335
63470
87204
84883
82075
6018
78840
70445
28512
11793
51891
61820
29712
53045
43736
30685
4632
81104
97161
84836
20475
29211
72941
23787
238
20767
50328
740
55521
19677
47332
64810
78988
33324
39036
39294
47549
60329
52874
43770
92492
93062
24091
13807
98558
10687
64388
83014
89688
2831
26201
82568
54647
67085
853
75119
45564
96766
72755
96713
71368
40270
82692
52230
34732
13943
17175
55448
39307
72165
79790
53604
16810
26720
34766
47839
29166
77918
29705
59038
76267
48648
12993
79081
13081
50141
78547
87142
27332
93065
31331
50840
28503
13079
32379
5153
18400
90665
99688
72990
88781
54641
50785
99634
5869
56764
24389
79160
53467
37208
31978
74582
26080
8469
93446
57497
75487
63709
46265
90804
55938
89215
3359
14903
94340
58782
36810
88180
82350
20677
30481
23172
76465
63711
31899
50334
15718
37684
55567
65384
17441
76473
32472
65337
73596
84602
21777
4932
78114
72415
45843
63861
40723
52842
47321
89063
13260
11148
51689
15460
86175
35506
85237
27899
25961
46679
51600
35863
39848
25004
26993
73568
25963
20345
13859
3712
67979
6021
54119
97582
9364
14763
78797
80238
10334
97790
83235
85227
47919
12246
6749
89814
77651
22424
29983
41377
76057
22631
14476
79308
4457
80646
27851
62723
56181
68319
87437
77153
552
2338
41791
60573
50155
34396
20604
22343
81478
88305
12481
34657
71648
20702
19794
54394
92063
18518
1082
24613
71286
94251
42499
26983
94227
78393
43287
79397
16609
17402
53119
1477
48967
10072
72490
51501
49883
32951
49314
19903
73286
98312
66836
110
82622
42775
97943
37633
14349
32410
90183
88120
68933
62983
57610
44988
16471
9621
20551
13969
62861
87395
47681
90879
90920
16593
26448
74812
31518
26699
87786
71284
75285
82931
18549
95660
53177
48407
43455
56371
3090
6898
94190
62383
30062
12908
61118
58784
59589
38034
62213
21357
3443
60233
7776
86279
75692
45337
85803
42161
4106
80887
84032
14627
6591
37124
57400
21937
46833
81356
53554
9354
14006
66995
36028
41002
58947
72959
21045
43824
67103
45687
49063
21529
4480
85159
64560
51700
2244
54411
22608
70375
25692
30773
1919
86228
34877
86361
12248
37267
24436
8659
61089
48946
50553
47623
76472
23361
86713
25476
48690
97661
15306
82699
75254
97567
19680
54990
96054
29234
20610
10431
14816
47692
24693
24582
48634
49189
17515
77732
49254
35120
71604
45540
13399
92211
75015
5111
10701
75781
74480
23398
70612
76958
12600
56371
63723
38876
17425
56459
94485
64605
49943
64958
5620
10687
6826
33221
14613
35264
22485
20215
82394
99508
28732
21247
21186
73692
18022
23934
82692
92387
30929
75742
85407
29188
56730
50184
48944
38173
27340
84518
70578
91509
98983
6340
69140
77085
90901
23270
10713
8503
18094
34807
54292
9909
5014
46617
27517
47951
92819
99311
87231
36424
32546
23937
22123
76897
88344
14651
58314
33233
47996
33383
19203
13335
39604
68286
27225
20096
59717
63908
80532
71247
65740
73536
93681
3892
44131
35212
31236
84075
64167
56054
78251
54592
15950
92151
92623
2429
71327
74832
40897
20224
42958
16942
73194
62058
16585
52939
46900
39113
81464
46299
61306
19652
81424
89280
47741
63110
5824
39417
75971
59740
9546
20002
87303
22912
33245
33663
39678
56262
48797
55301
59886
48968
92099
2266
87615
61467
19534
79346
61894
21756
11964
63858
14578
78575
9364
46712
36765
49909
4561
3203
30859
68207
75041
9294
86127
75478
76067
62244
89826
43646
49302
86284
23352
65393
28085
10266
85421
22649
34436
65824
71565
60823
75527
1962
84033
63297
87511
23517
40459
40314
95755
85669
71007
37627
99744
31146
66206
97358
90415
76527
96881
36602
33542
38425
1415
44769
93931
97335
24731
85176
67077
72471
81236
93934
72403
58731
56648
93971
91403
74230
5029
79834
44094
76286
20010
1811
80376
45458
99277
23766
5359
4060
58658
1028
34936
88394
4135
55939
36370
44347
11441
70837
77314
26594
19661
10670
5758
40556
71280
10917
90075
56500
77443
83900
32381
29466
10045
34965
15008
53635
44738
7529
95284
34046
87562
89397
12903
90203
12934
24146
58096
25223
14314
10390
53305
16768
11856
57021
40002
80718
59165
19509
63190
10889
66872
17159
36554
59804
59372
70087
47906
77591
62612
1773
45169
63858
99194
39713
55584
11065
22344
68843
42505
28199
11908
53674
66344
61829
30232
35399
97286
24025
89784
79398
20503
63703
97424
93482
3000
31422
85879
38184
4298
40933
32351
53292
8608
54241
46543
99705
18112
40986
41861
62548
5232
40263
98553
94563
93754
20311
61213
44828
68833
58478
20432
83151
24938
32031
95066
53631
66090
88364
52863
72722
21469
52674
42187
60965
87586
65035
9458
41625
87841
5267
60483
83260
29921
1192
66913
35405
91179
59101
30097
59172
18055
29303
91521
61026
66927
27608
468
42416
97048
96518
44695
36965
9773
34034
54321
70561
111
82911
46192
82598
7296
42661
99985
36992
39600
48998
87254
67860
47283
1861
26960
75853
44782
1812
84323
57694
23979
32785
29222
77423
74298
32886
77417
80004
76761
47360
92038
46349
72193
72005
15184
83925
51587
37858
95498
86401
31389
59296
78156
56323
45607
59051
70351
87942
13073
98383
23240
85294
48319
40060
75064
59225
22892
46220
92659
42011
8514
56947
45593
13467
46660
20482
7859
78730
9780
15782
6367
57739
49452
34420
19290
92869
16500
85314
3812
19198
90322
89598
3049
38833
80528
27575
45498
69590
8893
5713
40581
78345
38366
85517
65428
59385
66837
33551
39091
37342
3457
15552
68528
21432
43460
24593
88781
62469
21119
30474
6979
99309
43524
53309
453
50401
40059
39053
22179
26541
4712
28579
41169
95423
31064
25059
23637
37642
2621
42951
43617
3777
18141
79526
18954
12310
96320
58521
4829
30819
68426
96582
20469
55238
89208
51936
42167
7762
62743
202
75546
68260
13713
35118
22722
55079
86887
72140
11383
60532
93661
32186
60255
57343
56293
52347
11261
49724
38284
1734
7018
36686
44150
87516
68571
3104
82355
61557
34176
25912
6023
74170
86720
14233
38198
35831
18261
34824
22226
94785
84501
8941
98132
52647
72984
92188
64319
31623
62289
34464
62357
69505
57517
60013
23339
99821
5889
66397
80739
563
73501
20581
49230
62824
29101
22401
87804
22725
39801
33777
69016
7726
87693
55299
99939
4835
51517
56415
11323
50196
59289
15607
37786
29382
14069
18207
86476
88868
46618
1988
64607
57897
48801
43141
14156
22252
10215
90466
58363
92635
10857
14791
74034
41779
13010
18925
57911
95373
95692
52489
96269
3211
85649
56556
27293
46876
28098
43145
65822
64063
99217
27905
64728
20311
8017
7022
99645
71874
60928
24175
5268
64636
70486
22380
25502
9094
40057
20717
69275
52190
43146
84011
92250
70346
29180
32722
80113
92375
62606
68715
69887
64886
6812
29529
10662
19775
1462
50085
69374
36876
68030
94363
7247
19638
16558
85159
88644
66916
36472
91036
62816
30165
9702
60525
79004
5570
74307
42715
51809
5157
23459
16678
12341
94562
67480
13927
83465
44847
85317
38317
66364
61425
7754
80103
18137
25138
10858
16762
46825
51050
78912
88363
51750
70238
10154
28801
51593
7157
96387
51485
91242
79586
84537
71053
89834
71880
68359
79156
17391
24433
91059
98264
39298
48842
64421
19451
32457
55904
26405
30987
88228
76960
99692
61830
13698
60768
30265
67203
83556
6546
72238
89176
9090
77940
33352
26250
68862
33549
37284
18700
49690
24882
11421
91974
5984
14624
33100
90659
51454
11906
88045
10520
28940
65026
84458
91288
23398
9517
99968
6896
54238
54566
3405
53905
74344
58046
87983
18187
41780
49106
70863
73650
48915
4513
28229
69722
15728
35124
77079
10738
33831
42929
31310
42971
37991
33026
18267
43205
66173
17820
59177
4027
30219
38059
36689
47756
8551
36906
88748
91088
57249
7688
87095
50294
67246
98126
37675
90666
73286
17296
47593
25032
11
53542
23245
74866
47218
79709
1048
89005
14526
85533
37254
4060
4923
27800
75982
85175
71653
23604
11052
26449
74607
22103
70076
63312
16442
53569
29989
48041
55735
94958
74487
30102
93680
96210
78065
31649
86954
6568
41138
83920
61249
12442
21132
75738
87267
74537
17534
32644
39414
72417
51048
63594
41647
71966
84513
81613
41477
26028
99214
69947
47926
96056
37172
48221
7028
43772
69793
61275
70983
6727
21521
548
18074
19166
14686
81573
29990
15699
71220
48930
14923
51585
13410
96825
59710
77722
69429
4530
53633
34287
83553
72178
82709
3365
68341
90850
358
87219
63287
43570
30162
7314
86766
61448
13441
87810
88115
33737
55586
9501
49183
62925
32987
66465
50497
75085
84453
29599
25737
43560
95213
81047
81011
69937
6428
3019
2226
25767
69097
3702
20086
97535
74587
37840
52970
20958
2365
83497
14608
25928
51906
96733
80088
29156
15829
52597
29646
88336
59576
20609
46946
58410
77362
93755
12026
25967
75411
46286
49303
86026
49136
35587
7241
36368
97762
76841
8169
85259
72282
91905
73171
33307
29153
63875
95267
36069
94409
14335
51162
88937
49405
64515
12916
69394
98529
72441
54940
61631
32179
53203
91891
37405
59562
54247
68991
67540
15066
13817
64028
24478
87672
56350
28003
76667
1975
6436
16157
54023
47304
56959
24421
14194
61541
9613
72202
54396
11721
84927
46210
98200
36412
26103
27223
8927
13247
38425
69443
42778
60112
93468
84327
80033
6578
32003
22553
5777
9992
79267
44566
42149
76970
98121
91816
70936
14758
83567
86868
99383
93096
32179
77704
84986
38167
86858
44342
65860
9659
7222
94502
64078
73749
65442
87326
73320
97472
343
56292
40301
69056
49992
96599
60217
59115
31646
98738
2175
51099
9951
83697
85532
58950
24
42240
1952
5907
65549
57201
56446
13576
38239
30000
94343
723
51104
14693
48346
12166
49581
88968
76797
38833
49703
77800
27344
83474
2453
14081
47303
58053
4743
60238
2551
18009
63010
94563
93308
77884
90751
58077
87672
95883
70195
31724
39667
55587
69830
87367
31797
5675
26205
89974
5173
43251
81776
23096
81902
82058
67429
27329
97313
51617
60505
26792
68617
81288
2026
96898
26652
92435
46887
25648
34359
56702
3378
42160
63130
48780
59418
24747
74157
80163
90561
17140
84579
32801
96482
18288
32808
67925
54195
62680
27946
84380
70417
19649
14723
76865
49472
53207
54922
78604
79897
31033
74289
61346
20669
17869
25198
58395
85377
22033
5445
17653
18678
2878
62589
60297
95811
81991
57984
44996
58084
27438
94004
83462
47540
77167
35848
9691
7039
30871
70250
1608
61762
39542
29242
14291
36819
72817
96737
28426
89340
58004
99751
96246
59081
81731
48204
53216
94856
52680
20579
43510
61495
37827
55118
58593
3618
3598
75383
28941
91612
9074
46344
19923
68958
32462
20663
359
29030
79932
76190
9050
82086
19182
96450
78669
38497
54571
47098
76542
91310
43636
4345
20013
42313
89028
19089
66772
50248
5251
50996
1269
32629
5294
80561
95345
66513
5419
26657
81089
83161
10893
94909
10848
49831
45129
59008
95116
72466
25778
88941
5551
20429
10712
48471
42158
28348
37130
31765
7980
5939
57821
53415
42939
61927
40526
24776
74078
37207
42086
47088
61402
15871
75434
88709
29562
48420
26708
34283
52674
9041
54971
627
61885
25777
17624
84108
50161
75757
66534
62150
20087
45767
93427
64838
65451
79270
19157
99738
63098
