10000
36281
62901
14182
545
41983
48621
95435
34366
95100
3412
91078
4448
56747
78846
97532
82469
16335
89239
55335
87234
7197
11285
4045
86919
44374
26820
84344
29236
24004
90986
99043
94412
298
39112
23234
27653
15625
11265
70699
81042
41478
18326
58516
31792
43940
78517
38781
48747
88743
93174
89102
33044
36958
55209
45961
14094
91323
9100
20002
39725
83393
59916
6000
84023
57340
19501
84940
43052
74221
62279
88300
4159
33922
78255
30007
44489
2410
64683
54790
64834
80773
55356
20741
14569
62358
36790
69738
83018
74071
78729
74067
30282
67569
39331
25660
64512
98187
4462
25672
10451
65494
88265
72588
52479
42678
10888
88231
35110
92416
7249
26396
82073
3042
7153
4122
4880
77354
13099
72610
15831
68173
79531
94787
50609
57454
98326
73151
63651
51192
82756
94480
26971
837
60860
59583
88888
22786
37924
72455
97543
19013
39321
59275
83671
16798
34780
71560
61760
18473
11949
45030
75251
59497
24972
45073
21696
89373
14595
44621
27813
68110
37319
44596
37118
94278
87780
5979
41237
75743
12253
1057
40416
96291
67560
69335
35785
21770
72032
80610
26627
32024
61677
87166
24990
59914
5461
50631
86181
45522
94590
31570
80987
11567
44945
74063
21950
38354
5427
79986
17586
75955
29360
93206
35706
28964
29680
40116
64922
7190
5770
17422
48811
51519
80290
17608
6225
32623
29116
6826
71490
87942
34926
12038
99422
58199
67547
44461
3269
88998
86049
58088
71907
99432
22694
57102
16206
49674
60024
31960
63052
56978
87088
13540
12720
53850
81281
33672
9689
1319
20259
37783
89566
5500
54335
10580
70832
32122
35583
1246
41967
55038
57607
14001
51062
5694
92461
27442
76494
8648
57244
1999
99734
88143
35858
86265
52401
14663
41063
53462
86188
20554
49674
30042
47143
47259
29053
19554
22202
67116
53842
27910
19603
43218
88304
7366
42036
90905
26941
4917
91216
38501
42141
3092
34520
76531
41618
77001
41877
98480
21667
39114
52884
51352
13368
34879
64660
45076
8933
23303
68236
38971
47170
37463
57228
92781
61250
18659
52787
32739
19498
52591
20023
14381
73987
30521
12379
45016
79579
62024
65974
71011
4211
74106
86838
24874
49968
32753
87585
95009
98353
62867
26500
27187
53570
27358
45738
75566
98966
85178
60440
29913
38935
88880
62050
1707
51581
48455
56865
98468
90799
13976
88667
43175
51312
70015
26218
67258
82963
86576
76015
51058
57787
75212
1058
85244
81576
76339
57095
9867
18370
70909
47489
29834
88782
22437
54027
52263
14381
7432
77308
91568
68379
87787
31840
96433
86511
65238
69620
83733
22991
39228
81682
90237
49293
82035
35470
87939
21720
21911
89873
61737
89779
87469
79105
61238
90383
85348
35788
64698
88547
59706
65182
28374
83549
52019
77254
58755
15633
59932
3292
33479
39218
45722
18394
66022
78566
97785
23553
98543
79256
32069
94637
66452
15194
70123
74394
65290
87984
40850
82801
9273
34001
38720
23041
92096
74665
16887
41919
78020
87662
9329
26645
54031
42819
43757
60133
3110
74649
36188
31871
36062
58076
94024
20452
21507
81266
75559
21992
46685
16411
99799
80829
42378
60189
871
5848
63122
77491
8731
82072
62240
50352
14811
31841
67680
40956
66462
50368
58373
80995
12300
48201
86256
47620
98020
20506
48874
85230
48394
47846
38054
46570
22229
87206
64660
41921
94281
92528
93584
68638
63553
90920
5012
62121
57294
34807
36952
71784
13918
33429
65298
11978
29597
29792
39368
40327
96746
3733
33246
77532
86810
21507
28040
30085
63636
29379
59416
19470
37978
13288
10549
51459
89348
98812
86304
63002
76132
62
4704
2530
12139
62333
12826
91076
86512
32179
15880
83121
64149
55869
92192
40527
61673
73120
2810
91161
87425
16756
32187
63818
34049
12124
80449
27130
58014
1845
46832
4473
86146
57539
10894
25037
3931
10703
92233
40497
15541
70779
58376
24963
50114
16032
56158
30060
4839
45811
3400
7079
93370
87294
41347
73349
10999
69241
37648
93496
89298
18193
22239
40084
56727
27429
15479
16995
52719
93887
38575
53672
78709
64322
91779
58463
12464
155
49410
83324
52907
80469
11062
77960
46290
53086
16763
70261
69369
65965
29450
64421
72603
89000
18815
74993
97748
60961
98603
30335
62155
59811
24678
98233
820
47684
14242
11913
98810
23365
4438
11230
31750
95325
94748
34669
85486
319
95793
81417
77322
55897
69064
7742
31659
34943
9420
8375
36400
96942
80519
31946
5699
98480
19534
84420
63792
73737
63327
26563
5866
23772
18074
73831
97342
98068
53852
30714
98433
6302
59905
39515
20857
7936
3912
36700
64378
69312
24755
29138
79050
11221
71364
19499
69279
57778
87839
10002
46502
44150
26948
87011
44675
89495
72440
2910
88761
23565
77068
53885
39400
26029
38252
38889
81149
49138
84540
57705
80767
19159
20725
41225
80954
14558
78932
80830
19340
63759
24283
7288
84861
34441
82672
12881
88571
12784
80029
82044
66975
36117
11137
49370
89298
91110
22569
44093
48684
5169
73760
90477
17693
52519
12706
58761
98501
90588
84276
3533
55234
72583
26602
14589
45347
21336
85734
47878
76032
22531
43014
72843
7683
90715
53032
89228
50318
13372
30185
9945
76437
73681
15995
54739
69891
65917
64934
24652
14111
74505
72362
9654
33196
70524
17044
19312
10880
22663
14001
87946
17963
78607
27019
51060
49411
21477
48051
88829
87834
14493
14931
57560
52506
52822
37024
31056
94090
58640
27193
77544
56646
26829
967
19254
63807
10100
20870
36949
12529
3377
48327
62865
31687
43641
48591
72194
14070
68577
96642
65763
34352
68778
2237
31445
69703
69543
13520
446
54768
2197
20601
7579
35657
36503
7470
98917
83339
48972
22141
68389
15883
95976
74657
53035
11378
96774
65758
16502
85989
17328
3295
94660
87315
64588
4257
99787
32508
84232
8697
98711
41827
18085
34759
74376
61665
24791
82909
76739
54545
57559
8533
26360
67672
40587
80301
67806
19111
20063
35433
31247
5920
78210
64236
57855
46083
76164
75110
17622
18311
46618
53029
84511
51657
56684
26002
8697
73322
50169
43289
92435
916
20883
12572
61440
34061
330
82341
75321
14506
39915
16194
97688
72762
39527
98105
58185
43908
88555
48013
19263
31907
45395
74001
2258
46024
73639
94682
96547
94341
41775
41143
35430
72729
88628
39660
57840
80230
69732
41901
5793
30163
88090
70123
97637
346
19726
71231
84165
92015
81580
10198
87043
68521
72583
26446
27700
2197
22864
16921
42806
59223
64987
58820
8638
27185
29397
76371
31165
13160
96292
98552
3975
46160
59437
71660
40347
2047
61428
25064
49938
35804
59870
75942
51632
28255
61822
90956
89826
27988
7695
52209
14797
94728
46750
8402
35448
34796
10361
61976
322
68239
61792
70817
84868
6947
93695
12469
43348
1689
91514
96615
5330
13057
93948
40315
26556
54229
76768
91610
89532
64430
23021
51318
14138
22082
36540
33574
55399
61519
67285
32382
87449
46584
71587
37689
45638
68231
57472
57868
25060
14399
95991
73340
67913
92324
3981
39769
58880
16714
33903
61603
83860
43156
57244
31331
77272
1859
33465
83894
60762
21707
44037
67219
24365
34128
65755
73775
42586
37122
31432
25252
12342
62238
93801
57153
22254
5781
87712
98456
95293
36543
50427
85537
65145
70216
7431
33770
3596
94721
79192
8314
15529
80639
38957
30869
85833
12035
2102
75623
42329
52136
87038
90822
88457
28780
92569
77516
1369
17333
66653
3301
46270
6050
22600
17772
49761
51910
51459
59361
78021
85334
43219
61354
47329
20362
77946
93231
4758
70697
81171
68890
26305
83357
35407
60308
47921
12003
76357
39810
56702
68421
7210
6355
99147
13439
68950
97143
39011
22965
96553
56476
95816
75642
16316
59326
17809
18526
18871
31106
27728
28346
76137
56178
98303
96546
70949
18104
22602
97440
9220
83540
37081
33729
42405
53797
82134
77485
16706
35249
84303
14406
55449
83774
92813
55681
41607
27737
38826
30121
64526
74513
87255
85554
20629
9330
12810
93346
48382
77549
86133
98758
43005
15175
41460
91971
78621
30778
47487
44964
28959
53533
22548
99209
43003
62536
24318
80475
52637
9862
78900
54837
16890
77478
52625
82171
86486
896
43395
89453
3195
88463
9826
27483
98793
24665
72699
82712
21203
5023
5418
39914
25279
5832
39565
42427
44692
85285
98693
51226
99697
44648
76078
47966
35138
43786
16458
48131
66807
43292
33851
25182
75417
71839
48417
3399
36216
15968
82445
18261
23616
58863
75683
95212
33972
5282
49299
27512
26111
10147
53354
93356
32829
40124
46543
36641
55685
37672
5496
18916
9198
6025
62301
57038
67967
4811
49331
8151
39468
38344
55847
36653
38548
93602
94204
12367
60722
22670
2712
27748
37706
89416
18260
55973
320
91228
19432
19238
52642
50812
60546
15517
87446
98639
92640
35324
14974
6824
60546
60505
85092
88311
46007
90904
78603
33056
88015
33672
60667
85185
4085
14304
43005
40476
52752
21470
22413
45226
47539
74268
86981
68859
14352
48850
66676
23113
60150
94653
28201
34088
178
21344
79505
40291
6407
91711
55972
34032
40874
83572
51092
62760
5842
51064
65309
64120
23815
47620
81514
24768
32105
13427
52198
7268
75221
46626
95480
69805
74720
59363
88318
99206
19368
42440
45711
93547
4874
86767
57341
49093
791
77810
11514
30940
16749
21303
61193
59332
63427
63612
88021
90503
16896
73899
79658
47437
9485
94240
47191
53236
95416
33257
36558
86172
59673
44924
47314
69841
36158
32307
42205
67749
52708
45245
13616
76784
52835
79513
54671
23464
65737
48183
51364
25564
97995
51995
40317
31704
38382
11707
41238
96717
55226
59097
93037
31984
99513
95956
23708
3778
16844
49277
24707
57661
17699
1411
26681
50681
79938
93929
13587
32494
45285
61381
98380
21186
93789
65515
3606
34865
88299
97616
44343
31019
1250
23979
5563
60572
7107
42100
78772
82556
5301
23331
68330
10453
31232
14336
45276
10635
37576
72374
2508
35959
38601
7657
53210
57012
4578
51650
67948
74898
38407
60385
59803
48070
11784
31516
20073
67258
91303
90334
71425
89052
39876
87917
87421
11870
64138
51090
66126
73387
20884
2897
34042
21123
66066
20081
30003
35148
18220
76084
26556
49095
24965
79561
46849
25395
22837
67488
53999
26082
60460
42226
59414
60077
14207
95804
63787
49949
17615
13908
28125
71134
73685
52948
89358
16199
85260
39519
64460
79183
73524
77821
17995
34403
63374
25603
65420
52909
34408
21365
56981
33533
77678
60652
90698
36251
72891
42099
58366
90570
21713
25104
49731
79585
33875
64244
90570
55980
58237
32779
5912
5394
55759
83319
66316
63625
71891
50648
91048
13240
94545
29532
95729
48333
77695
31420
2578
58468
11648
64098
53981
3030
3144
49672
97977
93820
28243
92110
39204
92681
40357
25510
5081
26411
94720
69304
32158
40733
58045
91258
90692
84274
97622
17270
85665
82596
4708
97514
49609
89823
62377
73950
79222
34072
81067
69562
34151
80075
9585
19031
71615
26318
92752
19949
34161
65825
33521
44477
41899
99884
3050
28546
84856
29803
37642
46805
90935
20749
60673
61665
67044
50391
77576
6168
82154
68079
18209
64969
11100
81096
3557
49454
81373
93113
66851
43284
87054
97214
7023
39372
81824
58910
78637
78273
49137
54780
75809
86945
12544
14289
42415
16233
56697
49941
31777
66474
7244
82835
32676
90153
11513
27027
73444
25294
13624
37950
51021
77332
83171
75529
74240
83376
55879
65059
5152
76440
81408
78103
62817
22540
98792
75065
92729
75632
94655
32835
42160
13058
96631
55021
97340
44634
28594
40283
62814
12828
91529
81636
69649
86652
84210
21599
60702
36206
2697
72212
80737
48172
5436
58990
59455
29844
26324
49564
16375
53203
80242
18106
11273
70416
44933
71844
22578
56100
46969
73183
34205
44529
10512
78301
33504
95465
61806
49967
94297
99486
3855
89678
34285
6360
62417
33442
55622
69461
47118
78508
90947
94138
93416
56832
84686
89809
5868
81350
77678
78410
41170
86139
89484
48026
78165
33606
766
75949
63854
11869
82407
47679
56375
10133
40072
35118
91479
47181
66960
96731
84768
35865
6663
97045
93757
91323
48006
9383
76118
4963
20737
82897
18294
1293
91526
31980
10208
26967
40063
60742
35412
10682
26969
13501
11355
87776
85507
467
38726
99510
34558
16451
51733
1271
26212
96046
39236
40231
3060
28905
20775
39518
36945
54364
58106
33696
46651
61856
44814
56393
57602
75414
67579
35597
27369
92428
58976
24830
30898
35874
39094
32075
44191
93058
4040
50165
46850
51951
99962
23958
14767
53794
35786
58157
4649
70154
91535
37673
202
94637
11377
29196
55325
31631
69584
52381
98393
70146
178
2672
52676
28817
77744
97926
73829
6059
35134
57525
34275
28871
67983
32713
13496
74919
7226
92288
45521
67338
88541
48758
20813
40530
43940
55188
70973
87516
45913
7754
12581
78335
69115
79676
37784
86104
77152
74746
71228
44881
64667
43633
67455
81196
20322
77978
31670
86891
41458
41831
37847
16597
49980
41124
40082
19345
51629
74995
10912
19572
89680
78242
2992
73944
22797
37352
43963
14240
34496
28808
28694
66829
97974
82880
98280
75845
58937
48995
13049
32156
10383
31514
16973
1271
27062
84851
14565
65519
66521
18637
82347
92495
43537
2797
18923
2221
6212
40073
57712
40460
87047
73561
10618
37256
80826
17133
50443
2947
53255
34731
18977
9906
95052
20724
47189
43595
94033
6371
98757
2171
62176
4725
45488
65847
41172
12701
62562
33623
56987
22129
32913
10613
5224
55619
29211
49201
17398
3964
51517
98887
30739
67505
7788
39115
9100
79341
82932
24564
79638
26815
50271
33692
94738
78977
73226
8352
41701
139
2241
57893
40335
69310
18568
59922
99423
59222
44346
44206
7786
59328
15729
37601
74032
46618
2664
67792
75767
40809
2090
13957
27210
56732
68036
33688
27274
98815
38881
11911
57200
50861
5540
33784
10604
9006
4779
1814
26347
94443
43496
13020
55280
1559
8602
37774
44942
99054
83468
35475
25848
24875
18233
40255
26128
80297
25406
36136
12445
52543
87112
56641
17112
41058
96700
25651
72088
84400
89653
80495
58270
51229
3679
80396
12038
67385
52119
38899
45160
58759
9261
5881
15744
58210
72037
45319
4940
7883
47456
98486
29584
18878
7334
14112
25032
40361
44899
30035
88485
66718
40300
16148
83010
1213
66361
81171
46286
30776
3644
21624
22734
94206
39768
24835
75807
64993
58662
64915
3068
33592
54173
87110
2126
12173
90872
96709
15971
72886
84456
89502
8367
7293
38518
40729
3041
41550
57130
94174
37770
29443
15932
67827
89400
60070
88905
99530
58379
82474
87946
74735
77642
47340
3212
72328
47669
69880
61627
33344
16245
4946
83683
49935
31089
36036
34518
65177
88677
14267
22140
11672
92472
20383
29479
44981
79120
24090
76267
81852
42013
18675
49470
66801
92859
97290
5125
35158
54594
20465
14083
23417
8791
20718
55634
71903
92856
38903
16866
35103
4441
30840
29008
81380
45219
58892
83216
63524
90264
37376
70489
17749
65016
47577
46139
57377
13234
78486
99375
16342
69191
17153
27339
6788
67400
96880
54736
98375
33227
85907
2374
11060
70629
88647
51916
63882
90551
49881
69941
52149
33282
88241
71276
86078
33660
41331
80602
39553
40968
28773
60869
818
41499
35630
27154
20402
45667
37336
99610
86056
66772
67101
17581
33182
39688
36035
40932
75036
58408
29599
817
26599
65579
14805
8359
26427
61259
46212
3172
69330
46946
13298
82422
84550
71119
63904
89943
10580
23163
20206
35188
83666
60907
84552
49450
51687
23918
13323
71403
55354
90916
48576
1919
91479
45504
19741
84560
73777
65821
25592
99448
41300
53340
97171
47626
82981
10824
46714
69028
70254
77633
20842
90621
80576
12402
10991
90328
50684
9046
55438
62075
97147
13514
16644
35876
83284
7565
53274
91072
92240
19508
14683
98766
44676
17078
80063
21765
82787
39024
10919
31672
9903
95354
93045
28096
24337
82076
51751
87047
13112
53330
10227
60370
83341
19543
54123
91447
99205
93348
85802
7430
38751
45150
73186
72244
53098
84864
49631
53757
63228
71931
46534
20957
57361
89890
36356
54940
63928
4469
21761
72553
16000
28186
89978
93490
84941
40571
51353
20835
73667
52206
49113
56084
45377
25064
78483
74335
88346
66475
9829
25302
27202
4707
4021
24917
65434
28283
32323
21146
36583
61324
92159
3183
10187
53180
39075
44803
2624
37982
18599
13453
47509
33591
98504
79002
38161
8092
42000
32253
22910
35094
59066
54200
3523
54328
63287
73853
87453
87489
51979
5223
57160
72677
12877
77450
85146
79309
94224
50615
9872
88681
88613
47871
93958
67207
15938
26992
23867
46449
20381
37981
78897
55725
2038
31399
9000
15091
29670
25737
30042
92520
55471
27933
81744
99827
42246
25516
68439
4195
89666
96410
33943
4576
31593
23998
54778
88336
29549
34016
77421
80236
99813
23123
88501
9243
15949
24452
61005
25334
9590
80786
84704
98092
62910
83936
24964
84791
9813
3428
47149
33292
73223
18690
83751
30617
63032
513
49810
39907
9322
86911
41119
87069
15858
77158
73122
35288
67853
87751
61230
82106
96864
74542
28940
25489
88898
87522
16831
8839
41179
87469
94474
88528
67214
96768
20267
86620
88068
27530
82728
14349
94130
17
28425
97814
84278
55364
5439
6628
31890
74977
43767
42486
90528
18681
39867
24007
89442
92474
29201
27176
33440
94198
40177
54211
28662
10767
71927
12359
77301
65142
21204
11101
57099
94507
84537
31123
94995
40505
14101
42768
49228
27071
70443
36025
76734
51391
47426
72081
86074
80013
11707
57286
78369
88452
73423
90026
50702
45045
84079
12649
66232
48481
73101
80504
89521
30959
89949
90698
25591
22306
29849
40420
44290
40080
76857
33484
498
46826
94404
69201
4583
86735
15857
45370
89435
48703
5036
45469
20282
65143
99014
43790
80610
34553
30546
66176
45947
20806
90956
55484
65226
23131
76480
79784
48084
57584
15821
37644
41664
57362
5820
96210
19100
39705
95226
26368
65143
54434
59035
97371
57874
71341
14042
53913
69843
82976
4196
85548
126
40685
50063
42204
8547
12192
73998
83102
4387
90623
37434
53866
48159
30327
49614
60626
67674
84311
90311
98761
12467
28453
52830
7997
52517
28028
36385
99299
83002
72940
31932
78355
63884
4497
59402
11503
98394
81458
42408
85723
77109
78195
66877
76695
9128
22427
18512
85574
60260
26366
58611
20091
93684
92571
29356
69786
19518
9890
45196
1583
62959
22860
11486
94983
9430
68860
94003
41889
43889
8736
4007
7523
31690
15925
75156
39520
28818
79217
66636
4611
79977
88625
57015
80977
5231
5740
66861
65353
33064
94921
7403
32645
81043
40171
23196
45965
70031
34645
11680
84205
91632
59777
63683
46118
85334
1659
49820
38762
90131
43660
6825
17121
33934
10858
10542
911
86364
97649
89374
66205
87287
14843
13559
76090
82731
84603
20549
65850
78559
26190
36082
75689
84700
86936
94005
75221
45031
90053
74113
81564
33124
69247
21006
79603
13850
242
57172
5434
62274
86127
13718
71675
86595
21322
13335
26881
53108
95675
46365
13661
75572
13963
18562
1452
45644
10889
99900
98119
52710
22206
5847
10504
27205
46095
62487
83270
34441
10275
70864
6494
57695
66003
93815
17403
29130
9389
48344
95564
40340
20296
82121
28953
68579
89379
24590
61922
66654
61120
45353
64087
38093
87051
69885
77935
7516
79056
3010
54472
28750
81820
64254
84602
86537
70568
46200
41111
57881
6660
47079
56013
47642
76500
47330
59612
70218
37869
56210
4953
34823
37978
95450
13047
88847
87725
74513
35939
73899
28484
11889
19963
2569
18470
23678
44729
2567
61221
26063
33422
44070
62398
4676
25033
41471
9148
42596
97466
77037
2853
15540
150
12418
92204
54064
35519
78313
74497
1558
45128
75254
86739
8192
87311
91334
197
48562
46819
17399
71637
24205
27190
28483
83979
61388
23353
14804
25481
59161
95499
61835
74175
51057
70428
78737
6269
64624
92633
5747
48538
55078
79045
72714
57746
61703
18167
38126
22473
92687
88833
91285
7326
12587
66994
55143
75108
41046
23784
96129
37451
83892
84146
12983
14194
7653
84087
99829
91763
28477
8937
90061
40702
94543
16602
52434
38545
41361
63130
32754
59259
20140
65660
94017
93330
40071
35299
29289
79999
23706
18362
73972
20295
68575
86381
9933
80731
46518
9053
11426
75956
87112
36326
93158
15968
51683
12427
897
46154
67237
62984
66419
56211
90875
55497
42537
59769
97929
73769
69938
81785
35774
44796
66557
8585
38414
80729
89737
13467
48184
57585
86785
84173
65894
80870
15019
96135
51439
24619
66122
15843
4484
27233
87406
88687
32140
15440
64502
77644
44384
90965
14051
63507
93785
24541
55286
41765
54977
49613
92476
14306
29084
72964
24376
22257
45886
98097
8531
29880
36163
67574
14885
745
23054
7405
76828
83875
8505
85976
18415
83852
13446
60119
72037
96923
82908
16746
29880
34059
26422
47754
43545
96353
29154
49654
41875
89316
65622
55040
83014
68638
73311
46706
19692
41256
15407
97187
46545
94735
38998
4961
66398
4251
70886
74300
22036
3427
22468
58103
99089
95947
9072
81355
72804
24254
38605
72336
70677
79675
74048
9972
85133
10354
38831
11618
45083
45036
24392
36603
11178
82431
91912
10176
21205
36730
66241
20567
96625
38553
10616
37887
20613
27101
47694
93377
62916
98793
83038
12020
68475
948
82468
39659
82935
69313
44691
69113
35772
36198
22678
77012
38474
94467
21152
28376
48870
11473
22198
41284
50670
47618
8881
33370
41764
29195
82032
856
23571
68385
79182
58317
8275
53856
89091
19910
93056
39562
6796
61198
41826
16906
94345
73548
48337
38107
3616
24536
67084
81148
81412
34905
99658
12119
44182
99450
41810
89405
31310
43033
65168
65665
5295
81237
90052
5075
53825
31548
68125
9166
43178
58926
5669
75846
8989
33426
66080
93902
57217
72593
23574
43505
71587
84581
45634
48149
60330
83191
89488
53773
97767
56021
79181
43625
11524
22994
59253
98165
57209
85262
73311
49388
34415
96397
31743
58188
59212
31879
57129
35490
61720
40860
38634
68979
23642
37215
49769
71350
45261
36387
14509
38899
63047
1148
96889
15584
99294
16371
17438
30932
99944
44452
10130
595
98952
40599
44779
69972
85823
28374
5448
80303
14615
17062
64716
51250
51168
36656
50259
84191
55683
80522
68041
46734
34702
95813
5360
79953
47484
50748
99112
54852
79477
19133
36144
17035
97106
33684
4893
48021
71556
43430
95960
75872
49120
30744
43039
75915
94347
92693
85488
19657
34594
56556
31290
26344
95410
43718
29366
52982
65624
24285
33416
78704
61839
47870
1727
34993
60744
87594
42165
23918
79773
40660
52666
53232
70087
14979
46178
95169
51232
24079
15402
42110
97435
66724
7698
25968
19792
69820
59227
40249
74221
57437
8584
51411
38017
32426
27994
5461
8357
16130
87804
65690
97752
98692
42669
57090
89570
91815
34201
88491
42642
25976
26925
34351
85675
99630
64329
89420
41898
90739
8063
89828
22487
13218
68351
93129
53117
2513
95051
49832
57088
22003
57265
65095
73106
68175
18566
44234
93988
65053
26054
72898
36367
58652
8507
20256
21163
35058
36375
34958
10851
73302
84552
29245
41043
55473
3993
40396
17733
66323
16273
83215
67614
15574
29634
85172
84129
46070
40474
99252
27666
57223
95513
8552
30894
35796
17004
96915
58057
79123
85119
46403
47553
51247
47283
59181
86717
41671
45797
48834
73710
43465
32412
73390
83773
5618
81839
55216
44939
33078
56330
86161
11419
68968
86219
36755
78824
3190
89911
42580
56326
33802
98390
47373
25136
42550
36949
31744
45169
88747
12551
80220
76144
88624
75121
43901
91590
76377
53316
47542
55352
48889
41010
47051
67236
27834
76321
7132
20435
48698
21795
42411
37861
59583
49617
94269
22868
94742
48103
81038
71748
4626
44410
79870
82254
63471
78675
86773
10185
48697
87846
11410
29982
99481
5780
53901
41898
70439
7652
15442
28717
21900
21489
71851
14606
242
92884
69833
43975
16993
62011
42981
97297
93754
66054
56537
18573
67278
54873
89785
72420
49473
44183
79537
69681
44650
4601
20116
42119
27178
40931
92248
87894
85445
68066
4146
86394
37550
28156
79845
31404
96650
18754
66419
79724
96208
17079
47013
64732
84243
87484
85743
38159
85674
62693
84678
7457
42232
68547
29044
29093
52243
52238
84868
96793
75668
98288
80148
13586
12001
70981
49850
58828
23016
24003
97451
62947
74589
98979
2100
10140
26119
46158
29171
72898
31894
36829
72170
11236
66718
34800
29266
61365
94601
64601
46993
49140
75096
95581
53626
5391
20945
71008
30427
3575
1066
58454
47465
52449
2078
89760
31421
39349
50018
83012
29891
10145
54552
37595
33132
93025
88329
98470
71456
50642
25
24068
62503
82510
47828
95376
64621
20959
34874
97348
63554
36800
30408
63426
46491
35951
23882
58512
79019
4024
31865
19232
31304
87264
94647
19515
1166
63162
56271
50274
86872
98880
79624
19901
95721
22334
1462
42486
49034
13246
82224
74619
13229
44455
25163
93282
48945
7890
45360
85132
52833
44661
78085
94297
11880
79762
79897
25354
74157
48837
84764
76727
26038
97858
65030
79323
76003
70441
68555
92682
24071
77964
99911
67693
58597
47264
57920
4004
22929
16598
63243
62210
55418
91334
37439
51806
15798
3667
3423
2143
18208
10420
9074
17638
57727
81302
63467
58862
75528
86312
87331
15504
66657
55804
53189
97472
55766
45902
55733
55923
73191
65923
67486
28255
6775
11657
61589
57436
76564
56899
17435
84823
87943
94540
21058
12917
4992
73543
59285
76485
37183
15268
1216
75221
76410
4889
22125
76873
13690
3429
56924
89749
96661
7889
2534
16887
3074
96620
66559
80001
11324
69679
19719
37104
52145
96013
38165
70560
88505
51239
63714
86116
46055
73470
56855
59180
60839
13147
11833
75870
46178
48237
4138
40258
98595
43562
87830
47618
39494
38978
59114
26125
43861
99316
12228
40612
97644
35731
22568
17075
10969
66241
46243
76373
90615
64335
58304
12694
55129
29671
35348
17003
9670
73694
14335
72764
74059
77427
11076
51052
86168
76921
61634
37168
76269
71538
5740
80211
86129
88691
1225
68751
92856
98262
93357
31950
59957
62232
81773
49613
26115
22246
45186
3351
9502
79954
36675
44931
6936
33190
79178
12210
49341
49507
62455
32565
21503
31475
97084
57285
20442
64278
5313
79674
10036
73252
30295
50959
16454
63324
259
67325
21332
25110
84304
97053
33604
65084
1108
18392
38272
51372
28950
67941
39067
13054
93363
8640
49048
71254
93762
47639
1847
58250
37404
40078
15329
4031
41353
40553
77912
64114
1550
14301
4908
83377
37879
21907
89654
17166
92814
40889
81744
2980
48948
17398
44930
17429
31293
14439
78478
55657
70112
9554
47966
62027
56506
4949
75904
39496
66267
58307
8208
72085
95611
88846
36630
41999
76897
96526
92889
80342
79603
62076
81236
35298
55845
12514
82379
92553
63181
51896
83535
58414
74257
40038
89662
8574
41240
57291
1326
66237
742
30788
74770
25225
45720
59369
73877
56980
79703
6110
26704
86835
33838
37944
16720
1551
81530
17639
50996
80760
98514
3026
45597
56336
73489
97847
92870
97431
23322
58846
51720
99542
97803
47928
12471
86748
34110
20300
9270
12225
83535
76585
12398
44840
15325
96094
46506
26371
56878
2259
23193
8755
11861
72979
64620
12991
71627
98456
40138
46892
89132
66112
36557
89788
85760
91062
8050
80977
32561
25899
41934
90588
35141
67727
95140
15868
9975
33118
11440
34475
28792
54905
75542
72309
50994
85458
33525
31304
79057
28287
6790
8579
32856
45765
95009
11536
75947
63557
62397
98223
89026
422
25002
1564
91151
37810
10732
1820
43792
99603
49516
15082
8915
89952
9105
44537
87628
71859
1184
17440
8801
32741
20836
8013
61034
62359
59758
90053
88843
58448
90480
39059
9003
94293
46033
93524
44201
57255
36769
37695
61355
61199
8676
28151
26274
6391
85363
66804
72744
70079
36314
47040
35490
1486
42339
95838
73817
75290
23554
61406
27291
92285
18388
31588
39331
19278
90526
86076
25192
15703
27933
55197
8446
36885
96509
36406
18640
79299
65482
79221
28062
99143
98402
96685
76289
15306
82323
69474
28059
62352
55685
38138
69399
1922
61191
35195
96560
17759
58142
47724
6123
34339
36217
90067
43691
70211
72646
98663
21734
77707
53949
79283
44695
99779
78554
77069
60123
4241
49403
11345
25107
99390
96786
21736
84227
17762
17794
73746
72047
99778
41228
10361
20083
71187
65145
78437
4531
65103
32943
95398
74703
20854
97331
22867
59284
2467
58199
76301
98106
21676
23254
42849
18998
47751
82372
27485
34649
64258
87242
53165
78436
5521
78677
5995
53357
92807
50367
28350
69856
25969
32241
64803
60922
80258
17478
97117
86560
10024
38775
73631
311
36465
30670
1160
38274
36173
56269
38612
56623
99462
86330
76194
18566
8843
72303
93595
36424
26394
32912
88244
67642
90735
750
47307
82056
39232
70767
27895
54966
33542
95008
24587
37787
51797
53111
13039
41078
1019
20748
78331
15928
32019
44154
43632
98425
33038
95455
48831
63578
735
89228
39176
35650
39800
83339
95163
56996
56400
11677
36350
31893
79005
67807
75036
41855
94760
86178
38218
98496
46771
23813
29547
2601
6943
44613
99600
5193
27503
44691
84935
38932
84807
75890
33599
51150
52828
46232
64276
43556
87045
42000
98516
30728
81325
6481
21147
54448
39462
88494
56945
59798
6426
56393
90144
60628
60545
82659
65971
80624
60663
37632
22209
66881
32137
12051
27693
88143
23121
13793
1169
27055
47386
82074
74351
56972
21221
94067
35289
77629
51739
48469
49603
38366
92971
25708
84215
35165
33713
60562
33424
57613
72999
10235
45050
39985
35975
94469
358
57869
22403
18273
8914
85958
33500
2365
58466
13353
49409
69633
72967
22483
13782
71743
16349
5849
51383
63182
37792
24990
17535
45414
62092
63576
69919
77015
16784
17089
85361
1628
28597
68733
55962
61014
75890
16297
97318
98802
3755
83556
45169
8229
48337
26318
47865
63063
55876
78998
38739
1784
73862
65844
97730
38957
72808
81267
32918
62870
95660
17518
71700
25876
28130
52943
61698
14651
50636
62145
33106
89618
62364
38965
55683
48522
35520
58880
23356
44810
50982
69426
49853
93251
18810
66782
52497
27170
79073
25529
27378
67928
64513
62614
19319
46292
17041
48698
46636
27780
87904
86268
72247
44830
27562
61294
40059
80971
26783
95624
27237
21089
94198
5353
4524
95740
88036
71182
4902
39464
68245
50895
35061
16088
42729
84656
653
56745
83828
78434
29810
692
30311
81661
44473
12368
80377
49877
56990
99841
3384
80854
68117
59735
1768
77952
67672
99579
46918
90642
69669
20174
17634
26554
94126
25747
24389
70734
44955
68854
31364
70115
49647
20066
29523
28308
84303
75093
80639
55766
98879
96538
42522
96476
20439
31984
9401
14633
782
97964
31436
40243
30527
32603
47972
35109
70039
6298
34867
93998
65980
59688
3951
90870
15078
92808
94820
22978
38468
97457
97239
68215
96559
78508
51870
46695
81197
85112
35810
75962
34269
16390
18732
80265
61101
88643
20553
26809
16952
41965
30382
90680
88025
14432
79357
74871
63494
35967
25923
39162
67634
9396
73684
94607
53758
75045
54171
11556
82286
36499
25065
77629
70561
73259
23333
87468
3219
73763
22776
73774
33386
48548
64405
78187
45263
25504
16950
33069
92380
78908
65169
24647
8282
31677
62606
23538
6529
47206
20777
18729
99416
82562
36663
55608
57573
10827
18322
79750
28621
48456
47946
52560
17128
56504
67176
80324
95126
93508
1720
7
84399
1483
69201
80241
90583
80567
35416
19777
15094
96186
64298
2040
94591
32624
15618
57961
17008
28212
81329
3032
61434
81432
57050
41547
92692
55759
69203
16875
13063
54020
62098
56349
1315
10936
47401
39267
22973
6198
99265
71579
15053
42260
56780
71747
97165
8413
24238
56217
69781
45625
16579
382
82422
38284
6172
48947
23043
2308
77258
68277
70816
30628
21162
84424
24602
91817
75106
70289
59163
44672
56587
35207
51529
63145
48004
8984
84278
78830
87416
52252
74843
94010
76972
41591
2115
11297
5875
57185
34891
79471
61411
26541
60808
68580
57515
39120
34922
19318
57737
37760
93817
5971
60182
71035
31262
61007
69485
90810
83702
50050
82373
64822
17030
46682
2933
52786
85147
19322
23697
26317
66213
50138
54341
63103
88830
71849
15965
903
80941
48807
29580
18659
94811
26851
14807
50363
72506
98456
35323
80868
98876
66724
19265
10306
87460
78419
8920
56182
55972
86524
32036
58350
3831
46785
51967
13100
80025
37996
98921
20819
85412
54766
22718
93584
8497
8289
12988
3492
32505
53242
94787
82236
96662
2402
79972
28694
34685
20552
40171
12457
3057
75325
43512
96351
46451
34784
12798
84993
55010
66421
97840
72282
88983
82083
47137
120
20630
7532
2378
64060
10838
44165
82955
8316
59413
28321
21787
57441
75126
60588
87227
79251
91541
27546
81408
6031
91929
50634
69904
67014
70543
52519
84972
31594
46914
1668
27221
63639
72910
61710
60071
22448
75327
14607
14838
51752
68845
92239
32084
97606
61833
36794
37418
2952
37734
76818
61842
81763
34295
2983
66352
69652
12531
95169
70324
75685
21663
86898
82696
43821
91197
91254
36430
82076
71899
25969
71038
21358
53499
68886
46392
26757
65485
96573
37740
37020
90402
82660
39722
29807
48488
13798
23279
91764
50023
28765
97098
94547
93788
28169
76048
54581
14271
87669
86433
91103
84115
91657
92801
37044
96354
45443
89407
26823
31395
47091
79518
3648
45537
31095
13349
73066
64859
64264
76688
53551
18433
59992
53853
91426
30744
36838
4176
49924
9386
46789
96278
93951
94709
28070
43515
836
84183
58736
29054
92201
78157
65251
14449
68714
10830
39590
83482
60388
88193
77508
63618
64356
64047
13868
45186
95113
20234
10355
38286
3323
69479
38875
24682
17572
27928
69047
39143
16158
27216
65172
97208
16260
60090
44794
73492
79228
42921
44041
82314
27859
84108
35872
16574
36524
80170
31019
20116
67690
9416
47098
70827
70243
54235
60193
95834
21412
99370
84811
40226
41887
54074
21978
27284
44906
65916
48329
58676
84613
69951
9003
26433
72632
6842
31589
22711
13483
71412
23817
21512
94162
60213
87039
18202
80277
20559
20816
4867
54770
7336
8773
43601
69147
93064
98324
73790
21692
32773
54313
61039
84068
57294
30830
53653
17761
16075
48540
21264
37416
35978
83109
97244
72938
15547
40647
5156
77264
36376
93793
3969
62768
79050
97106
64979
29322
15621
39104
4624
55224
50187
72696
74796
94861
78849
81158
59531
14349
48383
74017
10124
84680
31231
11818
46000
1046
5361
33962
61823
49848
62106
76869
39315
30863
210
54907
46447
53563
64308
86266
88631
52493
20790
49380
85242
93299
47976
16187
63889
90029
73508
76374
30734
58908
11935
7914
24172
54979
48697
75659
67553
4720
32169
33211
6173
85117
11733
33765
87340
68358
33495
46454
68310
89841
60904
73611
84727
73683
84314
94696
71371
79722
91048
97956
36457
86428
86830
79537
81134
53525
26482
51459
31074
54271
35429
25041
10165
821
47410
48552
28197
50917
25336
1789
64407
87754
59383
3383
84314
1039
10010
32470
72087
30016
14794
64479
40815
66365
8548
45638
62035
42702
3706
95231
40607
92695
80228
58950
14970
86323
30905
22215
69257
79662
351
87311
70018
97361
9282
71006
68205
26718
4415
61396
6701
56212
90440
52370
49259
75759
75894
22112
98945
42660
72198
35914
13960
47964
5383
9493
21356
3040
93134
86052
76755
41005
29501
84412
71933
46292
51591
95546
89584
17066
22086
78758
77689
94076
18640
59993
21861
10822
87764
44849
4971
47274
40638
52001
23400
57585
15073
15288
7636
5479
77393
45053
65932
21680
63681
93945
33562
27969
46004
67624
29488
7765
55891
40725
91676
88835
86982
93681
58222
73084
91758
66093
93723
72024
98204
72227
3170
53308
93470
56615
93157
73927
513
7132
40563
71
25232
37841
33143
85921
34629
10550
69344
87368
39415
28531
80971
94453
5756
86979
47406
36583
23950
73920
97023
46814
35185
49078
9703
23090
96620
18185
54024
64955
27270
66803
22464
16701
42925
18233
6786
41337
55656
26349
18131
44779
56534
48684
73351
93257
30424
55690
28196
21043
36805
84745
31205
24507
34957
97179
98405
99377
4125
38422
22608
26757
31645
76127
10223
7980
23539
25963
43765
25216
92317
14152
93122
95330
61783
65542
7450
53765
78496
26921
48946
47693
1314
93275
92761
53914
76653
32183
57912
66407
8696
2028
54880
22652
79382
76031
44289
57915
32357
25220
45166
83499
56494
94626
12925
33481
46750
34707
364
62577
42174
66704
59056
93045
81316
62170
78271
91085
68301
68226
12003
26802
7637
16923
38393
72949
85562
97169
95160
47954
32560
27608
26804
30474
40331
26712
30630
87276
85337
66325
83142
95470
55011
42023
40147
78738
655
23087
74151
57502
13339
30430
12548
27069
615
55304
28881
49192
21265
81001
92980
79712
10711
1794
77076
20287
39070
36008
61854
90365
27675
1977
97487
72185
84026
26585
80591
54530
3511
24485
54649
33665
98652
81962
19189
81237
53158
64688
2951
34005
69568
35468
30900
26563
1034
7397
46902
5216
87911
32770
31204
75589
86819
27286
58778
427
46859
20464
5458
79479
54322
76081
98288
29982
90510
5684
33965
29365
83094
84234
84858
76709
93598
58562
44566
96605
84190
81642
91104
34528
26278
53107
79579
35628
37630
67196
62325
58712
83225
14198
88564
10121
91201
86885
93290
56640
68321
20276
97664
86977
29358
6125
76590
45128
89854
20469
54933
74893
58872
84489
94614
92905
39082
80156
7537
59019
17715
43547
316
29410
14782
82913
27706
59623
89573
55605
50292
83618
46875
36974
61430
44640
72100
41753
9565
33648
60351
29625
75842
75579
67659
51955
17319
66033
83503
40652
9302
24271
79814
20379
55064
57210
99469
23630
50948
55755
34602
672
33712
4680
77946
40846
71743
52268
82104
41436
14315
35500
3056
14801
8266
3547
84889
43005
42633
52101
34040
28246
30062
58372
20481
74550
54850
53029
32554
28569
75490
411
25793
71133
71811
42045
25156
8036
24873
54280
45101
23600
70134
20113
35416
94757
61387
7118
13177
49640
39165
21629
35761
12497
58398
55631
67034
46835
14248
95701
18458
92445
6226
47657
45268
24272
73696
72130
14141
60564
54914
23993
20849
77007
95720
16281
4517
49628
35914
99340
41232
19927
44531
2547
52343
25605
73516
14134
62420
74162
5917
62176
95246
4814
81362
23220
39441
40742
23986
46266
21130
98488
30077
41730
69669
66062
65472
23565
71298
58157
31231
92819
60007
80539
80918
82427
72100
93139
29006
37081
36687
28210
90499
87866
56866
51852
95380
74016
28155
91823
34926
74112
52615
61397
14635
46575
76348
64346
98509
60539
82204
27685
8293
88847
79845
69795
33249
303
71640
83366
20577
58864
96449
11985
23843
64996
62885
99420
86677
78296
74690
4212
98420
75613
47668
45169
53159
21548
34238
61819
62106
33614
51985
27539
68738
37875
95104
29006
35503
94133
94775
31496
49159
95247
59146
88706
54161
79051
6697
88224
55248
21924
75397
20592
23965
50189
459
31134
36202
77266
9972
70019
3715
79131
72273
21138
96990
37074
58525
79010
46383
92015
53600
64416
1106
27151
166
24869
86794
89877
21636
58765
63178
24016
52307
24406
50988
566
74690
9172
96850
47238
12696
27880
27696
17894
91694
67194
95816
53141
87709
29332
5889
64892
76120
58705
67246
10244
50050
2697
31445
37161
308
62609
43301
32623
30200
93109
15874
25616
78968
65480
91070
75100
7113
92696
51753
35605
5075
18881
78673
14140
53991
86925
46397
65974
80296
36001
50244
36864
29567
87487
69633
75777
1170
28429
20061
80044
19464
73202
42658
34192
5373
55637
60637
84380
31328
56540
34636
24043
84924
70611
51028
70970
79395
93733
19887
10823
54686
48248
24973
30990
50908
72897
64145
14745
26159
94124
49988
74126
59954
35349
8785
39265
92813
65564
56148
6630
28289
89215
87634
4199
14491
84665
89235
91847
25800
48145
12058
67566
69381
99431
421
42521
95650
7822
52996
45239
19082
68642
84396
42297
36439
33316
29179
52478
25553
19771
66659
2037
6958
19589
97611
26134
88559
61598
65102
26347
95317
73866
85476
92810
9628
58658
90869
30855
86088
16909
78647
98934
56233
37153
64093
50802
20516
52086
91739
93058
90679
8912
83546
19190
28883
83804
51886
98125
50440
98104
79805
21537
71602
38246
85424
46976
7226
34382
19746
64703
87294
90702
53028
75917
42747
10631
92077
65167
31017
11690
17937
45752
80169
94378
62516
60607
70058
156
28329
30968
59351
983
5851
22728
73407
16804
82415
27430
66565
23819
12167
16302
84908
850
65512
4009
48558
52898
62394
86812
40223
23109
95232
13610
41982
85047
50528
39528
29732
54763
79753
65974
36755
71985
40072
70150
16558
16106
17833
744
23315
15021
40947
8393
2005
93158
84876
58682
38262
170
85615
30768
12220
81602
80685
55628
81946
64884
91055
2752
63471
63724
14971
3609
43559
87562
51379
18801
14000
70115
90225
54082
83376
86726
59853
94374
54364
5425
95280
6194
6346
26005
57762
10059
24446
56581
2025
55315
7700
90374
14192
3370
2483
73635
81977
81679
51061
16486
73727
438
29559
91090
67913
42443
97700
12556
94404
18245
43023
59625
55574
8375
73533
69592
3674
84606
83851
66566
23200
90343
79401
48022
44036
66217
39151
23270
92880
10740
46466
32033
34578
28006
67179
29705
71929
51067
70256
49677
19820
57296
13169
95797
64375
54107
7379
59995
21823
9468
14827
72794
39164
39952
28861
12607
40414
93730
21436
93013
23227
78195
44397
41483
23498
16110
24491
13827
74623
20476
27185
65602
79923
47895
92371
21260
79213
32998
94559
16494
73288
13584
3818
11656
44242
75369
36103
13260
31357
60430
20092
31276
24523
69989
92188
60829
37361
41823
76815
50719
58885
49429
22913
76726
7420
19533
32545
44640
63256
96571
54186
47510
91611
60669
62058
17945
55951
95979
58123
87516
42287
40137
55438
44083
45381
98901
27482
67995
91458
66512
32175
38740
79656
94966
17327
9214
39134
74125
20638
45739
34182
33977
64495
69609
21793
99914
82376
2954
56253
10497
90955
71003
74890
89809
3651
53940
79208
76640
1923
22175
31743
63852
91080
68073
152
42984
23757
93877
32541
36961
16392
44025
51377
85914
84888
55204
87023
22131
63516
47197
80637
88368
61471
54160
12190
19282
70515
54134
70727
59096
63058
56593
51757
67773
45036
92566
43562
20878
84608
88915
47107
27282
50987
79336
12522
8698
105
71239
90813
60344
40953
43738
48516
81851
97787
5385
93947
22718
39787
1874
63624
48509
19420
20872
85978
70942
98542
47562
31280
27207
59045
57033
22344
44256
65937
39951
14062
14578
62361
71982
3216
99104
38833
41632
86795
3430
7495
80990
71857
5025
86482
58077
15552
18289
42130
93306
23465
87303
46630
5642
85996
58506
56303
25292
68806
20611
57427
11442
88686
29697
27680
28047
60406
86247
7056
16878
36219
73581
73776
31624
64468
12657
62997
80904
72480
45735
26604
61318
5468
2106
11118
92347
64371
74880
23087
784
28545
5986
57555
89607
32563
43262
28369
46829
28315
82741
22955
14242
73403
90817
46446
37062
14573
2486
80926
73573
65649
86797
64281
4978
19216
79052
56297
18520
4957
30506
90915
83840
59016
46768
39008
98047
6324
58235
28146
19988
16848
83968
96158
32243
53482
12222
80157
71594
86433
93556
48835
60267
33402
58958
62557
51322
22783
13611
11918
18392
39399
73352
67918
36709
31454
2298
52399
34133
17475
30673
61394
36974
9602
79165
67090
92130
80450
60290
26981
8466
79987
53000
84913
70477
87805
90093
86036
69341
69654
79510
71430
45817
49289
96689
93241
78119
76309
88370
84546
8713
73783
56995
73084
76376
98418
35308
28634
83959
60193
63024
8658
97427
15984
64494
26307
10685
8548
1663
60144
48045
15020
87890
20726
38443
48784
41457
33645
37096
89660
50776
37261
5959
97411
5668
63624
86164
90836
44235
96692
52007
26968
51971
28350
59010
48125
75242
74320
55072
88965
99077
14963
22099
60444
38419
86073
35305
3106
14399
20675
5396
48734
68319
91528
52601
67110
1708
34006
5449
93924
54047
76219
30127
57211
40418
32613
1096
73970
70466
99156
57424
85757
2845
49779
37205
96916
1188
10185
99769
3347
39701
66172
3866
45587
59095
6968
6497
74164
39484
77404
65815
86890
43762
5286
31474
36832
75617
8874
11824
14505
54779
1436
36569
23453
29689
69310
13230
76144
78329
58973
87121
37195
83066
34943
81948
65449
27143
8574
88356
70909
20172
92153
60459
25026
561
28359
13945
34071
15990
48857
93188
4489
85963
39288
33407
43481
61264
2934
66433
76073
20778
62681
35733
13712
73203
14710
35980
87806
79370
71600
61882
84500
26365
45446
55713
18907
68945
61273
62837
30796
20911
67097
64103
48767
10528
1997
46673
83853
53596
79532
91164
63005
31870
8522
95046
819
81764
96460
42605
90980
56767
21414
6337
26255
28478
87922
28995
38810
69410
45889
60784
86986
85680
32187
40260
52211
75128
43457
30830
11810
99619
99505
92181
78448
23219
81206
5801
36243
89705
89402
46799
84142
10954
44526
69318
91766
68555
83311
94005
47610
96823
4421
1886
38301
65867
23826
50108
23071
95044
8579
9476
83940
83476
56137
33315
51477
32272
8549
46027
60629
86684
32947
70133
98501
3124
44804
87593
18907
74401
24429
54900
67711
23167
19604
8171
78340
68888
5424
20109
15514
68843
75022
86420
33914
13465
80276
69026
74458
80994
2658
42516
90721
12290
70035
68927
74952
4457
54315
13103
87043
75991
95427
50465
81123
67969
87550
5242
38135
64771
16747
53128
69306
81887
90792
21765
3881
43023
23761
14116
75421
75925
23651
17858
85375
81431
8248
18362
65064
25234
89743
32991
8478
77746
80238
4156
81392
84605
1005
11717
26855
82371
81232
99603
7759
26722
83999
37674
84667
26507
80322
67760
85242
3610
20407
52002
23631
39113
96296
25799
59651
47864
57527
18875
36908
87572
41637
79325
43617
28152
58745
62135
11277
60749
63666
46222
13824
12132
3624
84604
47790
1967
77410
40616
59108
41121
98446
66480
45690
88472
53870
82112
23422
90231
85697
38540
32072
80479
36490
4925
75643
89822
4177
52232
89078
24207
56981
53828
62009
19226
17696
52027
68403
38428
90660
20029
865
32522
22395
57662
9323
1444
36433
27444
75314
11703
40315
23314
99831
88403
92450
4129
67831
36994
42459
778
57848
42090
15742
43775
70610
12202
76580
62306
5037
96371
84932
52109
62260
96931
87807
89146
3095
67427
39616
11269
71512
52360
88080
7940
42953
7376
30130
65672
90175
31210
73636
51364
69305
31719
72470
41128
97915
66520
62527
78986
33291
46298
83636
80343
7156
33977
41789
20514
34525
48725
52633
29201
62187
23923
36690
51407
37616
42021
72120
22010
60584
7611
25416
24728
62950
87149
14830
34813
29249
83969
32819
99336
19264
96841
9298
72226
86107
65627
66306
31429
66905
13193
41804
35479
1273
44005
98301
89299
5454
14633
1771
84754
50929
92904
19571
52471
49854
90139
73575
64079
31549
30008
61384
83287
91774
32026
7414
78446
79680
74792
86619
3170
38661
82802
12377
37088
52220
76976
56157
41173
9506
48383
18305
22854
57340
53727
35843
94117
4915
8160
24845
98252
85802
93359
9372
48995
86775
2035
46356
24414
82268
52674
49504
49838
66122
93849
94930
53080
41282
76537
27044
33575
43772
48470
47928
77231
68820
9171
24634
22080
60658
23998
23105
9891
42293
99907
96918
47575
20348
12179
16303
34965
71950
33791
61645
50791
72027
81213
47283
99395
53878
68959
12982
93162
84171
25760
3535
44416
77673
97360
19192
17099
46051
25751
26814
29172
31775
10801
71021
55421
85378
8294
31360
50278
76876
99247
42625
80828
20366
66185
5016
20777
62478
92479
25868
99955
31569
57306
43317
95540
83704
59860
91245
30640
16129
88327
63812
1410
42590
70554
88803
78913
19689
63116
29771
75302
982
99196
14717
38465
7913
12378
83398
57088
76330
69520
77065
75025
94494
89294
73846
12998
22336
65631
81665
21229
27913
71143
37255
35293
28541
69357
38598
80883
31814
62192
47111
78192
24727
8732
4954
45165
56302
9254
45914
99400
6272
6832
90642
89387
36682
51024
66973
86594
1421
3153
71931
46160
63724
85537
36076
73209
2482
10646
84824
13943
3469
8723
45931
50357
1560
39161
52126
27071
80830
68686
62249
32041
12651
15456
5905
17361
65041
75605
98046
90850
22345
71849
22642
83945
23370
27337
98706
56978
95200
6978
13020
34033
27651
63807
39083
40238
46119
65438
20774
60235
64770
93579
44247
26556
42309
99532
72235
50431
2202
30709
25745
59836
157
24373
34112
27322
11364
52142
33829
84833
52042
15436
57760
16208
42043
73851
46914
98943
89427
40910
50056
61508
51828
59154
32104
20795
73019
60948
67227
22316
43665
75406
98031
75672
13872
81849
23926
24355
43044
16217
59635
61621
93014
72488
61615
49578
79246
7053
96912
3542
42155
34151
53654
22236
28897
11458
37172
46975
54538
51735
21101
11901
5328
73597
23468
4918
22192
52980
24621
62218
34387
66395
19339
25470
10882
29021
61147
54349
92004
68523
21544
41487
39008
22696
2302
38452
29562
84182
51483
4853
12211
52835
75897
6925
21779
95883
77614
56689
62773
90382
92760
401
15284
16553
20891
34661
68907
35506
96876
47213
14885
92367
45411
22174
5606
10661
76123
88343
64630
83674
50005
90738
93054
33263
4193
11387
64987
99003
93038
97344
46504
33432
26884
45768
51766
48936
87274
73926
56932
18143
73717
29579
58976
95853
55879
64703
33231
68453
71308
62010
35989
45224
82092
85939
12395
17544
58734
18268
57543
69869
61657
51979
91458
88034
62331
60349
31670
62361
70807
42877
65321
53537
14363
89262
46654
75137
55318
28924
27713
15860
49378
79998
14254
35055
76890
20100
47706
25324
69784
78304
60275
95811
81329
46019
68468
52356
76774
41141
81502
66306
75100
12272
11981
59507
99907
88838
20327
89996
57416
14772
25973
88912
93304
72538
6287
11511
96169
93212
37944
3259
5459
51509
7938
47337
62148
4250
90783
29957
66048
84728
68462
8837
11953
43201
95942
68386
38174
36851
19689
7746
90922
37806
50967
18146
97427
81585
46485
28134
23439
15263
35406
92330
15824
27769
93322
27278
387
77399
13721
79849
24618
54425
38512
8799
21993
12445
93637
98681
36712
5406
98821
79614
69101
14866
14885
23191
12694
8869
57234
93302
59543
82997
57447
65563
87104
48575
43061
60963
11841
62358
92598
68229
85322
10654
19883
88941
16215
31026
87584
82209
48139
19418
81744
43098
53395
49729
20776
99169
89475
98361
8278
71928
14268
10846
85295
23745
37768
63879
34153
92923
63075
92334
82460
43149
41050
85204
15936
5224
52212
78180
75980
82634
92523
14267
8967
3601
35626
97949
53102
42866
75777
47347
58234
57158
69787
77910
83323
51666
25567
49037
8286
75517
55488
64626
7681
2257
2108
62104
79263
68845
77111
81300
85010
42007
31046
33896
91611
12216
94662
17158
86579
36150
62430
79457
33053
85372
93358
44987
7647
35421
46420
15048
93938
50970
39068
30128
69087
25575
35505
17138
58510
76115
774
99428
88194
55611
39276
82911
52492
86682
29857
45560
52181
15434
85114
28975
36156
63898
13627
77602
40315
78597
49220
74567
66647
11849
29399
43666
7898
97053
70780
98516
69124
69109
35100
36210
68381
51163
74099
35877
72281
94983
87242
10584
30778
81405
16991
34968
54749
24234
83150
220
59729
62902
48256
40448
95095
95478
57861
9009
1121
43903
15191
60118
73485
58278
14277
55907
81084
45658
79095
77488
53585
85863
19007
95612
73353
21638
5974
96079
2439
59160
44153
23451
94030
7403
96350
39761
80398
80853
20347
98295
6413
31190
14151
46538
16126
41773
81892
37750
1174
58878
99625
47206
96300
55867
33629
73375
66607
91841
2893
2788
90890
86254
14218
81287
99528
62185
78832
27296
71833
2616
48984
18767
4648
64351
88474
74404
49732
65419
15913
4996
73806
32290
62654
89219
34829
3535
84630
7357
80039
95333
54518
79974
31205
46937
38749
3008
89133
54839
5389
6282
21907
21440
50883
36093
71004
55946
83307
44118
41348
63355
29506
51633
27010
56596
45182
58066
38218
59601
80514
98728
79305
85717
51295
31612
73912
87659
32109
48920
82207
14030
88575
10125
20046
94949
61148
56090
78157
17530
31929
45733
94194
21554
98042
23536
91238
28066
19835
89927
25049
56339
9567
6684
51211
89147
93205
47451
28678
81146
57227
96855
5017
14941
61070
69439
60006
90781
92450
95054
52271
55700
95816
88854
88076
79599
14316
83904
53354
64890
94776
29504
93894
15757
8638
60873
6324
39815
87904
17680
9700
55762
10394
76935
22229
73663
9209
61132
92243
50252
97192
93706
68752
93657
78063
94644
8238
94077
65521
41197
57928
84214
38449
347
36051
49728
60088
61141
31103
15543
39170
93263
99976
99767
6309
2441
35402
4392
30324
53947
59935
76594
33895
63663
28450
80724
3231
97441
57544
60790
15101
81296
12992
26727
67779
64587
64314
3016
63463
87170
48330
71231
76508
37965
36514
61716
66338
99435
90930
51222
46784
49159
96303
53757
56300
9684
1644
95769
26362
87700
79527
20472
85923
46610
83543
67311
64202
41849
88475
63732
12715
83113
14887
74240
54589
61056
41855
67563
46055
8801
85436
12270
98457
73028
76495
15592
54412
14800
96696
25264
4576
8977
83743
87291
60834
47439
97533
26468
3355
20492
51643
40279
95077
44638
24976
81580
1411
49913
44410
80282
14994
98883
13036
61332
87504
67538
4559
55406
90445
24487
17692
87640
44285
7203
95307
24086
16230
38314
25299
59325
98820
21888
36845
6699
6949
48785
22263
94493
59184
52173
55010
24933
23088
57034
21431
60193
91952
36784
79893
10667
83457
64633
19093
68386
66569
34902
57044
33976
40288
70131
56724
71038
42101
14167
40591
94613
86771
24295
51882
84040
62414
69983
99660
55485
69001
34593
98298
84096
54341
56134
69060
16135
56203
28977
16874
7931
44572
14212
40094
94665
25667
57125
76345
204
23770
15316
36620
53889
22532
80774
14392
38664
10490
55871
48739
30613
70510
47175
39017
57131
9814
72352
11196
5087
48811
68722
45059
92086
83201
42179
84173
23962
95844
28937
39967
49027
17716
30988
6690
9334
13230
67752
56502
95618
83430
38142
18272
84707
93685
91263
41421
87818
67279
22045
27129
86218
21846
37097
93022
88167
85550
20105
45270
15024
73389
34082
992
77345
18222
42304
63127
74249
30106
602
75797
26678
22528
78007
79192
59185
17180
23619
78650
83544
44165
90986
9821
69770
91481
35459
65332
16941
56730
83182
85675
56261
40611
31074
87411
71185
74224
10560
93941
29725
56443
57583
42200
1461
2719
34878
16039
53603
68058
26768
86577
93556
36994
16251
44769
7545
58681
41848
73596
90016
53496
58118
6646
29413
22572
60762
90867
93087
96682
62147
97566
51488
25779
51014
43174
81701
57184
1442
3741
59536
48882
2368
39655
32489
5387
1708
84680
86623
25182
80043
85680
60241
96826
58045
72034
84946
40108
86397
9902
87964
36762
68591
44516
94152
49232
73383
63595
43862
78890
15816
82519
7593
80511
91922
2179
41550
99456
29498
48824
81945
1899
70056
61197
69366
64215
45107
55450
83753
33217
41967
63623
41612
49814
16834
84785
56838
56675
21654
14091
84405
46293
8598
92388
46003
97388
67550
53729
58794
47354
14920
43694
28821
14424
98770
74120
70303
39843
85677
97564
37599
60186
67139
192
61828
62553
87186
29671
97546
50699
94814
75253
26201
49794
15758
58988
56296
64731
44132
19680
76485
63785
83209
45573
71947
94605
98586
14865
86921
74309
52936
10275
67751
6752
81453
76030
7557
62341
99175
71562
96800
9572
73331
53648
21542
77371
82991
50238
43959
13797
74910
26883
45443
17403
35855
30694
98496
96739
27606
88129
24115
93211
60243
59459
94860
91790
65472
61505
58786
16078
33530
52340
45195
83226
47756
17222
84744
42726
58266
5981
24569
21161
88549
81617
36369
81738
78714
5174
5383
88835
61343
7667
33826
49547
99981
60833
73751
22874
23537
41329
31371
98285
26114
85076
61763
33620
82474
92225
65889
86611
94138
88062
54140
93540
43560
68561
96706
18307
72985
65557
95089
39790
80502
12450
87140
67323
15145
35100
11594
82717
82307
4065
56118
69033
38378
26428
57748
1096
9554
19338
85185
97980
14844
99443
60314
52606
20110
65128
75518
12570
3755
3267
39189
12002
27549
53478
20297
79978
89314
10832
86134
2945
93714
22279
73537
29409
30616
65303
4812
58569
73218
57410
7321
59469
97203
83246
46849
46135
978
37698
20113
85148
80048
22261
54929
98582
13518
91078
73528
52110
71419
26835
34404
1527
33629
88830
62059
69067
97507
73444
48963
40052
35398
71859
17351
60867
82439
84421
23675
44116
25181
8497
91048
1906
77683
25191
46770
92592
41807
6758
3795
77280
97971
51940
15997
7474
23342
87945
52943
53934
55998
13313
512
72400
57663
84737
21821
56240
86093
4559
36376
99666
23386
27519
66740
61966
31219
64647
76083
11798
42674
7495
78904
71693
8122
83848
86575
1273
84770
26404
98784
52915
35949
55290
96321
91484
30296
53040
56854
32581
5907
28807
12128
60894
26830
19121
37542
72136
83264
86295
39060
71119
89612
25024
84680
72764
51738
14922
34037
29842
48807
78942
11720
21467
53080
51907
74228
23354
87114
914
91208
84234
78715
65106
27103
1536
96240
86033
33083
55243
5269
2202
29873
2878
83016
98789
97535
46606
70617
16316
53579
15534
35213
95886
59020
1954
6630
56701
67042
30157
25632
99805
62009
72197
94400
13437
2888
19019
8441
91201
49142
60459
66615
9499
93665
95545
83892
12708
75493
57946
24158
37590
24223
78211
51091
65846
21183
10464
70391
79460
64490
36961
83776
87227
33508
63982
92607
10172
47290
40434
26463
37409
11142
43612
38054
96412
16204
81892
3063
35930
74817
23548
79706
99294
36324
7104
66595
69715
28185
979
62415
20233
37013
68313
87907
95978
18777
3964
35073
42427
37444
36414
39285
95574
81176
89733
57498
80025
68516
81220
21312
26302
12111
67740
73581
74173
93623
1051
9771
50221
57903
92408
73732
71935
7933
45375
50916
19237
19126
24920
12237
25963
8155
78415
45266
73745
49717
51255
83990
57530
77857
95528
19798
84690
89357
31661
96489
91494
7711
31673
82123
98157
75403
9429
61240
52081
79616
30336
3919
27693
53376
16080
15301
30697
25502
40337
18873
19545
65660
62124
56219
89896
59699
62697
32955
98512
50044
65932
7210
41099
86532
49394
43829
69642
30378
52747
54331
30846
75586
75673
56634
34643
331
76068
11029
22149
15539
93637
7733
78122
97404
65011
98106
49177
12245
69967
84031
43516
27749
14423
98755
23578
74765
40992
53628
64936
12324
67993
45530
14455
83069
35393
58598
26201
94224
92649
26441
34840
32466
83043
39191
35600
94582
75180
93985
75250
43911
10953
43754
93481
49007
88388
36013
12847
82674
78863
32960
86038
16174
80112
70067
64283
93374
76770
7860
22449
58900
9796
11546
20803
87166
99735
92836
81843
85403
43725
54332
34582
12806
80094
46450
20447
80835
60726
72637
69607
59189
51769
72211
38798
17963
24545
22700
43985
78047
60956
29278
16123
25693
79044
23460
58238
6601
55256
14475
14415
54062
82387
88062
59853
6778
89248
75345
87384
23643
26142
62894
60431
6312
40660
4023
21834
2485
2310
27651
45702
21159
20499
40177
52408
60552
84438
78416
6348
84978
11888
90624
81315
22737
13495
33112
78076
98485
80013
85235
40935
13383
85239
23367
27984
1188
19276
9643
51198
99682
61024
80070
90647
53124
52908
91951
31286
54713
6914
2668
25442
5551
75334
94820
80418
54024
19506
50298
75575
15154
45787
59313
4983
21923
71242
10657
81093
36082
56887
67170
13552
93712
67870
81178
70134
25717
34272
86318
8024
44606
33841
21539
4488
25050
86856
39673
14998
16461
43746
8462
26242
47896
14627
64990
68997
98316
83273
1720
33522
72035
24596
21970
7329
20636
16950
55012
60213
42325
49414
27246
61526
38770
24621
68669
69833
38515
88663
94281
9484
41665
48425
39856
59511
16900
48121
40172
94727
45078
713
78907
70585
61726
32526
49285
46273
10564
3251
63052
79795
54827
20864
97402
50616
76577
65758
30422
91746
35971
70521
35618
54612
34540
58218
1468
4133
21945
49247
4797
29715
80448
8649
1107
59100
52064
41982
33383
91574
38054
9764
11031
93856
3425
81495
97426
27690
59425
13093
66093
70511
94425
6511
44229
64033
83758
7665
16276
25632
27879
1001
88330
20542
16842
19953
39034
92015
41725
50203
83850
85816
42439
72226
16692
22461
43675
58721
33192
9230
25323
75785
79293
38526
38425
67167
89269
54172
21082
97362
87613
53912
473
42676
94159
802
90773
99896
47386
83855
99495
9485
94370
47816
18986
51786
91958
21080
82680
5795
2387
70200
18822
35870
28128
28604
48054
61762
77165
28840
46780
85292
29532
59838
85431
46067
22857
35045
18460
13611
29961
77185
19727
58338
2660
60213
18782
82291
61349
41678
49018
89951
27767
722
27875
78495
90689
99921
10483
27366
58617
13585
93848
72024
52736
44336
61627
49562
15977
67588
55864
90998
6599
86492
61105
81463
89869
8882
89170
37581
85405
91533
52792
66643
1986
74089
69183
68813
33358
63368
26207
34018
86267
3789
68361
76679
82535
82930
20459
10084
17124
14909
80423
7852
33343
42869
76055
99862
54781
85334
52930
74582
15994
65158
70465
57822
12749
215
58721
64934
55596
71975
46118
40176
18277
27466
39807
67823
58771
8938
85817
51275
63522
41348
60783
91515
25192
60051
70318
60970
90542
27761
13900
8756
21442
74896
10071
70677
40471
81422
3044
55036
28454
95563
31441
27734
33750
7031
92571
54426
80200
55571
14761
87940
18013
15150
90274
31254
65451
18475
54176
43133
38854
15208
53031
95051
42015
99080
67149
58029
4009
10747
42131
25282
49063
31998
60374
67574
98199
16786
87572
24460
24815
58937
33575
47291
80412
88527
89603
40377
45173
64735
71764
17635
42635
25067
53321
93622
7226
83407
16805
50269
29577
18777
91905
82918
8451
26201
41359
2076
12911
86748
20718
96773
15084
34571
98347
77545
15114
58355
68115
67992
85290
8382
22170
55467
2159
70134
59334
11191
11392
80147
16923
30545
49764
68256
73546
10459
53160
45811
76478
88758
59182
84401
92714
68493
97666
27392
54766
97216
64225
16443
41149
75827
83480
92809
42591
63964
9078
31265
296
97289
17364
4211
52876
38995
11390
32297
38397
60747
92477
11276
48999
32542
62787
35629
19135
84472
12664
70090
74102
36441
92432
13122
74353
35449
27340
45342
9452
11153
3216
92588
97407
91641
29974
58726
74951
67259
22567
99419
78493
76946
70587
46701
93109
7234
41455
9384
7423
80690
51496
8381
11838
669
75166
85284
4026
173
7763
83928
2101
56289
65802
92310
32714
10706
26520
60070
6761
37705
8091
99231
66745
84512
86566
46490
61477
24296
89250
68751
28029
22188
34528
64033
51365
83432
50747
7270
65661
67913
58333
92742
28437
73585
31873
92439
37272
46490
58173
21889
95366
99567
60215
68708
4294
13286
79751
38224
67639
93756
28318
92824
81238
96628
19976
8436
22923
84187
48921
12801
26784
23149
50405
63094
30120
51115
62242
99909
4404
71310
70371
47369
23886
92861
25882
8877
99005
79710
74883
15026
5584
63141
81106
28516
33621
44693
4498
2552
21792
70739
2186
38708
75910
24785
27
87808
22626
66240
90886
26692
49583
36182
72918
61055
32893
16831
16633
8371
58474
78856
74008
3916
36494
7700
85005
32959
50578
37232
35209
5242
92116
99494
49882
1027
23640
48515
97633
88463
56963
49617
99858
68091
40833
68968
34731
26983
99804
76418
84501
81014
62218
82279
59095
57079
94305
48494
2408
5152
68333
15020
18397
15749
67024
65750
90624
91807
41959
34876
75037
76870
36402
39169
46061
27256
3197
50519
26316
10759
59273
