10000
65793
11804
44730
19697
35121
94418
1410
7486
20907
68263
84307
10635
49081
12298
17574
27802
58533
62007
80625
48956
59848
63484
84144
66884
14405
72305
50283
1583
82667
18318
98386
25873
92151
76871
25043
44680
44240
86608
12354
36079
48858
42858
29592
81890
54832
7701
99530
48690
44468
77217
93726
14519
87502
24421
11961
69658
84507
85370
94849
86311
26158
92359
22428
29179
88612
88128
96166
15910
31500
1081
82285
58792
4973
3469
31129
48544
79500
52194
13161
9043
97251
32879
57464
81323
60097
69858
16596
71138
52685
53936
40189
13550
30522
2810
80619
99207
51519
34906
71217
40143
79328
57920
91971
69380
75293
12674
44424
51437
74264
98957
56550
12855
98641
72497
59711
23443
68628
39502
34105
23853
13573
23211
94033
92088
67389
2076
89739
55095
86068
49220
4007
53270
68768
14188
90616
9896
88771
51873
79006
70336
89210
45513
18898
47240
85203
99174
39394
74848
78279
94871
94702
40269
11231
9304
16208
32195
56846
65877
61839
41104
82289
57872
44613
67350
59836
4782
70716
62145
35037
72733
8907
83325
29255
22876
2575
18730
20223
5489
61202
55597
15383
38384
22306
16960
35741
26507
2496
18012
91913
73277
27562
35142
15395
88575
25502
16444
81047
89711
54902
69727
2109
44980
48945
50988
83184
3171
47917
1126
21194
40370
25896
49223
49772
76149
92690
28467
92394
13823
8510
44802
23132
27832
95164
38737
9705
70943
27279
89411
81055
93616
46669
59350
72055
25841
8281
72901
34433
96519
17804
2302
30713
3738
21351
41508
62692
15562
21623
36801
87528
74201
64148
21179
87068
63918
98282
72996
37157
74458
36278
99873
13063
92616
57769
39699
97836
32179
23930
1701
940
69949
64931
80834
63011
94653
90059
65912
14425
79508
57154
49904
80801
56918
4200
64222
8888
19701
18717
7530
82776
47958
1388
83146
96851
24608
90778
49949
17278
70293
94608
95060
76867
35369
8845
53757
98221
22
73599
41592
61440
72517
3382
35077
67174
41144
19068
67505
30999
7626
95695
38303
62588
25332
27102
67220
17561
35394
45958
60740
30121
32763
47945
63741
23312
2575
55988
15226
57877
60116
35938
56782
99497
10212
90806
28568
80006
52599
37499
73747
39194
92001
10834
41656
26789
17161
74304
58211
5712
63189
16423
11839
20473
3264
46493
79418
81614
52092
61168
16115
95667
94648
92012
57115
14864
56937
35039
50492
86096
54220
4350
82056
68010
24096
43996
31315
60621
26999
24588
99874
95421
65004
12796
23050
97858
23813
71358
97026
24376
54412
8440
76565
48481
84898
3334
38386
16565
96386
21929
16428
87620
53615
47943
79766
98472
7787
69037
39221
95918
49165
75682
72860
44357
81414
77155
42151
16837
31639
52193
16098
97670
99847
21609
15812
13786
93709
96723
64667
85032
77318
28931
72053
98100
45198
43931
84712
62069
83317
7344
2767
65624
35840
2270
23687
66779
99411
45465
48152
28995
77667
31841
99377
54786
92722
71982
44708
29855
32642
99416
72120
59582
35209
61158
97770
77698
88952
22513
81737
34182
10552
89563
87970
82561
62056
81775
42716
71358
46724
82715
66817
7533
19475
28839
46426
27703
44753
47238
77568
2349
96177
99467
3907
29389
79736
97379
5692
26975
75647
70709
59884
3563
17987
74235
61345
40752
23279
30125
45108
18779
5605
26945
87838
51004
35765
37975
87324
34696
62083
14791
46575
71781
82449
43791
86048
93687
51089
99153
25611
26789
91306
99299
51243
71990
22788
76176
2390
90374
82708
57192
52543
26924
1719
78960
8203
14272
40243
95075
20957
83987
31200
23220
87058
33591
23125
41516
64104
34757
99600
96696
93935
90903
42169
80225
27589
52949
72778
16965
70566
74600
76243
88395
31932
24634
57893
54906
67469
46251
78280
62427
47378
63286
21820
20098
80636
89887
1662
7013
26124
25028
48856
74076
74541
51309
72156
94483
14746
12008
72127
63996
71621
44327
38949
24005
66460
88439
17490
97856
2089
4095
47095
85469
27678
40953
10059
15344
19923
56368
92884
33123
2791
34085
82879
95552
63323
81769
35956
96758
91161
92875
85401
46931
11885
72712
92120
90392
71175
48598
86425
52586
69068
59317
82839
98695
96441
73948
11207
11921
72365
11052
40481
4337
24936
9173
84240
35908
36027
40780
47365
62299
73917
94415
22016
13398
81073
3026
30954
41987
15708
28572
202
93663
60403
73221
31541
61717
80983
37437
4924
32670
59092
99673
70177
98775
49289
21136
47598
43900
74145
61874
63577
78802
19196
37154
64585
37753
55530
86824
92696
81748
5492
14172
76919
46480
14610
11151
92429
1014
36977
99782
46702
76563
37258
86640
53707
50708
75497
69631
68438
59803
54103
91088
81415
30176
68966
24341
42606
4852
12359
99249
76476
12620
65971
8329
74709
83848
39022
9726
98025
64681
61105
18149
12944
81191
80740
87771
81656
4018
23377
38772
70809
38382
90187
82768
80829
27743
48814
54787
54324
18607
18181
27192
45119
69596
63383
47306
41073
95372
2373
20347
41677
1687
59755
5281
57102
90653
61659
92023
60475
27562
95820
64642
80491
85924
29661
69805
95515
22993
77403
99590
66904
197
68329
63656
92916
18332
28052
42307
56009
90297
70841
20967
35712
54353
33343
90164
35069
4375
30961
21962
4255
85772
21674
97889
3966
60731
78851
81388
27622
38825
17903
72718
36539
62306
48743
90864
8808
4924
26352
74653
69102
47367
56705
72812
78488
55592
18364
5190
51929
97526
1139
82903
36146
36406
48883
8259
44350
8117
66314
92102
74487
56905
71100
347
52141
9793
84316
91607
29280
89982
89709
62840
43512
77476
85718
50351
71797
37911
22565
98859
25848
83618
5975
57916
44022
76708
78281
17430
27911
18182
85785
46959
87376
3662
86906
30330
55846
25694
29125
88958
71578
70328
48667
55534
92821
92072
45747
7601
1705
20926
85736
30338
81631
94830
26632
50439
77691
43610
70619
91714
77525
43672
91220
98493
38291
19288
21432
69639
85224
7933
79047
32171
40390
27099
17640
25940
93622
63971
22646
6882
38797
48600
74485
71803
53539
82485
20884
28774
13314
14040
99807
93442
54421
29454
48501
68580
69160
48290
46843
29223
36268
58579
79549
40389
41892
62926
9630
57656
34051
63461
59345
92843
36927
68114
13146
27077
53805
33404
68527
27952
91640
42792
62524
88915
92859
47184
18694
56527
78986
2059
26709
68063
8238
41068
85958
4790
62880
42156
86332
53495
20798
84020
67474
11839
18942
4738
51396
12971
56722
76049
29543
29015
45467
34735
42130
45045
31668
8211
50034
5202
79436
81792
62938
93350
29083
99094
25592
25059
45456
83938
62398
18076
11827
11618
37794
96594
51603
7326
24546
52774
85235
59686
86601
28275
15072
81869
93649
62775
61921
17817
31562
24654
97339
56162
19068
51489
72341
5844
60646
29828
23997
35002
78357
5475
75636
88956
76230
55095
8295
27840
90960
87500
72708
32875
27434
74209
45585
34337
5948
7205
22535
45283
49370
19438
73162
27740
25636
88500
78992
92237
54056
90594
64786
49546
98047
92631
35135
84362
5920
90957
3657
64370
79472
6058
27038
81176
19721
28430
90669
51891
78125
54536
82263
80902
13041
33856
13064
78042
79286
82250
75383
1021
22201
47720
72404
96769
71548
46119
86893
15671
17330
34232
35071
92708
89541
68564
55526
84871
59678
60386
48417
20221
43435
21600
47713
59775
42076
18580
82189
71756
9184
10748
80135
14179
39512
25552
78521
84061
76400
22113
85272
63494
39203
96505
63004
20400
69818
47392
4020
48347
15899
69675
89432
61912
68404
81861
70760
58090
46751
19083
26423
80871
13746
67371
80632
19121
46693
79428
84812
24320
81008
8146
58620
42708
95060
43527
27467
19094
68119
60345
64482
20048
42073
83129
1969
95297
59413
5373
5435
67231
9412
35315
91427
27870
89435
99843
56149
27271
70218
17938
27036
94445
31898
60692
21868
54225
88264
44832
61344
60707
35955
75254
65215
35385
82291
14546
67696
65455
94052
79254
58567
79404
75449
19504
85890
84542
1038
71364
89656
7100
66295
5250
95694
15993
73736
63486
74333
1475
57184
97260
15841
93736
5854
77993
21521
29564
19622
83747
91483
54075
25353
62262
90834
34939
32915
32533
40098
74849
18551
47146
32283
27782
53381
13736
72089
77290
30
21522
67262
65107
88881
73783
36296
28011
49251
95461
33040
45440
32670
21368
17972
21318
49837
70303
36738
82402
52455
98677
23355
74238
46106
73018
68747
64754
22056
86312
67156
24214
96971
18479
43811
43969
44480
45759
13332
36929
77782
83332
1649
141
75391
97732
86711
42565
76481
6578
71244
72019
18884
5176
74817
30830
70566
6240
68603
899
50383
61064
82395
91501
56209
35133
39879
49624
27183
80629
71759
14864
15267
17585
10532
51251
30442
32613
93754
89445
68108
83262
10312
3775
94101
93759
78173
12130
11537
27743
73869
29275
79600
26260
16358
29710
30865
96010
33913
79127
46657
27926
54699
11232
23477
52930
57333
4425
98883
27324
2187
17186
21328
29215
93779
74223
84247
83750
60248
69325
91223
97386
12077
6090
56642
11537
60532
34212
10950
20760
16252
37173
94300
12980
4862
35793
4278
50094
41292
89206
20444
8510
6085
32038
69848
87443
47286
31820
77700
57236
43421
18019
7962
62036
5816
46214
8746
41618
47613
23592
53132
23640
755
6915
22087
55977
16758
22724
77911
19390
84666
18314
36324
54151
72272
24759
74554
81914
87674
49560
54722
65474
24472
8207
75429
94441
20934
46558
31619
7601
82669
72600
36753
76558
18623
15798
23379
69739
57649
53245
68627
58535
11403
4208
98835
31114
66244
53665
32685
52771
93812
19958
43361
43539
56870
18294
23771
34076
13690
7847
41546
5402
66752
53824
66108
58606
57620
81715
90090
20833
17659
86523
78771
28404
38782
18128
83560
98013
95946
34984
75834
42288
5981
33725
91367
53029
55312
7087
7910
83172
5121
16825
99647
15582
7975
55099
93191
6527
11969
361
92819
31325
76095
92829
64710
3318
85762
2005
78939
79790
19336
95538
84893
79782
5738
48169
36110
87266
85821
93891
75244
47000
69770
22733
42314
33079
35028
38370
5360
36140
14061
92855
71332
43641
15009
7801
97607
95317
23555
24888
42672
12701
72022
51016
58098
77119
95812
59722
5781
22227
29467
4100
1034
83013
162
14958
59089
38457
1680
59447
63582
922
38752
5526
52223
20067
84413
89735
35677
1792
25438
31842
91879
83935
76455
55295
34964
57450
30345
69330
3971
79488
65476
98795
70109
46106
98309
66330
20827
92216
54431
12135
26827
76628
19717
50727
31604
55123
84285
7810
79762
92629
93980
90491
26474
89188
38425
4337
17228
78248
43449
1542
3149
94683
98018
84580
12307
59089
58285
17692
93469
61823
89474
30398
9441
4686
62507
86580
64729
84253
71481
1128
94533
34137
77455
29004
10811
59810
72380
99974
25737
18467
1908
64463
54169
8332
59429
7991
5907
9192
74057
6668
39437
53272
34411
66640
41729
82003
41474
47797
54277
48499
66075
95421
1391
68833
44634
14213
14342
7817
47003
46322
35650
11737
82420
81296
28777
10057
59255
90330
86295
16695
79603
77022
23924
18250
70446
13915
3854
69810
5537
63560
68441
33390
97882
5502
86403
36323
15716
33042
58878
61211
73277
21919
28478
50024
80805
97927
6718
84150
40817
25567
78426
22586
67956
69183
13183
98541
78607
22783
36479
48440
25650
44942
5298
9382
22700
51677
96666
74176
12526
35406
39228
66560
58542
77295
8909
11565
10169
65181
90341
31577
69050
32126
16029
72016
96440
46439
99359
12313
8560
79210
84019
82943
55268
31304
64744
73276
30788
14992
84592
12699
38774
27047
55381
16525
74955
70009
45497
72267
49034
34691
62007
37461
4724
65824
18232
91804
89744
94458
86157
30379
90315
89876
14284
11402
12688
78096
84260
44906
32524
99578
91669
54907
79984
45201
69728
88653
8904
54643
3097
79766
85238
45691
37763
18393
89620
77327
82260
10802
97204
35148
73926
48660
97187
31781
35094
56364
92723
14442
42159
49385
18588
2471
32612
49616
1283
67110
37139
4365
8097
17796
85493
41822
78698
75673
12135
4869
9701
23270
11278
42752
24165
75149
57109
71399
26084
93012
99481
85344
47358
55563
37573
59532
46377
51607
54353
69478
45251
2864
8687
22948
84318
52846
44161
50942
2797
71400
89004
56234
20895
19129
69175
51336
51548
76336
30468
74260
49992
51685
62443
13468
28050
53731
14867
88589
68106
76568
63791
6789
24184
82620
56688
49971
78528
59139
31723
4609
75457
4371
99176
77832
12033
46492
26801
17254
83620
81393
78663
72381
65354
59901
52492
52774
60294
506
74039
52915
24133
55467
96877
87450
83371
813
43449
35676
86287
37034
83123
57951
81111
95336
51092
25660
58913
60501
5058
1800
2501
91675
44182
40291
37250
69407
49331
46713
38575
83113
94829
46475
55283
76553
12630
66266
91317
22718
14344
10003
8821
77744
4831
96884
96046
19521
2489
70868
55127
81028
90984
34071
42591
80201
20746
27757
60980
50569
80944
95883
62885
80449
36810
42334
48867
77128
75915
73736
57004
96655
33905
13034
20802
5229
76721
44472
99772
95225
12199
85262
18079
73323
52246
6823
13348
93593
53619
93929
54663
1728
5328
23116
15020
70830
71912
6944
69459
88023
3464
29130
84841
60375
88363
72640
77256
74860
17333
94902
84716
47684
60560
87414
76888
40234
52509
28590
94970
71683
39255
96920
74466
23009
71936
83948
63761
45084
39558
68088
69793
25318
53238
63865
42932
45628
90821
13085
94100
68751
56639
41458
67151
18163
49217
96029
1752
84164
58186
78246
15003
35754
3151
34787
56612
25265
71702
58354
84667
91421
64597
75047
87386
25891
42899
40625
76278
71104
81000
12027
48428
16176
83780
38727
68033
82899
82650
3162
84994
93287
4437
96417
31775
68261
83368
60417
5056
74754
66442
23020
47714
23621
44749
54467
21092
11126
10496
71222
48256
63627
74955
90009
46680
97334
47926
9840
73344
94704
5293
3956
24991
80112
88722
32414
82804
86674
89444
2426
78949
44884
92523
84691
10074
57862
82014
38335
90405
51790
71844
84618
80102
79579
17936
7775
21717
32248
48526
7828
3970
30565
94474
27199
85901
72523
68294
86019
90162
82089
95674
35644
54959
60672
18506
3387
71411
1479
95321
21096
31734
3566
22653
26173
75430
90212
78448
35458
13210
52764
22543
30410
76557
91368
58040
22420
65935
91007
92706
44852
665
20216
6594
70475
87192
99666
53897
5159
11019
45178
89653
80355
40640
11236
844
72489
23015
51515
23313
32540
71305
21951
83439
20134
72605
57934
95926
10305
54687
94402
43905
71114
71773
55430
93269
39766
210
62588
29471
87052
27654
64304
57130
19637
2733
45871
18860
25429
88920
57343
66805
88367
33573
68304
29502
99787
53218
10397
57039
5955
28907
9150
94649
37436
4558
59727
11219
91102
32618
47763
91648
16456
9698
23645
25783
76118
16394
60848
74992
14517
9274
24207
93693
55078
86966
77518
14573
74086
5696
42949
47493
94684
17800
6026
72340
97420
67346
45999
64492
55717
17507
4465
67810
24039
31095
66581
15758
33774
59384
78889
16950
63437
15513
10510
40076
93806
27267
78778
85664
78745
49692
16909
39466
74895
20806
84965
64652
13186
32168
21039
52912
61751
57541
15784
835
37710
74358
16497
28232
27069
55522
50105
99178
96886
4550
19248
69396
59771
411
29582
13436
42770
75347
75229
79363
17162
90193
7103
1395
93005
41866
92719
41969
14857
69034
50781
95779
63088
76812
64990
7397
43762
22974
30267
64202
84174
13131
76521
70647
25515
90986
37093
92997
71325
81497
4687
5908
52853
90061
74300
46983
93736
44893
51578
31692
78539
20232
82494
8166
82053
73542
77990
1682
75423
2267
41028
4438
38250
77162
42631
98095
55698
14220
94527
79289
73864
68682
4156
23930
45936
21150
79360
3229
19691
52533
98135
83683
43787
71621
43250
77350
82951
98502
52921
71395
48040
60467
24458
53038
11967
57701
15
66644
6517
87395
85025
27690
71554
29367
52713
50316
206
18038
46744
97994
76831
83612
33235
74694
94338
80040
86583
66459
55698
276
53133
41794
36884
32031
63266
77630
8303
578
18851
79857
97246
47384
58618
21617
9149
28857
54774
11968
20309
37271
79812
27061
84453
81391
72045
4151
2949
57595
51896
29464
80913
68692
5692
62771
96285
59700
17363
6575
60813
6280
45593
89968
99739
95643
78981
82224
87129
65205
9530
41371
78661
93408
99775
13926
59175
77682
84738
21147
45642
23571
68314
44644
40603
15423
14557
70536
89830
55772
23217
66468
26837
76095
99264
374
96238
8189
73591
50924
56805
62656
10920
28751
36379
35966
60206
24172
76444
48205
52502
80582
97465
64857
8932
62316
93888
46773
98204
76065
35085
75131
88480
31602
41114
84841
47280
8829
8693
61831
59288
64136
90343
12645
10216
91360
45683
45130
80262
46434
58334
17133
50405
8384
90465
12839
91549
88677
4295
9590
12411
57513
26938
61500
71929
88991
96427
20307
89004
3749
74654
61833
99259
98690
78702
16298
56288
97345
85270
43619
63639
71603
42749
1319
5828
21569
47745
51488
26978
79926
88575
42034
31352
94737
39628
41162
42519
43210
50760
56059
74134
84502
49378
84626
50283
52391
84807
6934
59557
882
85958
79426
5226
67284
54890
1664
74690
97379
13168
57074
43602
67573
6288
5649
10488
11305
65768
27160
1493
18661
87908
22423
19148
15243
93952
74365
83514
61994
75031
12707
70805
250
12355
51521
34768
96319
21026
38894
19872
91925
20924
80937
54141
96293
55412
32078
64143
89334
44606
40940
32068
26305
14355
82824
78752
80810
83362
42590
61092
51050
35489
32870
60354
29617
11308
30530
14205
35862
12682
39296
88752
87882
18004
90725
15260
61983
92332
49643
16810
8939
84731
30381
67690
7932
53545
25425
55334
59982
3430
71137
34918
861
54914
6198
63952
54461
11625
78155
14438
14693
6141
83757
16868
99070
11665
81847
23013
16687
21790
90834
91711
91774
19411
70791
40964
50107
7807
36183
4901
4448
48145
52860
61014
1600
16888
12728
20190
24552
64269
56013
52212
50960
10869
61045
85888
79314
20370
96853
53670
85889
99403
42762
53991
81018
81792
51621
15021
50480
59373
53619
20023
15714
65527
18509
67964
43586
85231
44519
73298
64355
60848
50022
37018
74418
16080
71372
93253
34317
58501
12926
29113
76653
7972
51786
66582
45556
43225
52962
2499
56840
70160
68041
93372
6179
63282
69836
60230
23156
17952
79658
66029
89100
3642
59428
24210
83691
56464
30146
68159
83496
85009
55533
91244
48167
58549
58034
40756
54932
60048
88413
14438
20230
6356
85276
48003
24139
85429
15531
80259
765
82645
46544
6659
71737
69864
13315
97850
10936
12649
69080
10884
25213
1726
67928
84861
36973
14347
21573
26653
45015
57819
24232
85284
76925
79234
33121
71642
58059
84305
25936
33608
54609
60357
38779
43140
34173
9756
52449
79690
34536
16560
43254
56283
77433
55950
1947
35824
82775
52873
10823
82273
12793
15915
82427
82582
11006
82817
94180
44462
65545
57845
51642
88301
24866
3736
12644
20845
45431
9590
45076
76118
37044
67711
1001
41091
97279
95926
77665
7886
97866
94599
21973
1913
59561
93596
99543
89665
45450
24693
72077
10412
84008
57419
44971
82555
36017
91026
12201
65597
73496
57683
85451
79797
5083
91680
53835
29712
11553
63994
70757
40560
46971
53852
14475
77950
68113
8578
5139
90126
94800
34925
10326
34239
60859
90661
60374
85119
35192
13408
52568
53716
23176
34758
16391
50080
56226
43889
68724
28015
25687
50208
20378
39642
69771
17444
83324
43801
46692
72648
63300
29002
59273
89247
9728
92251
31748
60518
99976
31728
16197
27881
13603
90490
27879
34485
57603
72655
83376
82478
13381
94514
77984
77180
91113
43497
97798
37745
63253
91476
34389
50273
92800
37486
59755
79220
7035
39335
22821
83772
42705
72921
3187
9235
77423
53619
42761
49453
55697
52768
20794
73217
5454
35335
49804
29887
65957
68847
14497
43833
22925
81152
52937
85103
3199
34178
17186
67170
37778
34978
57136
41156
8356
25088
33523
80176
6295
76279
72854
89256
14132
78296
28110
37954
60846
29815
29061
31725
94140
87693
19090
85680
98856
96566
92627
59895
90436
69324
98754
83912
60089
76112
46310
97364
53364
75156
66946
48027
26750
66335
66302
92251
6546
77475
42982
47978
8327
42241
6690
34918
53016
57471
34971
27203
9975
75030
98085
97709
21808
63654
84997
19942
53905
56305
38346
54924
85684
78068
77906
10807
29843
74483
52691
80170
72984
15649
78526
54268
59117
33236
61400
40171
19242
69792
13082
71700
52835
12964
7973
15320
19016
36630
69951
40144
5158
90318
30364
85293
61555
73216
79017
90212
57519
88177
39851
77428
26365
80810
29601
64673
83649
18469
13983
44300
79819
71345
8649
71004
67385
65123
51558
15647
99955
5628
71635
92155
88412
86454
81941
38662
43363
43462
30723
27331
2460
60263
82019
47392
64342
90771
45380
29515
20467
13961
15734
55000
65728
90594
63243
27219
85609
85273
16185
69572
80502
78445
25711
75292
49656
54820
91168
873
96180
95505
87648
23176
85164
53282
70803
97092
1181
65654
68041
96716
59936
56718
44863
83071
90714
15166
82407
15473
11089
66892
10081
22202
65540
70811
44191
33419
12
97766
86701
68484
75165
94705
59300
62201
35877
66127
97805
41390
88163
85935
23392
9552
26225
25047
2320
13236
46643
43152
47009
78776
44735
21462
62903
27920
93167
66976
22418
65877
71510
36113
6558
3825
58549
94271
34190
61731
29897
35422
49011
3000
44424
27324
33640
2799
10504
20245
70488
27675
43573
77736
88801
38873
58770
25179
9773
3924
30751
25598
63046
1389
77444
93621
8518
95890
4952
24853
54478
77300
36521
12925
7920
80413
11121
49878
84191
90980
16695
74874
64917
36583
3382
29363
24380
12756
82826
63732
2124
16561
68820
28165
65988
51763
32574
76503
58164
72055
7061
66452
4569
48584
57740
11767
19405
85548
88645
24264
7939
51563
53854
56817
20217
66376
46337
16020
73864
67035
58822
90540
76123
84309
65466
22094
65909
6095
74547
13232
74648
84894
3615
9069
53905
71948
59701
67605
17299
52380
27964
41604
16980
80592
88649
44723
31777
581
31322
89048
48630
96195
15852
92735
12653
44836
57580
47889
1587
25863
72027
96275
28710
75816
27054
63386
25626
65897
86853
5415
45011
15271
68176
32752
97542
29787
44093
848
45630
83204
48407
77059
93839
75196
40844
31109
76997
21135
46748
58051
7303
15896
57958
49446
66966
96322
90958
44482
68121
35131
66561
67176
24149
41703
23796
10454
72061
54166
54865
19356
2441
2059
92325
61691
27564
35689
97132
17107
3475
3778
98601
54088
59416
63976
76282
24957
30960
75797
31163
67456
38739
3456
22385
10882
68230
78248
75201
88719
71053
9164
43730
68531
20974
1249
89663
12400
86701
54063
17921
33204
36921
77991
4094
93014
89756
43951
59551
8977
4662
37150
79881
79766
62997
10449
90368
12893
35495
96478
17175
81556
86771
14788
55266
66126
33546
45459
74076
55016
29053
40163
35163
36805
81563
85953
61066
17899
33879
65961
83420
69091
5571
45677
46040
31072
38522
88463
10614
41224
783
81603
6356
75962
90061
31894
58761
33767
15864
43818
74024
15637
3322
37098
29353
806
41890
94286
92747
16750
19680
43208
95293
54476
14182
98570
79026
57595
67228
60723
24259
13249
43282
97987
17181
25851
66005
99775
30743
7187
79373
3038
40044
92093
1347
23181
34751
45038
71802
65262
7314
53309
72139
51165
76198
11138
81739
68395
65183
55111
96752
44242
52349
16594
97774
83029
77187
97584
83990
63925
21219
91156
40378
28166
51727
21476
26106
21828
62287
37288
57330
80404
1187
90809
69013
96718
95296
31463
34366
51651
6952
4874
57432
97688
78320
40109
75793
18412
51006
14083
14995
96533
91279
49714
28133
2625
80976
50409
78220
69501
93951
50286
75607
2089
26283
99577
96695
92637
99856
39348
32213
62850
31739
63997
62003
79510
38125
12329
40133
58263
88243
92927
54644
87784
62330
27709
88523
67470
31955
1589
26751
10031
11304
10441
98329
83540
24208
94742
75369
39905
76458
25748
57490
11289
43707
8082
14738
76301
46513
94001
92936
59575
13796
19679
97799
53150
54953
75894
47987
7209
45235
90004
26331
81250
29884
82756
9331
56426
14424
50883
12524
35319
42039
49483
85402
12105
66655
38316
73046
19740
99137
84220
30053
74482
46811
82686
64550
14044
79702
99663
40668
86645
75938
9829
39077
16633
30172
9982
27299
22675
37702
55901
42639
33059
58037
90352
6686
94492
58175
48320
35066
16047
58719
96102
32410
13222
35887
37108
42661
70424
1595
74031
84516
52558
21857
77466
47225
84312
37083
82986
62128
51857
66355
61998
2422
70148
48057
26339
62695
44768
46069
47556
76268
95629
27176
38082
40153
86214
97624
6624
774
69597
96298
89453
20183
44209
32896
92458
69411
46452
96817
90691
320
31840
48337
87446
55939
31873
25083
65294
29850
6222
15832
26276
39161
14823
70453
47105
33040
1716
84606
70300
88271
1459
98198
8808
56540
57386
83422
86045
41860
18237
81499
48016
30506
6292
53939
95041
26079
97118
84934
34779
95986
19475
95264
60961
39873
16248
62245
19679
39915
81270
68868
70359
86831
86667
75823
79300
46576
71220
16175
76019
2972
24189
44312
47471
18230
87275
67740
71903
62755
1735
18451
56020
60036
59767
70650
46275
68195
16416
53022
21418
77561
4497
92247
38033
11365
55894
91227
42897
55596
22666
77277
61196
92650
21656
31549
74848
31481
14610
41926
60029
68292
73543
5460
24017
15206
85054
96790
7910
66078
57622
61702
64830
21780
12691
64931
33847
5852
11685
38133
34322
50350
19441
19983
78353
49796
65982
39079
49141
30127
67245
2213
89603
293
77595
67508
4843
55566
95422
74561
19956
55719
72642
18357
18892
96219
24175
76476
9840
11929
40157
29287
41561
47148
78659
6436
26654
63220
85733
46861
43141
66778
8934
93
25970
15032
96468
47362
13640
12934
86106
71260
88046
21785
93834
45931
40315
60390
69439
57400
80374
76720
65642
28953
10562
58244
95326
20182
41517
764
82332
90234
76801
2194
95361
89037
89956
33202
82525
73343
74809
90681
29608
57295
77311
17744
49903
71740
37908
70822
5966
65511
24744
21739
23774
91209
96234
76476
30208
40848
79207
39155
84761
71840
68636
20646
65368
61033
95276
93068
26823
65825
39209
89400
18177
57763
83851
52201
22744
843
72844
18205
16627
17871
94203
67122
82885
71898
68101
77891
42039
18786
3052
31065
65116
79541
56337
67810
84003
35493
20023
81710
55167
19349
17537
96835
19778
94945
312
69763
73518
49859
37169
90120
79144
61520
81413
84357
89554
82232
45428
48899
19748
38193
9894
94227
76360
418
90459
44962
44336
42772
98609
98234
6308
14677
21301
56983
12334
55862
51165
46548
49939
97845
54582
13226
76301
91809
84480
19570
19921
36471
7635
68166
84571
90125
67048
80846
64228
93635
9247
33058
15901
86240
58954
88831
41590
79298
67823
89137
11341
98073
40116
76210
93181
13268
83259
93827
90773
89829
47852
69494
47042
4729
38593
96437
80744
33602
13729
20957
4981
79865
48340
99306
94089
95954
77753
50804
99298
20081
53103
29952
37082
28663
20195
63408
41702
92412
55419
21819
13725
61637
57226
54029
44078
1936
27954
56525
12163
92243
6689
46391
64687
72012
23652
55041
96349
88109
39011
78226
66209
34919
23270
9451
29783
83207
35142
9989
15108
37492
6977
4764
33400
48488
15800
66870
87373
89073
63672
44296
10589
90202
26088
74429
52630
56459
60552
12361
21391
83592
43524
41274
80287
96913
73628
59306
53413
60400
68456
96592
73559
42147
86865
35528
42663
71178
72523
92024
99684
66568
19644
64128
40671
58226
29948
48453
84913
66797
14276
80138
69071
43187
62123
63703
76539
24821
92703
47273
53985
32694
47154
68588
75398
73231
23387
63303
59867
6953
84906
58811
17969
41121
74690
20450
63174
4209
133
8971
64922
2177
59014
35893
90885
8323
15050
50849
21187
90364
64267
19939
43280
33307
36310
84671
71922
17426
22500
96025
92429
87403
19882
64986
69025
84160
44343
47672
73970
66860
37786
10429
7694
49181
24216
11012
11157
34241
7145
88989
19539
87673
56934
46738
43206
92937
67672
22539
31038
18307
97495
19968
23023
32602
63690
10694
23165
49483
17603
87125
21799
19573
34026
365
66142
42258
5705
65384
82483
36414
20144
53833
28465
78761
13492
21151
37706
99495
64897
57370
19305
87238
7273
18650
93653
85602
19478
42410
30387
71606
36640
3779
85565
23495
21040
59237
20691
2359
10205
20252
52604
96521
58313
39016
80467
35369
58573
73858
60643
62412
30872
53345
95577
75850
29929
11377
2120
11398
11828
43982
42772
9801
75936
42966
39874
33074
9948
65646
69060
1451
17506
26524
43633
62612
39600
90583
53704
71139
91331
3551
65575
57917
34374
92810
95563
40596
68938
36468
28375
54069
74097
28165
80119
2947
6774
44321
54711
59765
30759
32772
27817
92270
18510
34533
87677
83844
91941
50203
27129
64286
73437
86666
13318
55493
37100
97841
15250
30827
56239
79566
13213
20205
58481
36260
76514
72923
76067
62468
24857
75207
89391
97203
11355
67360
93860
34048
29705
87027
65653
21659
70830
55915
78059
14472
90008
96583
2611
36950
96113
17977
70084
17239
91326
3979
72840
4971
32056
17894
30610
25616
60752
15918
65456
13977
82420
76735
74335
23050
96799
55229
29912
10016
3456
81070
78130
74809
70363
27197
56656
19061
21038
7729
79862
37925
78886
42709
56240
68266
60867
95967
24125
71172
21408
62665
46332
71415
92810
66221
23669
16097
2313
88050
71062
33506
30431
75522
94770
1857
85149
24999
80038
54312
96003
558
6645
73320
57289
76845
86275
42869
61912
91772
25017
32527
38581
66289
82531
39813
48589
40037
84076
82899
80831
7509
5633
90771
63800
27982
91933
72930
8847
27983
6968
86632
73683
76740
65637
78428
15144
11703
31569
30458
4499
41873
56850
53145
78532
16828
81705
7388
49233
47
73958
91034
77481
54734
89553
11845
23309
31598
40298
55259
88198
50031
34241
26428
55323
70207
74233
35626
22297
21036
76096
76034
5808
47129
32022
46667
67464
34085
16531
98200
45966
65955
37611
25727
49151
20584
29133
51120
41954
58796
64593
3865
25539
39175
39444
98805
56676
96146
21031
59220
81854
48545
50443
77661
20492
68332
14646
4708
39226
23202
94044
56050
92610
50831
93323
23640
39083
79024
74149
10004
65679
49640
87685
51730
38316
43316
37905
67067
72467
95921
5483
64258
11857
47429
51460
76139
19571
54642
46897
90476
26953
18209
18860
47606
45791
57127
61973
16270
20367
85375
46110
31509
30582
14984
43553
96637
67891
73688
53404
93132
44851
37728
19546
53472
2762
72705
66679
52183
86669
4431
92753
67366
1616
95016
22435
9401
44706
90290
18103
44583
57017
38329
21913
23611
82885
80722
16779
73255
93410
23110
91435
21219
74796
59053
31771
41814
67663
62292
52104
77393
86069
7919
98388
74473
19444
6352
61721
14419
58078
98981
98699
67563
53131
76349
69060
97662
75656
98359
18336
8801
26204
76810
60472
42942
90961
6175
74562
38435
1391
56628
40933
60272
19123
83577
50753
10470
24674
85767
17014
90355
66134
52598
11475
50742
99738
23046
33775
45828
96240
32381
74498
15045
74270
80010
35958
57503
61507
50997
938
25186
62717
11749
42130
82990
86509
22348
24622
18160
83886
39564
24431
46018
41795
85302
17137
47090
85699
23203
67107
79917
88036
74353
71265
58305
59539
68198
26904
86042
4089
92949
83129
91320
85516
82759
55052
68736
76806
79316
77471
16312
53707
23183
19361
23917
86515
75150
16788
87546
35734
10286
43477
13370
90369
26976
90233
31299
93145
15848
13523
64613
30810
60384
38085
26615
38965
68797
4918
95736
51815
74375
58332
58118
5380
56895
61367
15799
39471
80331
71479
97860
39177
60632
30722
22256
38668
82180
52266
68761
49058
25492
87478
58459
60179
36817
1395
61683
40178
14426
72353
175
7604
17621
5843
18648
23375
49739
5498
95135
11208
23311
89387
10847
55294
8447
31433
69195
67769
3773
46542
10471
99250
39731
64421
38398
11289
60143
71023
43843
5929
5448
8957
19196
78373
55158
80690
55625
94335
3479
19654
18141
77392
45686
18647
52617
53860
47183
12620
73405
96237
2590
89701
33851
66839
89320
16305
20647
96646
54152
24829
32278
6837
63276
46665
83828
56367
97539
49991
32705
86495
53739
38125
253
85275
19399
44561
14438
67641
56255
33757
88286
5084
76019
30071
95503
90875
66761
30256
79276
30143
39988
34611
97394
69686
87623
81246
48840
49719
72866
8569
82909
84757
54238
29426
9760
61841
80868
9130
18975
5907
33919
87100
5888
49395
23092
96888
55142
99454
80214
44482
84531
17968
50600
22011
1667
73714
140
45046
20020
13918
54189
37749
89619
7083
95176
52361
10259
96946
12592
2556
13159
1418
33053
22828
6011
48415
66118
21835
82744
45576
63159
35590
31750
78231
75453
98364
59043
53229
9991
33140
76061
11252
52171
60551
37355
34925
19587
20631
99772
15730
36453
28291
12031
47691
95435
30133
66121
18875
93287
98458
59422
12055
55958
20838
32147
5512
43109
95928
86774
91792
4559
18765
1931
47615
97840
80757
79305
15668
87096
204
82456
17783
79716
27052
90416
96007
21449
90581
30346
24429
60921
4678
64526
5497
20545
13382
32461
59853
91157
1660
48083
92809
71795
83529
44036
12014
35745
36496
79626
95007
12821
2460
81498
56276
47151
40869
78191
92986
44740
6011
17351
49571
79079
15620
45262
78582
8231
59710
72016
69223
9636
10831
32934
66644
12047
62820
96928
86539
73222
16231
44580
6245
73035
85214
32368
84313
36498
21624
53132
97404
63960
92677
4197
62119
35588
61016
9697
38934
62248
45212
37361
71466
59553
88180
59856
52672
44618
74971
49818
42144
10481
65499
70292
44002
62892
54565
76219
77664
54304
35338
19759
51632
56718
81341
52202
19704
61350
25533
87489
33170
38825
15847
29881
62737
23646
56928
1173
41053
51341
64382
36050
70464
22086
99938
76049
12996
33872
85012
89458
92527
94653
91515
9072
86658
33269
81882
37728
37516
41481
70315
93657
29573
34874
2410
9523
48617
56282
8662
66186
19974
50054
81993
8756
92980
73207
37359
90701
87610
41657
58934
36420
85898
34633
75972
37509
68939
45890
85694
43398
42855
96320
88627
99216
1102
2569
87117
16920
31200
97356
59801
17712
89427
11188
84841
36658
84533
87056
40305
93110
56563
5264
17249
28196
53482
86807
16404
15381
59038
93437
1799
54889
52908
28398
3213
22091
39597
60173
31633
62231
42792
85869
27645
20015
78055
14765
48555
52241
61400
68350
92722
10661
39989
62884
14689
94828
25827
68773
59427
25602
74594
63214
20060
92322
54321
64906
92222
29330
99049
7084
2504
12737
67364
11988
62696
46117
16275
17082
18688
94738
43969
21159
50295
46606
99030
83612
64340
14830
98223
73461
83137
61440
96138
3419
29055
92573
78115
51299
73237
43191
65722
2343
56268
39213
26436
18134
24875
939
67276
97825
25611
1847
68664
96395
78819
70172
11821
87470
21706
2543
42364
16633
75594
32125
28803
70324
38134
94139
90685
25983
60951
39514
79243
48810
85621
72140
16551
55194
1651
51323
86689
8244
91288
95995
25946
33147
29493
34900
32009
85084
16288
89876
2906
39937
49001
50727
42513
879
74885
35590
50217
33734
6832
95270
99536
87944
44394
73397
49681
74606
46014
90637
10621
48555
37411
53430
69561
26119
20987
47757
36133
41903
76526
96725
75440
50055
94497
31153
50917
10835
23652
99990
64915
29537
53793
12496
86160
68592
26430
2174
44737
85099
41630
97441
86264
99983
17596
83384
50533
54500
53225
74248
46892
63340
4525
32824
86901
83929
62451
88232
80673
50486
78874
97571
43182
84377
7623
56775
95771
23920
98949
68214
71561
93236
51925
15242
85473
20686
10011
82741
41437
35791
9245
27597
32778
50072
29369
53059
98711
99205
22719
6146
1955
71123
77932
29973
89783
50420
92768
97007
32370
86965
38985
63630
91328
16755
40254
93044
23725
77910
57189
88046
53984
43099
24374
31859
43970
11138
67911
2424
85347
14665
11219
3287
75614
32034
67877
97753
87711
92128
23418
29323
70164
84533
88676
31944
59888
87947
76312
20611
59849
35922
90763
75692
72364
71178
96534
65717
97456
3527
39586
36137
26924
93105
86412
24009
5089
56718
73372
64984
9056
45280
17088
58338
80954
89715
17391
63620
80407
54937
93781
42315
66819
37254
22460
85252
71885
21856
14334
45859
95583
34684
92690
56650
89414
24810
34070
87165
48768
44228
10679
88155
55499
31250
55283
12163
68895
33120
26738
65281
34312
25735
59955
13088
8756
90629
61468
80539
87506
98282
48273
68116
31606
1386
47357
49694
48621
70456
95100
43264
56995
84702
24782
49941
61092
46950
21159
10535
52027
20116
38944
15027
6590
6149
82438
65241
69303
3422
46165
66444
63440
47091
27967
16262
48190
51090
84559
87771
4401
71445
72279
43608
8128
85071
51046
12134
234
61803
26949
88186
40189
49993
28564
18755
68339
48875
52273
99908
40225
32439
93927
24556
91667
80536
46795
50094
79031
98299
11533
94871
12409
31944
23912
10330
75922
21371
59000
49361
71881
30258
69194
57348
14037
42416
19259
36988
78504
75024
84662
10322
15769
53799
56714
38260
99057
64025
19859
59786
29780
32114
53603
30867
20264
25899
23533
22854
59024
33888
40560
31826
45128
85379
17579
13112
7649
64010
13506
52567
17423
20331
37084
8334
96704
26146
44054
99869
46702
19100
11220
75367
49881
74358
11425
89593
9171
47994
1253
34685
52223
515
27262
10519
12101
51588
15626
15439
41431
78508
20207
80218
24640
46732
16206
51221
51597
15671
52329
78484
77238
47683
76012
29373
17457
70125
50561
82456
62196
83126
90740
74460
63743
50873
37421
8377
7378
57378
15717
57123
48786
7505
20480
84
41379
95877
39955
97460
80785
34237
56212
60639
54706
53508
15388
78439
92428
86975
89048
31810
47632
85009
2910
60220
52098
72546
47507
33891
77501
91751
57932
50545
4727
51859
90286
67531
92688
58170
85898
63407
2539
42261
47311
25396
52435
65024
65305
16612
95051
19776
74838
11965
18092
91758
43693
57448
58511
80520
43957
31062
45175
47243
83629
84294
70518
46440
79529
40518
41278
43946
50480
54697
69523
2762
36842
95607
60917
9260
89446
57459
97621
84819
62553
10007
38445
17460
18066
82883
89964
59561
77971
74412
20055
55432
9080
6389
69883
47371
56980
12711
64440
6158
55412
65809
3924
30337
73005
91245
44735
79806
18408
98514
2126
63983
76747
58203
9133
84768
43849
67585
47464
12745
5003
8945
17305
17606
46681
22808
30198
27262
63827
99071
22119
53580
69049
10105
32596
65028
52259
45429
34077
85591
81237
26330
26824
76212
26357
47058
11965
15890
36430
31788
63613
14320
31157
11557
50692
84289
57535
42251
55527
13010
1670
5767
45009
36635
47463
84907
88479
70232
34113
53454
45329
43915
8613
190
91504
80786
58780
96894
13080
36074
20242
70619
86905
77959
14545
57980
21838
35301
85028
72181
96622
45829
36659
15521
56865
21613
88875
7625
65433
42388
58900
38104
25993
51800
95458
33784
51237
62184
87545
38999
94295
53519
87206
57828
35852
31565
18151
23833
91475
26475
36816
42689
32013
69856
39262
19462
65274
47953
24133
11180
12361
52684
39049
11403
7150
16682
64102
27171
35562
6166
72788
47923
5435
89870
26590
71989
36883
98829
60333
85561
75186
99089
79498
73133
56322
33511
20353
31810
63237
59319
90781
2310
31152
3716
25977
5478
66401
77461
47015
9819
65463
23578
97069
38866
59462
84745
92963
33900
96372
11197
8622
98097
19459
95139
87160
53625
89827
98557
34236
544
74728
44096
22792
42266
69106
60431
74896
4013
29224
31370
43028
39987
87294
46272
57347
56539
10181
70066
67740
26103
47413
52102
68677
31901
48665
50194
95364
13381
71292
28317
38125
42519
42849
37594
87942
26905
6578
5394
63787
20654
59832
8090
61915
36434
87597
84701
13718
80898
26518
69593
3665
88551
60882
80939
48577
61230
35354
39426
20278
18529
3400
46442
1674
1767
5675
37129
71999
27469
86517
71066
72336
15388
42615
38646
45018
78131
49817
31959
77482
80321
20356
33917
23721
79102
65631
2435
30271
36875
92326
83207
93635
2223
24943
67696
72149
39276
57927
85264
81604
32162
41748
24487
79019
39478
86363
25144
27874
55545
80653
10697
75790
28583
65653
40662
26971
10698
83161
8571
83108
23891
34145
36053
96884
18146
15764
7786
69837
89926
46904
86097
26724
38304
33491
69367
51410
68889
61891
63800
12206
37381
45824
28272
89229
59235
85184
55894
4039
66549
52280
40255
10201
86922
41062
89002
75027
33564
7094
34275
69212
54037
12239
95152
87764
64887
55148
3613
47852
28131
82096
99005
53361
81566
71178
15907
74310
45761
35510
42687
10105
94885
27801
99931
7535
40095
77985
23924
57900
83661
10316
13185
52454
24447
84755
68012
38254
57781
28213
39154
71622
76421
14376
1855
46210
95894
59341
44142
52841
44986
86228
92026
53744
47203
29373
88815
92206
56527
92393
53756
3748
22964
74035
39465
87772
63836
87581
60465
81336
99234
36726
89998
20180
21108
74249
33534
90999
1527
32300
55408
57667
61474
40034
93911
36397
16745
54664
66871
16010
96584
75252
84148
922
92993
25698
19114
98788
59894
50484
86873
51997
60414
30054
46931
37305
32657
88967
66948
29238
72171
97585
22743
81074
99135
25459
45166
24563
32683
64862
33245
72600
7704
8651
90732
42359
18949
8392
45119
17925
71161
58322
40212
31083
824
36650
74709
26021
53350
10699
56925
97378
65828
63692
74370
69736
77209
90277
81406
523
63942
52539
6375
69012
29662
22338
10898
18351
86159
49843
64832
33343
83935
22610
93499
36518
1640
77483
26792
65223
37401
83398
45348
75426
70533
9264
28279
86882
83372
35607
29520
37778
41923
59740
79284
18269
82117
38915
30545
29206
93014
97369
88182
44337
14066
94237
99244
22061
92967
7738
32302
72270
13083
44010
7642
93365
35119
89196
23788
46068
16729
30070
31147
76527
94043
18625
75794
51244
49997
64194
64377
86023
20051
97704
14180
63427
79723
68775
54965
91619
94195
39405
19316
76133
10090
48390
42022
48181
81536
63235
2876
48882
67750
69513
2657
2029
18330
62367
35324
2487
7520
43622
94890
53422
95420
84570
14815
58276
30399
58838
54967
61195
71636
79780
53759
49279
75438
27819
35419
25749
91769
26652
68062
73248
34960
74065
82494
81990
54509
56139
38194
39665
88002
39307
97934
8576
37233
40077
38783
31012
13026
49122
70831
43785
91339
80906
13711
51039
60182
32086
47215
47975
80620
88801
65035
85548
48361
66215
81285
56632
60133
54777
7707
84088
53347
12921
53214
77330
19715
71488
52069
72655
23423
16275
34959
69999
60653
14517
49458
69724
55425
40565
18228
60630
31442
15555
48339
52942
916
39209
57329
88501
74310
68905
77917
78809
49448
16869
26561
57234
88232
77687
68740
60806
51438
8954
10692
2064
14297
73607
4380
65254
34613
71670
55808
97156
85201
15294
37623
76331
46905
90476
25319
60868
29074
16146
68491
29509
34957
17037
68719
36863
38198
37026
90675
25127
81486
82018
37191
39381
44453
14151
39669
70530
40261
16317
48297
51449
27899
61175
59185
79690
28913
68239
59922
99539
38480
65975
38624
53913
65031
31255
80357
88001
23884
7326
85919
75714
65350
52500
7216
41861
49612
69853
44344
58562
90201
10950
90760
99252
64877
73960
44978
7413
71435
46924
96611
61117
78517
57848
92665
15364
9003
87689
59292
87689
39799
34732
50329
52091
71626
17733
68787
79652
46744
32620
35929
77943
16591
26631
28822
8794
2581
13135
65828
46280
93077
69755
74995
92212
84620
87158
45445
34252
38288
31367
52489
27572
33368
98555
2077
21226
5020
7689
58190
35706
95870
47942
78204
86293
15204
71273
39881
98491
71490
5389
28046
39542
53829
64830
40296
38607
79020
52619
54598
30442
41123
3053
55848
77076
66884
12827
50074
60314
34540
35020
88427
87844
45326
12637
61761
83730
55225
46126
55032
81145
15969
70066
3998
94559
63949
36945
37557
94618
16235
34751
18798
91073
95013
7698
59456
59822
42721
5342
79044
1017
16361
80856
13306
61885
25201
89528
95901
49126
90031
53655
71696
18878
83395
89944
39835
67366
5830
46073
87253
16641
30421
26604
13694
479
42691
3951
88508
19005
59937
76383
40054
20958
51401
81882
95750
66417
61844
37249
19607
7775
26849
62844
67651
74123
84828
80413
22470
43111
7393
22580
61234
43224
43794
67334
64852
49595
60168
35175
60536
90578
66533
87374
95527
49311
79977
87742
45528
93455
73293
14445
98621
38469
89834
92728
83642
2089
51811
84089
75923
86958
83388
33540
70306
93597
61091
74782
22620
43155
59659
52927
47532
85962
22785
62585
26043
1402
67252
94085
18335
57880
83161
50432
61753
21631
94533
25641
94518
58581
8210
32515
42784
82169
30226
25144
78894
10754
43144
77931
68370
34762
18311
83906
17958
32529
62642
99327
69930
90153
14231
50027
72733
1706
72019
26791
34818
39246
10178
88641
95138
18653
60565
4212
11688
27597
61294
53227
62540
12679
57562
52358
64661
38029
51185
9841
7073
59864
64323
78009
37953
59548
78966
78107
21384
18556
61545
32799
17648
55161
32515
5515
41573
83981
988
82460
31595
27638
39700
73748
94646
50207
53987
98917
33314
56727
14498
84763
57717
58387
54330
65073
35865
52533
37320
34844
94148
26147
18641
43848
5098
340
17590
42690
34507
64214
67108
87273
94849
6391
52040
41635
77471
53595
99485
50529
17814
78551
84419
28033
78234
20732
94784
42384
45537
24448
78552
98103
46280
2660
55202
39255
61372
91948
22829
30888
58964
55685
65269
76221
58337
82352
63119
93601
60081
77814
56057
52052
39808
89125
24498
58073
8213
3026
64287
64705
44189
82609
84403
64103
33711
76869
51008
44237
60035
20568
37978
40936
29609
80810
81938
28652
32228
80851
51329
21245
19393
25427
91987
51885
64218
5381
81258
92119
86089
79093
96093
63807
65383
63485
63900
56560
55206
694
37652
99653
40740
99004
49467
38675
96251
78994
11126
78568
86940
13657
65008
96977
59105
14678
19619
23729
95213
65945
95328
27874
66443
69095
11124
67824
93335
74670
91867
19262
82093
50993
99780
23234
90782
98307
30457
61625
89371
48235
82597
5899
24554
86215
72084
30591
39999
57447
40449
86714
27167
89817
96817
55019
8205
58966
98516
88854
57016
34923
55796
82107
82138
68747
9068
16201
76258
82895
31611
49716
71066
16091
82063
55929
97740
39599
49714
52451
57091
43421
54776
46966
54729
4930
65409
15280
88360
71993
28242
70347
51651
7114
24232
81072
50150
46260
33635
87180
14116
24093
52759
82269
99596
70681
65000
59224
78223
24475
71856
96319
94806
43860
96134
85326
99591
36657
25314
34786
64637
77526
60794
70426
86460
41982
61076
20320
4989
92220
69782
61348
31235
72170
91732
23450
69932
32740
7803
57317
22322
67026
22660
83960
14147
95456
52485
43109
20300
192
96962
43119
67844
45010
55358
42379
75335
29490
86462
48012
51155
86370
57583
93170
27990
92217
80741
57869
25485
2676
7003
72471
35853
50528
65632
54185
91337
85442
57301
68017
11870
81617
57216
82335
80237
82318
10885
73550
4372
86490
50502
37294
8812
67005
22994
479
8331
32093
7009
67160
91896
13880
66185
82582
85841
39374
87237
82619
18190
61585
89300
76791
12172
86330
11155
89810
15428
96220
86733
68651
74547
85407
12607
22066
5597
86039
33930
70035
96804
93276
73206
26523
37618
49329
60633
26039
62694
59791
79217
50225
60164
57575
55864
17569
52285
52687
29050
3213
46423
84604
29098
42458
9249
77134
10974
19381
31507
89916
39139
72053
54563
71326
18191
73950
74656
81718
84051
18733
57558
20309
19757
72284
91606
47843
23058
34653
37111
33228
25755
13535
71413
78665
75945
41661
76893
21217
14272
39541
38184
56049
94927
68148
45765
50287
48139
85779
8218
78263
19842
63026
35479
65288
4855
22709
44795
23983
42370
33525
61264
27258
34425
91528
19482
49794
66686
46163
1513
99290
95338
76951
66420
26888
31389
34777
32128
81514
66066
97729
20213
95344
92207
23673
74014
75513
77326
97006
71569
739
55765
61229
78593
36655
5650
47725
91601
75419
36944
75069
25840
78642
36709
11326
28361
34561
49019
68053
77465
91414
41911
22902
93323
5749
33837
79054
91684
33548
14760
28305
36297
92951
45820
47649
67620
71913
22435
59158
3985
26003
75579
88327
78193
214
95264
72095
17139
49604
93944
92148
60095
30365
76536
3313
62307
67656
41583
26118
42418
2680
31325
16708
33000
43513
47197
65239
30619
7033
19181
84084
43206
83238
9352
11094
591
49278
90879
16990
87896
31165
81088
77293
71547
86957
29008
79440
84017
18962
35949
71848
16333
18569
36760
12119
46037
30986
90181
76627
5039
27845
13927
28870
84710
73823
81089
99680
41416
13517
65645
28379
24865
63632
48965
74688
94283
86667
59867
10755
79918
61693
603
8268
74923
51555
72292
90261
27443
21643
60786
68183
92092
21483
76122
46690
14872
73830
8497
38772
90252
3137
1133
20377
51816
97228
85799
74389
76237
95573
80534
74617
54981
61137
70025
32371
58552
34423
14321
66425
12696
53091
84687
38179
58177
74926
57166
30800
62134
86064
97210
53263
89205
78597
47311
95079
89374
89812
18328
65799
70045
38443
19473
46870
5866
24543
60802
92012
17793
39044
31365
95833
99799
93913
75157
95506
4912
8943
70190
30956
37063
62834
56129
30383
84457
61614
17242
99932
11988
60851
79737
62496
20930
7710
50647
81801
786
90126
88344
56551
75217
66990
87566
13644
73393
59131
41051
2870
48474
29093
30053
65597
38778
92733
18974
30797
22452
22079
63605
53280
58124
50535
12604
3531
62168
36912
25832
97093
70232
38370
3091
91825
73336
12978
92243
9118
89492
53728
47028
86004
82314
34536
68046
68300
16525
89288
80566
38923
46500
72156
33231
23435
31583
47110
66181
34322
76775
81068
52249
82853
40748
8540
10772
70603
61938
22771
74686
61970
36968
39187
69016
84209
56404
18384
12299
24491
45387
56862
19830
4880
72846
55868
2285
67996
21849
43999
47139
31683
45758
61326
80958
58735
45739
96669
73994
32894
62774
13604
22412
52519
33512
25395
2016
62784
70834
82311
16511
30682
6287
95721
95014
74772
55328
25173
41406
57122
3419
52917
12667
43827
87911
50294
98571
57225
75632
81781
72009
45689
81609
9224
91800
86822
46214
83383
18524
17242
25355
7329
80538
9550
61049
50584
79238
87047
92988
75438
78961
88052
46779
63564
47436
80153
89393
83406
82293
54631
27803
75256
45249
66830
34570
28813
94700
91465
8952
82282
81523
71068
74303
35669
19405
64163
49459
79287
58129
14144
21363
64871
91636
47093
9233
29884
24941
53971
83939
51706
31275
42156
81017
6374
82820
48801
69499
43692
63696
60342
81346
76879
24837
70349
63843
37860
45126
76073
36995
39294
27425
26938
18435
19196
39209
71810
58502
94348
86603
84300
80376
96634
4604
90371
91701
18912
5227
32244
92986
50523
92937
81201
29116
94847
95347
69732
892
98893
13558
57180
12930
73770
11469
86085
29612
77924
11894
5594
88215
28907
74351
26516
90394
92781
64034
80594
65773
62245
67718
43750
63676
51174
4430
40888
7320
88673
35472
65383
4498
74989
59935
60719
92374
51237
62063
45037
39364
92326
58461
47173
34480
50852
4388
43591
2531
89013
95587
79633
68204
40241
27528
51748
86678
24291
30448
48907
74298
73420
39436
53792
85714
10715
41644
38037
61254
92671
37430
66345
6935
6504
4150
69526
58355
24055
11303
40577
66366
59130
38466
4607
31114
61983
35790
19466
82219
9333
49292
12042
15504
38612
39302
8473
36982
99836
80090
2881
28049
91589
8473
81554
43713
95229
57425
27711
90514
76148
39410
85639
42073
31267
4622
70990
71864
89218
76535
13586
18897
8929
15541
55253
5513
96442
17122
78722
52160
13250
41530
90328
13284
96589
93605
42082
52886
83975
76440
7564
67993
61377
71389
25843
82725
67796
62994
37067
5832
94104
40732
72843
53701
59856
48202
67877
12837
55578
10790
63658
75497
26587
9770
6238
19535
88251
20780
95072
9714
81265
41323
50432
33228
29972
7361
75882
39691
81367
5492
19020
49677
98053
67369
92171
31164
51414
31146
26366
41383
34645
37732
93273
19277
73615
6511
41811
33424
5189
15191
83737
87113
67382
55852
54274
2417
86402
98930
26234
41016
81010
62747
17706
33221
8672
21325
19779
29448
66716
62250
44777
1824
38595
60030
40748
50574
22726
66077
59271
84334
37859
85004
79530
30186
32368
12607
96265
34350
65705
39074
25047
80145
930
57194
78999
7753
24939
97790
46981
7065
23894
65845
27856
19400
8560
14019
55083
74236
2349
19981
63775
21920
50922
82518
16264
55277
69407
22086
77474
41489
38511
98399
96653
26881
13185
82340
74805
58365
11063
89872
93152
25078
4415
4604
88840
71300
46733
10240
7127
49441
4213
67631
8326
69472
55629
62183
36010
66831
21583
15074
8182
76671
80928
37833
26150
22880
73705
36973
3179
9257
19505
98324
15990
3653
65035
71756
89423
5997
50324
39019
5641
30243
63155
35065
57088
77641
28869
27172
26350
25765
20052
49547
76730
89443
11296
20784
74384
68074
16075
26818
78238
93527
53395
45867
32125
52723
6549
98379
26195
98062
29451
82123
98904
12554
7242
67379
15841
83239
41424
51002
56184
64729
1372
37408
90012
69386
13183
95318
58272
13336
72134
69826
12592
81756
9036
47667
38706
84055
83453
88141
41058
31711
39033
51932
66968
93050
70419
81461
85648
66710
79988
99362
79640
47133
71552
21986
66645
88241
4557
4085
86959
80010
78954
57203
7554
7212
64458
6819
39952
40778
39022
36501
65091
18159
45384
24551
66282
79439
98580
73611
24967
78483
58465
88606
17193
71947
99718
27441
26474
83525
42190
25372
78467
74109
51832
84121
72792
69403
63838
95615
34468
75953
39972
27333
6744
41964
78764
98573
22203
26605
89362
82469
14665
30612
43288
82656
53237
9915
55811
2780
18355
46433
27464
8972
44693
54177
91297
99614
41735
71906
62145
29182
68632
9787
29436
42594
79299
29382
82344
94490
38846
12639
82867
83613
71931
43707
43909
29370
75212
16414
39748
36594
27662
45754
87271
91966
29757
15447
61444
48961
28548
8277
46663
5948
49541
28029
39838
65650
58747
68616
70059
57112
50387
68659
54163
56909
77030
51123
50278
3366
22042
15199
27594
50646
48889
42969
93589
86850
60728
55781
31691
21162
66158
1320
6863
63625
58637
46586
67065
67884
73736
26622
26404
55819
94529
44518
81058
3505
7931
13389
21165
76204
78042
80330
49415
82367
50457
86161
55479
24528
72587
21142
94095
42628
11952
82417
78286
19517
77152
6051
72089
80934
72282
92776
16685
99040
55979
31793
28121
64192
12347
96416
55572
55997
73295
64009
93924
4867
49601
6938
33517
1345
44744
12035
51276
65823
86671
56405
8943
50521
84807
86810
77947
30150
28554
51044
8427
42438
47008
27825
16730
91872
77969
33007
52378
1478
7861
52495
91043
53164
48556
88633
70907
19745
3135
65864
1142
36383
10995
84716
27195
28980
25229
76276
53664
87517
84912
88033
77508
14968
68511
32833
792
45392
69686
57692
32575
37
47318
32981
56126
60843
81182
47509
3950
25735
47823
82725
55200
44363
9108
61645
12947
91008
94852
68856
72669
85238
88299
17949
10756
22113
59859
66236
75833
28247
7979
46612
70930
34650
38262
3235
37432
4425
96040
94274
8928
19912
17273
98605
29657
87289
35566
8393
58169
67734
24359
4792
9737
92013
30356
10596
43804
54428
6488
75971
24158
17503
31755
32681
42415
45896
95935
52360
23132
48004
75871
92560
67339
1523
40204
39537
80766
68993
74154
31006
48092
27063
90344
97533
60943
66775
64042
39604
53080
10873
97599
6145
83576
73430
55586
36957
98724
78026
668
45387
16735
85887
84540
3563
5289
45768
65995
4034
39846
65171
83780
37712
12239
6323
7050
53525
82889
10686
3044
58233
78618
33943
64601
93581
42015
22695
48029
5884
28759
94243
90039
49719
49590
20195
49006
81336
95720
57510
63863
44547
37952
63588
28336
54923
59102
37659
68680
90868
96758
20997
73192
44851
87767
97533
70228
40816
14376
73425
80044
89272
34793
9857
678
45681
73925
49368
18325
69915
30402
63688
63867
18131
74649
74889
99273
6564
54624
12078
14427
76044
23572
70274
19313
93323
32797
88975
95558
10494
13539
19277
75117
83311
22048
55742
8833
78243
49750
86318
78654
7071
13685
21889
64818
62182
42273
11251
61386
96247
38503
90155
65109
44494
91674
65926
3012
36000
46019
99991
33370
12650
34641
27286
7890
93880
44336
64871
17329
77391
89992
50235
95236
70195
20022
85577
25740
81716
20287
22059
92429
29571
35811
52996
17691
24065
23507
88424
54347
21160
5755
91768
61454
74082
54540
72117
72465
10281
59302
78818
9338
16330
38088
61763
23187
28883
97184
54035
71345
21593
16081
80601
74908
88841
35015
30697
23526
87697
97658
80536
26571
23422
75829
82624
11874
11784
80350
32408
68274
12353
83726
45241
29137
46454
22573
34298
71460
13284
84175
90663
6081
72565
41898
65366
39896
73377
93396
48443
56362
48535
95155
14956
67670
75626
68255
53968
25850
49317
53319
98655
37774
94336
67248
53171
96605
95458
23418
41712
17595
20560
20929
14974
49833
64674
5299
74397
93490
29937
45862
47448
97920
85455
53977
92797
80803
60227
69793
84032
6440
59330
96822
54169
17471
21537
6063
78457
47264
75792
37042
98541
11131
26873
713
91042
27752
689
39976
56486
84421
6822
81862
48485
55250
85304
14801
51015
94063
7090
26966
59158
72929
753
62853
28236
66432
86356
8057
56490
51235
17797
90375
97194
22949
18057
72529
22687
13447
95335
75218
7680
70378
80478
40347
75294
77812
9044
18272
45207
61911
65643
80375
65569
58935
8230
89642
97533
62057
76369
86843
83755
31909
79726
72544
80968
30704
51159
53342
29184
50431
44798
41905
58119
80085
34383
79221
65021
26838
60768
16262
40427
24934
61139
70609
2427
66489
84562
53433
26980
85159
42736
8869
94705
90940
88227
74808
27116
40596
56079
33184
1694
60044
42574
50282
93145
68675
42762
84247
65379
1749
35067
14963
61251
37604
18292
78085
57517
38931
22602
20323
53116
85261
78001
68871
21411
94771
23522
38698
72350
99203
61849
204
58153
45094
8088
39841
90498
17170
14564
87318
38346
47693
47616
10782
23618
59002
50127
53084
37852
94079
94142
72696
32093
69124
30267
55591
58547
59651
55924
17018
43136
1929
10121
48399
34660
54936
85243
57249
75062
23400
40813
44841
31614
60079
53155
92908
5219
89634
50285
15181
61174
9450
55569
50313
94768
33162
73223
50839
88743
85888
71530
86043
86049
55340
63951
27684
83188
60482
15630
62050
34596
65904
57546
90930
86904
53621
78574
73659
52928
64084
17814
69951
57346
10410
31177
61327
9142
10994
62750
86297
9918
36230
72629
49171
37987
46358
39709
84050
51683
93735
77460
4346
73929
71331
86352
48856
32985
93927
80047
56911
92771
48158
8788
52578
55680
74430
24026
41223
97322
90206
83241
25550
61761
6443
13233
49236
74052
57620
50698
23321
32277
8563
74223
26628
98439
95498
17226
98101
78223
99523
4440
26276
52686
73439
41473
6440
14818
26108
56040
53998
96755
11853
19607
53068
49253
30925
8764
74122
98540
69834
26637
18870
934
64973
4983
26193
50256
97693
35707
30840
34549
16713
79811
41257
51175
41927
15288
35013
81129
71608
14599
77052
10577
63550
63754
49886
94847
12562
38879
28770
54474
57418
52189
15106
49343
30114
26396
78636
67531
22017
92989
34955
13939
18258
27540
24212
17586
81560
9835
11987
78339
48339
28632
2365
89684
73627
16780
11874
31473
90330
87452
95925
53088
64145
38353
35747
11703
78698
16088
18185
34573
8495
40249
88333
94395
87412
18162
30663
39047
84544
79147
68720
4497
81473
10568
36934
47257
52839
54683
24790
88184
74481
96150
18265
31269
28005
8433
685
45537
45847
9330
52776
44605
94778
68076
46180
5957
55559
79891
96188
55905
10480
21879
80946
94139
32490
50832
47142
69649
89363
81636
7240
72987
3758
18726
59251
51781
29071
35108
55684
64408
26655
96479
28077
44412
64012
38976
48568
74452
48103
28470
3938
48498
79032
62372
55318
33011
27110
44119
25845
21612
22968
18250
83970
44778
24120
87078
53514
28568
55259
76883
98652
22150
56339
66563
27858
28417
8443
26089
99766
12012
36425
47774
29354
552
83802
71863
19641
16341
90851
57395
1168
70959
78342
52284
75272
49091
54896
8277
79378
13539
57708
8455
45667
84353
93101
88270
53550
19334
96948
56268
41732
48838
77023
95189
15896
24294
64830
69599
25684
37187
39583
9025
25149
66154
6359
59135
67050
66959
32896
61437
17605
54130
69108
44638
19170
85852
71167
15099
36678
19736
13623
44190
55682
60707
55865
47513
45063
13493
23165
96123
89459
21946
76964
38464
12619
50048
92606
12781
97305
77839
50514
40938
89233
4772
32536
35956
71604
59783
70129
32892
27979
8476
81179
70821
86674
17162
29034
54834
99294
89142
64344
97143
32032
48700
44334
2704
52426
13791
29349
51967
9698
51130
82044
86285
44275
45306
9869
40706
1098
72833
13438
38599
73720
83717
46698
27851
43613
98223
32773
67058
89390
91972
27747
64003
32252
62631
91924
24431
83920
79399
17722
66938
2627
57844
13242
48039
85894
44271
68483
37259
56895
97998
37665
23533
50896
63480
99389
91049
30072
66579
61707
81684
88508
25163
79578
72021
75832
30068
20704
99677
65888
93650
35241
75406
66166
80369
33670
86460
58050
57042
96382
11992
67541
96465
74910
44244
48008
54753
20394
83929
31410
21542
71725
9671
62882
83044
30939
34543
5333
74639
86507
7509
43141
22403
91104
33278
65285
22663
60828
3571
17136
51991
86869
3365
45461
28166
52463
79258
28582
8372
67917
98579
59545
80441
83837
49545
88477
77883
94172
8018
55731
15996
76734
10128
75925
20110
61825
15330
83943
57195
9325
86912
50187
31380
4517
95090
23633
45917
61330
54292
21675
65731
73997
85615
53749
13995
1699
44650
8935
91459
12041
46631
27421
41440
96202
34426
95209
82200
10607
83646
87882
72433
13648
95296
53753
84268
11217
14270
58205
84584
30886
66504
55246
10887
62841
39125
5078
17361
7327
56757
51755
6808
22214
52411
209
71535
31126
43311
53107
67676
10689
35777
31768
16051
48655
61592
17281
44387
65650
13397
86786
85885
63612
63734
55458
93004
96283
36288
51944
87727
59928
11966
74413
88749
30737
66438
72245
88362
39901
5845
42274
49722
62162
97631
46097
95874
87175
58730
68952
8671
44056
55454
71722
89502
98081
22223
91781
66885
6697
33104
96238
85769
83155
45834
26272
17643
79988
70002
64501
91236
10510
73558
88641
84371
67604
30350
55586
84689
81106
95475
45683
39701
95514
45136
22381
6158
78086
36385
30738
18576
79698
32461
86691
27618
7437
33535
60260
25695
72131
5596
3172
71320
49860
59131
20129
54878
93172
32102
35743
69626
10341
34661
41591
11220
71053
62820
28538
49850
54907
98077
19339
62621
82926
71552
50808
44931
98997
79213
90406
43589
59265
96697
49208
63435
31812
74952
24452
31550
74176
97545
6006
46820
79475
9540
98675
4304
93743
78560
35205
55350
83878
24327
82923
98476
94902
22804
66801
18223
95513
45504
34960
18691
78697
74324
8512
71577
91970
41872
7700
67417
33118
21571
41401
6346
7159
76214
78108
57755
13153
45606
80832
39460
27956
66310
57221
64925
42680
26830
15786
82002
17820
51823
5846
15004
31691
63650
28183
54827
75580
33493
11270
27784
8171
68430
20349
31618
50166
10524
51231
96858
24908
25190
2748
23839
57878
88923
86886
33704
369
72701
88820
9775
21968
6536
9998
21220
4887
967
14544
28066
65991
57736
80271
92926
5271
739
22189
93182
53732
63229
68042
99117
38951
16945
72706
24850
88778
74808
24539
55320
11861
84743
73989
7564
11814
8099
36096
44089
55697
46288
60002
68567
54377
60666
95479
47645
19936
85895
1949
22480
