10000
28108
48017
34769
3966
6439
95228
46372
94181
36285
34109
26851
67604
57835
91515
22862
75283
44040
84690
20592
96606
3907
97406
65265
75060
82968
17460
31580
20226
43813
74400
46234
46564
67903
15840
21060
2678
33218
66275
44020
20004
35323
76670
44817
69860
54583
80431
1000
38029
59266
58071
26444
4503
66800
53363
93155
78318
86271
6816
90929
33902
20812
44577
17833
3165
48544
47568
11384
5282
12740
96590
98598
97401
84028
82546
82239
88649
64874
78464
35983
96749
68739
90854
28061
59551
52079
20592
75808
53012
7066
10176
64329
26802
74401
86783
79904
46198
39447
56273
71997
14246
30693
37124
17672
21989
3269
96752
25890
6650
9402
28112
32773
23420
58769
6772
29270
52389
2805
69645
45472
83855
71894
38633
85338
61707
25145
89490
90201
51721
2123
27151
77536
26087
22092
9821
22981
88300
5087
45178
8251
38138
55761
73291
72323
6823
45029
43407
33261
33528
63206
66820
30646
98778
43793
59436
16388
50857
97183
46994
99479
94680
31701
88403
13521
13752
7417
50451
21620
44225
31461
92260
59396
96208
36053
5287
35722
35650
9410
80986
76888
96179
19464
64369
16457
67698
55312
33951
58788
51915
30057
73372
93642
75416
55696
16487
52683
78252
99561
59898
58087
59850
11719
8629
22658
78289
38748
59326
21068
92900
87755
22952
29652
70574
13399
37671
93812
7627
18375
16493
83545
17388
98867
80764
93922
15847
36594
9407
728
36571
2344
31461
78078
22506
71070
41439
50570
85470
72333
70898
68757
29790
65271
65818
47001
93335
58735
17647
17016
81612
61374
34692
67009
60323
74262
5843
18241
1440
49963
73617
67150
95620
5371
39900
47072
25570
81154
35803
42593
94389
78843
325
97250
52691
4824
41647
28202
21409
5791
14604
11811
30089
97873
59384
91343
3403
90898
17233
99129
93458
28684
35154
79482
11115
27454
75269
32190
18548
74682
7513
79712
91990
77962
99992
64364
96351
60253
67204
63121
88669
66606
13379
39984
40175
73544
94277
44659
20770
72617
29394
10234
88694
90636
8176
2723
93928
85805
63964
86297
45026
96121
41129
16158
38195
30776
40810
33033
4244
72910
68094
39776
54738
62797
26121
22759
33692
60979
29951
67571
36403
85135
75088
19057
97156
25827
30242
37733
19974
11310
22401
46154
28350
8102
95856
77618
20012
38923
27002
75462
94612
96342
8076
23385
81770
77083
98318
81471
4227
23437
74328
74605
42482
72809
11262
34841
69732
17775
9797
63395
82503
87815
43593
75300
43389
92235
66465
92418
22975
38820
71642
75854
44192
18705
73274
21501
59321
70504
66700
55230
39977
28167
47315
35694
72011
85823
70050
78464
58667
43113
59686
70107
65032
93867
28033
32578
26855
94369
74446
47984
74613
35586
62791
19232
30020
45634
55730
9961
66419
16340
19301
39581
7
53606
43307
66190
49177
57252
99385
21067
96831
6486
2629
91490
13855
20097
86383
95937
84436
2136
45786
35591
46187
50688
68935
74
4348
75217
32945
10237
19340
83814
51025
59367
27077
62364
32382
85177
62955
74095
73146
28197
20847
59434
28636
17516
14806
31639
88915
49535
46744
49200
40779
73639
28366
36780
1930
59241
94610
41889
28836
90800
19435
57595
60408
25928
50418
49848
84885
64652
71001
28038
61385
30769
46355
12144
30335
815
43954
77626
22959
68493
94041
81285
33283
80279
83400
79376
65027
58154
21976
27557
96581
60159
36056
19818
91619
82798
94245
69499
10950
45593
59474
79266
90770
27479
94616
82942
71921
98416
33325
71400
59733
84987
52458
22334
4484
51297
64710
1583
9707
52605
6536
26977
82902
77181
78653
20415
35165
46060
53619
97679
34815
62286
89772
2122
69619
97361
67586
10238
36494
21966
95068
75776
77671
61971
89958
55121
9280
68947
72958
60251
14094
6130
74879
6967
87377
85575
3445
22881
18252
4996
10351
79583
14752
21003
47358
47514
51283
63955
8230
92976
4484
91227
29961
22845
65349
66746
93596
48286
50613
6457
58875
647
1995
50034
95893
58722
79152
60151
54149
27906
75664
59235
14917
48309
89509
31965
74026
21968
50843
77217
35203
60128
8221
91684
708
22543
83871
72352
53936
90329
62084
63555
16417
79867
49108
31782
14039
40685
90687
42521
77568
79981
60978
56236
37328
79532
3536
50191
71050
16788
86015
54493
37134
9695
23536
14487
72148
43704
77580
34752
34365
72317
13071
41798
16487
65333
65968
71434
14720
23024
85836
66862
16764
38665
24133
15601
4425
58298
39765
17616
8931
54111
52169
94983
77865
81670
45926
12323
8803
14083
90816
71176
8017
90777
61204
6766
16149
38078
8311
76656
16183
59945
14718
97954
25878
21396
21595
27072
28038
84322
90572
67133
52093
34650
58675
90489
19072
23211
99882
36846
61482
46099
64697
40260
37798
44629
64057
70520
85942
68801
77092
2475
19442
92728
56478
34820
69561
25057
68901
69903
24789
5081
9603
19291
92064
96369
19819
61749
41473
5695
34023
35714
26150
9901
33358
38076
5070
43149
76355
71020
33540
42230
81199
48827
49744
34912
49053
97394
26319
67821
3413
75552
91777
7599
643
75934
37218
80221
82940
74060
75978
85823
41501
42888
30114
98171
86347
4622
65117
75494
42553
78932
61754
87953
54600
76793
4741
77753
54711
73119
51444
91252
77922
19841
85179
51531
80405
99018
91419
84136
18976
81560
54206
46511
36530
1770
50575
3388
32770
34701
55867
9842
75900
66195
39493
3055
55026
93789
79646
91951
66967
91339
30342
87220
48687
47140
80702
91512
76457
63001
31865
4314
20351
63563
7708
75460
62549
93511
78494
35768
88126
15810
59723
87253
80141
6799
62697
166
33048
51583
28322
93510
80327
70836
74968
58999
95813
4505
636
28730
52254
19239
97613
54187
17590
95703
86221
18957
12226
62475
92977
7367
30907
69298
16705
94576
96729
47904
18876
11391
30918
83267
50212
73338
5389
69130
61826
80343
63059
59704
93004
3296
92193
36631
25030
17654
45529
74583
99569
77225
66902
50008
72907
50439
90367
14012
39996
5179
34751
35224
92161
41589
52010
35266
37053
32750
87241
72691
86469
62734
21996
80750
25387
29630
1038
85370
9711
2844
44794
46810
50671
42894
78171
531
60491
62245
85775
66004
69675
50726
60656
58100
64431
48513
26167
92733
81893
94187
96501
7134
73911
75854
57287
46678
81106
18792
75575
72388
61164
11014
55594
24711
80722
2872
24727
3752
14895
25985
13211
74130
73098
50076
70512
88480
33836
27858
72063
79378
25081
36647
98980
97994
11480
92417
24196
71322
14881
47415
51089
4165
64785
49777
19176
66783
26239
21664
74323
61623
19025
45432
68859
4096
5824
43642
7303
35002
8463
52174
30419
48504
67875
97231
1603
39549
97364
58342
87825
79140
98286
31513
48451
17667
41923
99682
49903
30079
27006
54072
11635
69923
60203
60354
87160
34889
54206
83192
74480
15687
56041
55054
46949
59972
27971
86098
67732
25361
11503
66246
98922
97519
63257
52638
7365
35968
29044
82788
35023
74519
6164
15463
95222
48288
94254
214
5467
65767
29463
9569
81479
24151
80968
55395
39591
14523
93291
90464
33010
95125
86443
17402
6399
74022
4493
5674
32856
98399
98016
93585
28701
56252
82322
84175
92252
28914
61932
65819
52671
24470
73324
2726
64980
28903
3577
15977
8949
1795
50927
69120
48270
47910
26556
69794
80928
60229
62905
29908
16412
67407
80358
22008
64197
37628
10384
37840
88079
65517
47935
5332
22549
42900
32292
30416
43599
39500
56769
26716
30973
45619
30063
23837
69016
27519
5649
71050
75412
63053
31874
54225
97473
55387
79998
55122
7265
26842
76656
52652
93522
52113
81595
24666
70904
33936
18588
56672
9085
63359
79528
94578
65432
77781
5207
48328
32505
72925
71766
93141
83016
52124
73207
18623
25142
55417
19883
93923
60362
99532
664
68615
92529
90619
87760
74521
4014
61481
91845
41379
11650
92912
97930
13477
85201
21814
1756
88304
38112
90121
44277
50228
79526
45195
81724
46861
89109
72698
34290
146
64939
46889
31937
15680
40533
61759
11190
45703
79496
72424
84270
94125
79397
9695
17260
38462
76495
77153
80434
40725
50797
16778
18598
66366
67548
37723
56266
71978
40850
1615
35250
79809
74877
793
87991
87417
11184
75750
24768
1611
79261
80491
28771
1102
34340
5413
77985
93113
83491
18018
88813
74775
92130
50740
29795
53236
50658
81181
23352
34214
82623
40406
80668
26126
3519
10477
63103
97755
89141
35496
28147
72577
96509
1316
25066
86143
24940
20189
6357
5683
97872
37932
58853
25679
16367
60190
27134
91691
79940
22238
46940
88359
55770
82124
72004
64135
33781
24938
15156
14690
53432
2024
17634
72923
53528
38663
58471
43457
37026
5725
56007
87847
34020
45807
1699
29640
32755
69287
14983
15296
95175
96999
9379
85819
93020
4864
31320
46434
62880
65013
32753
21444
74870
69049
18936
61126
32978
9952
29846
66114
34935
95976
51572
54076
11590
24412
7890
85806
56759
41909
53479
14828
92763
25467
76377
91134
84231
70815
91994
17956
32336
53982
164
23695
70224
82873
75707
78523
73345
81157
82734
48999
75994
93687
57347
52930
44684
73057
39356
75121
88672
91714
59685
97169
83132
80702
27194
92563
86303
1526
18355
56323
14942
49114
69011
9929
8111
61942
59465
40000
47684
6433
1578
60560
66638
1807
94607
48498
27264
33913
3106
98025
69117
81397
86986
80123
19062
43624
92650
45522
57874
72615
42151
94197
42970
82193
59914
87825
47545
18939
59081
93629
65016
85559
793
60725
75214
26254
51978
132
67057
18699
31456
76837
36730
5367
72258
34181
51109
53130
75524
75024
95906
62701
16726
1691
57326
47904
24067
31393
16438
56025
51331
6347
73521
28447
71018
9114
77841
57014
9440
45039
3946
54796
87222
93660
11015
30925
17553
28380
47495
85900
39930
25555
87497
56619
93140
5079
54971
65617
3804
39729
37432
75864
63911
63330
43080
19187
56341
64055
21334
37068
39624
85292
42377
46564
66831
22315
91009
34018
67001
9576
88283
77114
85356
55316
27250
35566
58021
72356
19008
22887
22214
65449
96935
68626
59549
56461
23911
24428
87176
84429
80069
51369
89868
71138
73233
25593
5666
54427
20970
65616
77146
88247
61865
21877
30078
3614
13650
11109
64045
11923
24599
88028
73483
1806
87235
54880
26497
83815
91016
79729
3901
99287
72255
9956
77422
59482
72492
11320
20093
27107
19406
91769
89805
73986
13690
23531
60654
56117
39016
25883
53706
64200
58657
62574
74961
22411
73899
30050
58768
52588
23052
12543
72978
13201
35862
49114
791
4355
22288
48972
61401
28995
49659
60047
71228
98087
25537
78080
92351
72454
8523
56205
20960
64327
85256
37907
5441
59932
91811
40582
79765
90207
44337
65315
5396
54999
21750
48077
75042
33315
92486
59435
75165
64874
45980
76508
34920
82069
54063
40230
82909
77040
83784
82705
69610
69132
99642
33259
39169
18141
39525
39857
43979
49704
1278
11303
79506
97932
82562
69164
42492
63750
18445
31773
88453
89650
2701
90302
49686
80051
31375
36643
58264
54225
41755
74626
38774
70387
72161
11086
64659
70747
9149
87840
48238
72823
33865
49675
95143
24781
81422
62093
50812
94162
34424
49155
10291
34110
38606
25443
85156
39120
99432
53161
57167
96282
90202
9256
54611
39189
27042
83559
19436
64130
68779
69219
77615
14106
91114
27644
18331
61501
14244
34525
29614
68437
96723
29106
73094
53509
53387
70659
36370
3733
28489
92778
37350
46369
58830
76665
45922
48167
48014
22349
59095
13882
29903
15171
22558
51684
64328
72776
9248
45294
38131
92814
16709
31059
47389
122
92300
23032
38646
16019
98448
36780
18334
31068
9364
15804
74424
77854
6406
54730
70361
12272
43985
50018
34608
62366
19648
95357
21190
45527
32662
83148
73765
22560
10515
15144
93066
96531
53096
58891
50853
65387
57964
73423
5579
92820
97137
54675
8435
77571
20195
87828
70493
89110
1938
4999
49212
47639
47295
28326
78121
11654
48076
37412
976
36736
73461
11059
32899
47269
8480
30231
19238
37988
62858
2034
80251
52746
11298
28815
29563
23797
76295
56075
62415
43835
40412
43044
10724
47237
68254
90328
67355
28242
76630
65270
95373
1404
589
66639
38655
23886
64226
77884
37833
41576
44836
2263
75184
72810
67545
6668
81929
47973
79785
52415
80491
57625
42875
59336
16944
65012
79560
13247
6131
86558
27842
72526
85669
47211
86448
25756
71682
45328
17777
69252
536
45141
48011
60616
30555
48165
29747
68793
45411
82065
84132
71312
21234
26941
73740
17666
63971
37549
82411
54196
92788
13394
5099
51588
83324
22846
7091
61282
710
58897
37176
94557
10841
77958
32914
69015
90180
74601
25018
70569
62577
46458
8631
81223
57362
96698
91113
60920
87969
59506
72113
27420
17044
9203
56859
7259
84734
97469
97671
53171
36247
51583
88646
74085
41541
64106
76577
49199
88144
17424
95752
36168
58913
58570
61423
42344
66149
40512
60237
77090
37339
22673
78195
61806
38976
52836
86419
43729
84239
20352
28329
38433
41544
41517
60515
17457
67383
6173
35267
1764
39863
34773
16898
30980
13346
76009
74490
33071
32532
4999
64130
66632
89289
9514
34478
25485
12096
40715
80914
70989
9459
34804
54263
17890
13544
71508
33720
25182
41718
97348
97688
46770
47418
36147
47377
20757
48535
81361
29805
27833
91116
88655
31890
64913
12805
13642
18306
11551
70791
33586
84276
15465
44875
86609
5347
44634
84833
19460
91890
29575
3596
26559
34708
23737
17280
94118
37275
72384
23008
33714
17959
99553
32484
99239
81709
53472
38359
37535
23044
19587
41668
12633
86939
60298
81356
48118
37567
41952
41482
54106
93492
7381
89073
21276
65306
96214
3019
38104
13129
27195
27566
42047
47160
35578
20045
33165
31517
59369
61504
60327
98848
4994
31788
47751
12702
96029
29246
58444
55398
65748
12248
10160
39840
46553
74736
39221
56850
65373
54758
54797
75988
59278
47463
18558
44654
57761
38920
8288
60356
20262
47585
30353
98559
43922
67936
31212
68554
71233
46272
21108
27372
42464
77904
66613
98582
49035
81319
67112
67680
94398
64169
25602
7145
30621
41490
43336
66140
10574
42992
43395
33533
64238
24524
3111
76001
8254
61360
75225
37168
10617
45809
54739
17579
84782
77862
73238
6799
68848
59361
48368
15119
77521
99316
92521
1313
46980
12220
85687
62691
33307
96805
34582
58993
6432
22025
55533
41952
88553
55121
25903
96080
32006
2237
97831
73806
97625
89377
50976
56713
21354
41802
90331
32350
28428
95106
31099
30623
34658
74823
92547
89352
75993
91667
9160
74745
38256
66994
10618
56929
66289
28078
92658
93199
46493
1076
80442
47296
74062
11844
45064
51390
60986
15271
68818
43310
66893
37902
36066
60273
92003
3490
97686
57435
38438
27535
50257
82347
24681
43841
87763
18780
29329
41599
13961
58080
88717
51758
2616
2609
11995
42343
14919
84523
33687
56080
96459
69141
86459
83686
57378
53731
27345
35865
35686
92181
965
17409
70367
34334
83030
58818
10013
45382
16111
72760
90314
30276
69997
8903
11086
41404
74016
52672
10592
91301
25957
50029
36690
42290
27245
96446
34916
42546
68516
30652
92037
8110
97470
42952
22104
93407
97834
89666
70621
96722
98398
58368
83254
43108
88560
2413
24195
48617
76022
46738
56896
34988
8558
35337
3946
83666
86526
64178
34634
4407
87300
99627
93395
95606
82347
13636
95830
53351
88843
15100
18132
94277
35368
51307
8663
57748
38919
10047
6410
77441
40153
47794
59156
94854
75000
17919
34991
81301
91006
19452
56374
57260
91886
84373
2980
69824
84266
1600
65515
49213
26038
94025
16795
33719
67812
36076
26159
54983
72624
30143
12838
30947
27696
2900
36863
16500
71363
81376
52088
76475
92671
24131
73189
79129
38590
70803
16440
79731
85624
24316
75457
53268
4315
75910
67219
31729
29144
34743
42443
91855
587
12108
22933
55841
28166
82867
11194
51729
27824
24170
24781
45000
22598
74608
33987
80058
50425
31513
61432
13906
42219
15209
79187
57414
93061
90384
18335
54694
98960
73812
72066
81189
76977
32506
53085
70212
91413
22248
11028
8532
93588
65769
62413
53831
20969
40120
38
5686
60860
97204
76888
43986
43080
74261
36447
97679
27774
82461
88491
67951
88666
63667
38816
82129
65885
25736
46651
2747
54312
77692
17090
39391
38568
21465
74917
46200
37578
4598
87100
89032
74
92990
68984
9100
12802
91356
76233
64250
11924
71524
7570
3839
63618
95419
11780
87801
41987
69088
27136
20230
43226
76185
39283
13236
24927
27568
74769
4151
375
37491
83577
25965
43075
74178
69546
55746
63294
85297
73134
69632
6872
1020
4823
90829
52033
37383
30723
77312
33601
48002
96086
70127
28574
88675
9523
36869
23627
43473
93970
35910
66547
92696
92406
10335
88823
29157
50393
92909
35888
53362
91922
5886
73444
37758
76114
53150
82820
56114
62133
29505
14647
49412
6942
34507
69223
62992
36889
48007
21071
16242
50657
88353
83
21824
77838
92602
49610
45673
77330
70542
1256
85232
23397
76993
63606
37102
69731
68469
56412
4759
67568
79942
26443
14496
2263
37098
7008
53897
97711
33588
40100
93303
99788
12478
89149
32268
96368
32021
20218
28198
43168
99798
67423
9948
4706
82814
48429
13797
86475
48781
30540
26713
86396
33093
78407
74554
21672
66542
22536
78020
53251
22691
31808
47472
14960
78558
74789
14666
12759
99329
41331
14565
91803
98980
48096
29233
69562
75877
37113
11035
80833
98528
51282
63105
76485
3255
21373
59683
76501
33696
75316
98295
4203
7568
85818
7561
28521
54868
1354
64105
86376
5742
63306
37822
5746
31267
93964
52442
8380
60094
8842
7224
30707
96798
52153
13024
41334
42835
87409
51202
4248
92120
15914
30443
93222
18272
66255
92338
89595
21644
71978
81704
49226
95688
80528
40932
5757
2907
75741
79658
39050
44212
21606
67545
25375
78946
71354
48344
4072
91481
8908
5227
69414
21605
16189
62109
67486
35224
78393
29970
71628
93716
16812
86608
45773
99099
64491
1686
71406
21010
98297
49569
84975
12919
83716
8163
35434
45977
8788
54272
88026
20660
59411
48029
75570
34438
91785
11566
42314
45364
41973
25832
49582
7864
16323
97240
85490
88171
88142
75741
49227
74217
67509
46526
79033
1321
38173
13961
10030
43473
64814
82241
67439
57607
18457
23580
78233
58454
73762
92961
62703
5475
82778
69167
83984
25198
6747
35107
30529
93441
79884
96514
78915
50827
73498
25938
30031
53720
64164
89714
72364
61519
56514
2357
13329
21314
25398
76797
85353
9060
23633
32061
30469
37065
9743
73771
80938
71289
83712
21435
5927
14470
65749
41550
3813
42720
70266
16495
68718
44680
85705
83204
33365
75552
42953
6475
75202
7837
53807
36559
70261
47374
52354
72416
18653
77355
83813
9352
92959
99242
80920
97438
55531
2488
82338
30033
49256
34366
56580
53914
9782
34676
20896
67416
74906
97932
24202
60455
63725
9941
24462
65812
57194
1347
55327
17318
4661
73013
78886
75544
23477
62576
85832
38576
78024
34127
27930
54938
80200
54315
31609
35531
36948
65487
73064
46318
67393
63113
89427
71583
89723
8582
54791
48869
31860
60735
22685
20511
71353
60676
11776
19199
94135
11466
87845
57525
88174
59735
8224
7681
44078
47345
57106
20624
36222
40576
26623
55805
5500
23251
58534
78689
1200
86288
92721
53376
27595
8473
66465
72581
70779
3371
72302
62556
84059
16878
24197
4310
41772
54783
62177
2807
85652
67967
67434
67225
26252
62308
45614
48748
72521
84679
58377
97022
70097
86235
65563
59998
66959
23653
73355
53609
43984
9782
80303
54631
12012
5364
67859
55137
45710
32908
43122
88709
53288
36631
92937
74837
21694
30754
6983
86531
56040
87744
30102
91143
17376
92134
52362
323
75114
94013
47178
72250
84405
16073
90212
16180
66828
76001
68480
12260
50921
8791
82215
39234
76867
98508
94839
56126
57865
64140
8158
57037
46203
31859
20676
76109
97944
83417
71276
24372
35576
14308
68109
79868
33281
24948
98485
8788
31534
22978
3571
86637
70118
86912
82698
84978
75437
15467
11217
45901
23553
11012
51247
87905
50617
96020
49249
60814
47525
59733
46173
22401
60124
89001
21652
29527
18700
69177
5989
59229
94194
25706
42844
52151
1764
19984
71076
853
53854
30028
50332
52766
34307
96702
16431
68923
49325
54462
41255
99435
21018
47243
19242
63887
69744
60624
64726
440
13048
50446
48661
64744
79962
67244
73669
50969
4163
62962
45479
9712
39301
6054
32800
41103
70463
7206
91842
81003
75910
26541
23242
9495
20731
58265
84031
650
52777
35490
92648
61836
56521
54919
55098
41855
99019
27970
36042
78530
22091
56209
93976
13838
20657
91120
7040
89997
45168
96706
85673
96322
90441
64190
74224
29889
14904
94742
73958
28859
5087
88577
91363
63440
44017
96447
42169
55227
70011
56474
35406
60734
65501
22096
74467
60623
8504
57909
77215
1400
47525
57755
50319
7606
39548
14832
60717
89677
68016
27782
69815
55308
96101
60824
69413
46929
61723
65484
51894
97361
66746
64750
27782
86061
97902
21190
48743
24110
53887
89705
49835
30655
36561
81280
84448
73699
37221
63862
19241
53738
16948
34800
11980
69273
86396
37099
5748
2548
36357
13868
89531
31564
58354
5028
2801
44106
35342
22987
74482
49985
42952
74543
65802
12257
1609
4196
85737
92823
65480
90596
55369
56030
98956
57781
89053
84983
12010
13560
62007
35187
49637
10999
41148
68210
45886
2995
24939
38661
38836
2064
87373
76048
20518
91427
50698
43621
95755
68268
35937
4830
73560
97759
18682
35571
69669
1057
32702
37126
77195
82358
98864
39631
23294
83909
91396
6715
27196
70749
30917
20105
578
67477
64819
67212
11615
10011
6382
8398
94608
2306
70712
78935
61704
94071
58302
57497
27724
24816
25789
23237
11114
24727
50150
2975
70066
8026
45985
45911
56863
10692
15272
48617
98871
1720
56615
52934
66848
35679
48022
81612
91865
22047
8813
4550
21424
65095
89557
56162
86644
25143
72997
97295
76966
9265
94180
64859
2295
48056
93411
7863
96564
67604
55264
10991
79035
88654
15634
85568
33244
9747
92941
63835
11034
35040
33207
32795
36325
48404
38612
62223
73246
94037
15421
26838
41297
82686
25945
30757
7249
89387
72773
11988
97610
16529
19647
82581
16036
87046
36238
11336
69807
88903
99111
63969
79967
32371
39707
77359
35871
73383
33561
16408
84387
48967
26743
14243
22727
94807
35690
337
32300
63137
47101
59378
80055
4164
21816
96534
95520
31790
27270
98330
29840
66486
38414
62729
21217
85637
33340
41191
84516
96733
59721
56927
55511
34651
84157
32371
92096
78359
34912
37578
4941
69347
50507
28130
19414
49809
62430
52346
39074
21862
86636
74404
24633
49160
41847
86391
46610
73651
50972
74486
1019
33057
27025
21589
93831
27714
2080
35941
21549
87136
53907
75176
57738
5369
91148
73617
60858
84501
5794
73119
92979
53660
46944
13930
53312
14008
85309
47311
96062
71024
35305
2093
46383
64450
36663
96145
80631
93735
4369
75024
5677
54901
84306
66309
8298
55805
69251
91673
2570
15158
22139
50730
93992
89932
33258
5682
69468
7453
4829
93500
23616
1343
33812
84371
48414
17867
34539
8827
13549
23929
8371
66001
93548
41113
11320
69552
25759
92539
26803
24927
55993
36840
60884
19037
6190
26408
79498
39898
13488
96194
21450
83810
57746
1204
55340
76511
38758
44624
20460
40013
20736
19566
66715
35782
60361
89165
95989
12161
18543
30745
60246
81070
55000
26201
30935
24343
75149
75331
17366
95119
48800
44224
30128
1731
68462
70169
12165
78650
12993
94965
42644
77830
24315
49940
79428
56088
81138
12850
91546
5256
65643
65156
56479
5854
818
29005
86039
72550
4292
36745
47536
95943
20706
97952
71146
7360
52813
80237
41198
60854
13343
56999
31031
74212
51835
12850
79817
10205
10973
60166
52699
76770
57644
78409
57493
51738
21396
80926
37343
19100
3777
36173
56023
25325
74338
85762
89828
16537
70970
10736
17724
97698
81253
1959
50238
50151
67882
63818
714
86236
22514
41290
80953
92933
65270
89764
60220
43861
38079
32903
49298
53630
92909
81664
2973
26099
28937
44677
42671
93582
94342
92111
89910
84390
71610
78680
20648
14963
56628
48375
32975
97130
67549
22998
83024
37348
56308
82532
96084
33936
61703
70632
30169
95702
40313
38145
97363
52348
81107
93599
38411
2491
33156
12634
12607
27666
92053
24552
24669
33833
66175
63347
10406
74661
98593
84562
35538
95284
74674
54611
27791
95543
71949
43488
34456
43700
64274
94996
39618
35321
36268
27649
1743
29966
3015
26869
41752
78573
51787
67692
9444
56482
49762
77791
82070
51944
55088
72282
99358
51383
43362
6399
99554
95710
27669
9930
10124
96217
47694
57180
7803
94668
37109
4588
83525
8272
66048
89189
32156
93048
63918
25587
17224
91199
48336
36568
72032
14419
59167
60653
36516
89478
16433
90799
72396
36523
24328
79287
991
89937
56001
23496
40315
17861
71961
40660
42179
21893
93191
98636
74798
95882
79538
97491
82548
13759
48711
33785
7221
60831
41606
35213
30952
83371
81206
31393
36576
12459
64793
73871
46526
50135
13559
68914
96516
46573
62916
36163
3844
11416
80232
63253
59960
30562
49324
9029
14570
59511
95671
17898
81637
4412
94613
88106
96872
11498
4108
80329
21915
10606
97680
19159
53002
91581
78861
11611
17982
44511
25761
60813
2821
67500
54785
75431
36741
30436
85946
79523
87743
84015
82053
87001
49114
16883
12124
17715
27344
4876
33652
37215
12578
43378
94349
16599
80152
30761
1835
63419
34839
86080
603
73882
74502
3491
17187
23817
99693
45665
86864
62529
19953
59944
85923
62077
89472
2564
14121
78362
88951
41226
59823
49879
35892
45610
43141
21128
53223
87001
10342
70598
47233
80555
14111
88122
46385
83104
40826
83050
84580
10688
79054
8405
10784
64768
56446
27085
60039
39998
86306
66940
43895
46817
77957
7272
37626
63343
49321
93275
50152
47080
23255
90450
49860
34983
24792
15606
5112
55469
59760
64938
6653
4905
14581
79301
40209
35784
54401
31261
49500
675
20808
88316
72677
86832
68323
7573
14964
50377
97137
65898
67091
75062
57022
32420
47870
56503
83667
72026
12772
4739
16766
77763
44105
56592
5864
8721
66499
84643
20961
72880
98615
77282
30180
79109
97693
78770
23925
50800
65713
87485
41610
25227
94617
77568
56219
38106
77017
95177
18607
3490
96547
38196
6252
43733
85316
12629
57115
44425
55087
37243
96228
28448
47381
1613
19441
6748
35573
70534
93182
67279
42
44761
66181
66596
72988
46362
4573
83182
71965
48155
31043
69005
71770
29835
9450
52786
10297
36448
86468
51472
83806
337
15666
60152
92332
91731
92296
37110
34966
63467
90624
14844
86512
4101
37708
2994
15585
99564
84480
41185
68382
78547
91255
72578
29070
41444
63718
26506
53857
78920
33975
17354
45687
63812
83264
24006
43426
51195
8141
30521
98689
10255
11761
36044
2961
37960
65979
97002
51586
26483
55000
58186
50081
39206
65720
26697
21351
95165
36087
97059
96071
54450
45575
49794
83904
44621
99831
29102
19020
62614
92951
20290
18951
44382
109
45277
61007
59513
62154
98817
13706
59253
98374
4396
12315
93401
54384
81325
10244
10683
29768
37224
40345
12763
17601
88982
82152
65225
1401
68151
49194
75830
32209
2276
41223
80980
8922
59302
76004
81573
2352
42534
41357
52006
98454
13018
81322
92989
97043
94576
91045
67718
38366
30112
61541
12768
1609
76124
28594
51024
13498
80951
63446
89265
67650
58692
15639
14222
10474
39143
63333
41261
15228
68429
15471
60246
99877
45769
71394
85518
71459
87545
96428
19572
21960
63557
66732
15113
54034
15139
67796
72244
80065
27057
55691
81301
7266
21879
79428
61311
90901
33311
12722
21350
37080
59842
46083
83210
9219
63074
94509
45806
83743
63345
8276
29726
39710
25880
74999
46519
15434
56305
6125
31041
80930
73936
84242
76798
42372
29266
34282
88889
18549
43657
47989
46375
84835
35066
56585
53210
7768
3539
93857
54629
94993
65828
12405
57318
482
99635
68165
96953
66675
74020
87512
90723
3074
87518
76594
78019
78799
54766
55850
32482
94494
21365
94673
58847
90140
74846
37420
28827
43958
48670
67272
52474
28831
33820
8971
30346
22093
46111
54570
20568
38226
19069
77131
11412
74241
71313
43402
94206
45949
30213
6462
56749
87538
17438
60138
38105
96561
96613
91423
51648
78186
83743
10047
27836
15466
441
76342
12670
9904
9794
65534
19515
46261
65371
448
18952
6001
57460
14672
72037
92340
97768
39394
49624
86940
54945
57513
55212
88077
96539
94396
3276
61187
48939
80474
83818
62822
66709
47535
23044
52005
83937
55406
89241
97585
34946
82372
82873
76116
11189
57646
87003
88452
82414
97599
61418
85059
30823
43294
98046
51354
290
13412
71755
46186
91200
40030
83799
73667
18179
44494
6339
91772
88553
68112
98383
63962
71805
35392
79205
70437
21406
61935
10464
6001
56582
47531
34367
29179
78129
80654
36853
14931
64963
39731
80479
66902
30091
96519
82085
5022
28720
95743
92911
65872
42610
70584
52394
16924
62053
75103
21208
81464
23681
348
60011
54207
2868
50382
10107
38989
65432
42581
6912
18252
40912
1746
64663
15180
97107
52283
549
15183
63288
33450
38043
56555
296
35546
50482
47549
52217
34298
36860
46120
38468
88952
22374
52893
1061
56130
46250
91569
7913
67716
52719
72199
92926
63668
78662
34498
97958
44971
52926
5791
68232
42541
53663
93970
75628
63768
26253
91526
2611
85757
26540
33683
11469
75814
92439
25533
23564
17035
71617
17712
65655
54727
16674
81581
6879
3381
33410
37838
71965
87160
9133
22951
52133
37722
91912
95364
66351
5100
94493
82152
22994
3890
41276
12764
14132
28623
3225
74380
46101
15301
95206
80771
15445
7140
11036
54482
40419
1337
19633
7055
73151
7962
8667
2093
23551
35137
94762
18959
1958
86910
87961
26206
71521
16020
57934
54777
19331
56172
889
85374
3756
85890
34305
1843
91444
11765
80870
88217
24290
70000
90881
30119
35055
42611
39696
17936
78935
6825
58331
53313
72931
26651
28739
31280
54049
39219
52553
57515
96319
19195
18398
77306
66861
66897
25480
47217
98718
70936
28393
2286
77306
49684
41130
99879
4782
3771
28754
68724
11792
34070
7349
77872
17429
79790
84297
62321
39061
6327
38372
81184
19481
17410
45945
90405
31322
50939
34608
77716
71535
80724
64263
71861
86503
96167
10663
56104
3347
25629
16642
240
62873
7232
26158
51721
85455
30456
85864
42215
79883
55383
68774
71000
20150
53138
45263
78972
52406
40192
11892
83909
21501
28618
38485
98067
49802
26551
36900
17466
48001
14362
33327
13334
61709
56419
18145
64121
45254
88919
84023
24317
8552
3978
95982
35071
70442
71696
89059
67275
69426
818
11219
86507
63196
2440
58267
50621
8500
21491
63108
17300
35410
73062
79420
93142
40575
36746
33325
83976
28698
9343
77599
96655
52442
24286
4188
35532
20852
77527
75530
85048
90581
77776
74438
10012
22319
48215
99919
18315
27329
47760
20388
85143
29301
25702
49927
90891
47353
56235
53601
69795
58539
90790
78875
35675
63603
43538
85773
10681
11326
71021
63819
80215
70981
29887
10376
79732
71732
7292
22083
38008
61534
86640
13004
28744
1513
45728
57857
68142
54156
29956
75328
65804
32491
79382
15979
43123
90560
77571
74191
29205
42662
62266
35439
41221
67792
99230
18692
51192
69495
39166
22808
55013
52681
77290
34902
45832
8316
34316
71508
24647
49541
44897
58341
47136
92698
95950
54038
48917
60174
42691
45388
28290
13557
88750
68105
35495
34658
42174
36303
30911
69553
1613
97793
61978
18262
94872
41210
81124
76335
62315
36735
843
99030
34449
927
38571
13018
53180
6934
8466
50961
69110
45611
73936
47761
8598
97064
64832
27810
60067
84548
99873
82666
61353
40567
18222
14962
72007
74852
76611
83187
15326
63561
82005
37394
9486
24943
3736
36998
50662
78840
77835
22992
68076
87921
4188
61760
74051
35322
99828
28113
13418
29363
34667
49387
19150
41903
2181
35092
69133
68954
1877
76247
45252
19755
17846
30116
81568
20032
71918
11733
33718
37727
82253
90448
54307
13588
87066
77070
80496
51562
44405
98709
19646
59629
76701
84966
12153
3272
76518
77810
23744
43914
1500
90725
56246
9189
30833
50136
74671
3026
72442
12846
60043
26950
66974
59286
23437
90759
36132
38727
13168
17498
68539
20404
3581
36938
67126
42409
3239
41506
3380
81492
61750
20561
2123
46072
97779
78030
87508
75646
65116
59431
57254
64079
39201
22823
69087
75816
34288
40476
64727
53648
63437
72702
25590
94834
68831
45330
58675
27061
30378
70807
15963
83702
37354
27281
89402
8651
40223
30060
31245
6159
66526
94050
78224
22989
88423
87054
81390
59279
78686
7160
490
78371
52782
20391
44172
86388
60764
14748
27285
62109
83578
55397
98306
7482
67700
35901
87707
72803
22552
45047
3413
24711
12363
17680
98148
41180
92900
74168
76978
89092
14846
82615
28163
50429
62242
2494
67200
8632
13407
51069
28790
71546
41919
47733
77642
52097
62760
8320
9412
12495
56543
55557
23797
10504
43040
53801
16836
90961
50201
60647
52770
96087
26040
46018
49808
77370
92642
62573
86447
41096
85446
81356
85214
44076
33644
56153
70527
76291
96361
50845
15633
15935
39188
44685
15338
6710
62450
77562
30859
87543
53188
38959
84119
20396
42654
92937
7995
60824
98956
10471
53940
9845
79051
35755
99335
80448
87127
50522
71384
72315
65076
30104
53767
78847
38667
77758
35801
40622
59365
45197
51942
45696
66485
78892
60300
31684
36604
39569
88041
77756
88150
57923
80116
12204
93376
82832
42981
48320
1991
39831
6642
47808
18584
28664
9149
52710
70896
70039
67134
19765
32073
37748
69485
21506
65120
53657
30746
59808
37832
59553
1106
20984
99018
80158
87604
22801
94686
75052
81722
97487
13878
64131
95376
36623
33024
14121
39077
76918
22116
4707
31692
45893
51692
17844
98592
51244
49411
72916
67248
50799
84023
30721
35975
73295
32428
93608
63101
42293
92407
13779
28169
28867
43939
3561
57640
33681
29
35127
8274
77664
73659
21853
79541
71648
84948
29663
22793
43516
81538
80839
97090
71515
75411
12478
4929
28129
69398
99985
49999
86244
7635
60412
75168
78381
41174
69044
87290
45555
35265
49469
59455
45405
33752
4080
68947
65222
74855
66748
352
64547
15946
1089
12043
71441
38785
93211
36135
60486
81462
8043
67256
90975
12554
80631
40940
28643
43589
30602
15370
39006
72868
66711
64717
93625
69670
91554
71372
25422
26461
2624
24624
84493
80320
3193
227
48851
19566
46376
73750
3034
87862
80071
76701
52851
62209
36132
72198
19635
70183
96763
70909
46241
53495
63446
25433
30420
31319
55597
17237
79189
5022
1706
16476
58589
59811
85829
58396
52693
57101
7289
52877
72640
2489
43891
75469
11463
93569
77674
60506
85773
14595
46779
44210
22946
9732
5370
25351
7562
38093
74359
86512
13919
71207
91747
64133
59167
32070
82744
45135
99355
90485
56896
50076
50574
34661
81773
58970
81633
58144
23124
16756
91936
59877
22049
95684
22259
28293
8073
4359
16754
74112
42810
26884
42365
11629
45060
78023
8583
63096
31394
16157
27028
60839
18206
91856
57000
19931
25480
65812
29256
58269
24508
83459
70945
93698
54780
48319
22525
7690
79925
16386
67715
82213
98577
30626
80077
8128
84730
87456
23494
49859
81502
96449
12538
1730
82517
31212
83702
4010
26142
36413
74484
90475
98676
77769
49148
22866
15813
37546
35410
7582
56117
47296
14601
58306
3535
38152
15285
8433
92477
54174
48118
45579
8350
80516
37182
92708
35999
94318
35609
1687
73521
16159
54776
38949
38840
31624
22766
8865
38034
58459
73620
90570
62381
80263
60899
51653
91371
29361
87660
56023
98563
41726
71007
67362
64230
87614
79292
97008
15122
62714
25156
24447
19893
63024
32222
34226
81844
2804
68528
35662
81458
6142
14255
16628
56870
98928
57936
69113
38253
29754
29894
94250
90317
34171
1923
8187
22536
82431
6107
43823
18478
53907
43160
49073
5477
33952
57166
16766
14465
38273
23419
45011
81767
66086
50703
78441
28237
96386
18144
15279
92980
48883
31218
34449
35277
11795
32614
6115
65232
30183
80078
19449
48153
73723
37846
58403
1178
27683
28
15105
89967
90219
8066
72569
91520
2614
524
33679
71866
14455
61861
65317
44097
83169
44638
42251
64415
41694
57350
26766
67701
18371
52091
66960
23206
12114
35346
4622
67757
35018
45533
32261
68441
91824
66932
10573
29379
44049
94503
49445
79303
32780
48438
66159
23633
80247
28398
21851
43793
13224
37162
80203
74410
43099
35478
89103
98141
28588
57177
84735
97184
26563
27561
48375
48679
14993
19619
80375
88006
77362
36881
23784
62328
55168
97360
1562
55317
87867
5807
84960
86092
6338
87198
63872
10651
59335
65555
77795
91071
90172
99125
10876
69248
70228
7449
99642
27406
31047
41336
66613
48423
39203
10628
22261
78588
16675
74783
72747
6996
21163
48140
87206
96430
41995
46104
89033
5898
63163
47903
85498
95718
49518
3587
61926
24699
82945
55896
60404
78303
74079
55221
92470
8811
11427
74524
68909
60168
19910
52366
44962
13878
34917
8529
74761
23214
27480
42057
96978
56965
46201
44646
32009
96717
23512
71384
99180
28460
21923
52650
46146
62223
7916
73726
935
71964
80035
97981
20180
53686
40863
95337
44453
33305
3022
16243
38356
58735
68103
21574
60528
53918
75802
80538
54100
72874
70339
29273
66811
10810
21919
77915
14079
17388
74341
72354
49196
95721
49338
9075
43511
76430
35249
95984
93636
14013
86439
5159
71450
52875
40539
344
29226
52173
4855
63487
74119
66456
88750
52870
29186
55426
9445
77296
17280
29644
14743
23828
39762
16339
31972
74938
25404
91911
23602
17214
24772
76560
30959
17063
22709
45772
56220
80605
76382
33789
29516
7229
67095
40401
14751
67555
15011
18249
91637
10266
37723
95501
30972
97241
17342
52380
16605
41519
78649
41627
67846
55892
46966
16901
77282
26708
34710
19966
73400
21365
28956
68239
45131
36605
6378
65398
16895
34187
70633
5618
13588
59851
32419
89394
60488
30991
67275
3066
49583
20277
69792
3679
24825
60905
96932
50957
98432
2778
63917
6069
51333
10038
19166
52672
87323
81066
56509
87344
92243
35672
47545
1505
65935
92468
88610
78565
56380
37061
43109
73970
84756
52501
68137
8324
60168
14865
68300
31346
11767
27473
7409
76631
16002
27138
65931
15709
32004
71069
65034
35103
77857
15019
1383
87685
18109
17261
17215
9674
95253
85825
16442
83401
35095
84321
53270
77945
87410
8939
7179
22083
7349
57409
32360
83784
83636
12498
23200
41191
54141
61454
68952
47842
48649
85289
23186
3515
98242
8546
14218
13931
83691
23948
86563
43155
98938
67201
86454
55856
79186
60318
66253
16727
65219
24169
61074
41617
33335
62701
46292
49522
49718
45171
51201
19807
25044
50514
78131
33935
57904
42331
66058
20629
53343
13061
58846
34178
59349
55044
94317
94989
73982
77821
84322
93479
76172
79650
59991
12113
44696
55099
54365
51593
71487
35136
20829
66273
36439
99527
52513
97931
78300
30215
15975
57079
85481
75347
6094
87580
6303
75105
74375
40624
79614
69027
45570
11866
71608
96170
2428
36747
87576
97169
81577
3999
76300
55894
81545
75964
7802
42500
25925
66325
35003
83987
65318
11886
30602
25388
32900
15272
63929
27802
49117
49179
80709
54594
1518
15726
29283
83648
40208
44303
7588
7808
3408
19986
6137
78551
75987
19512
23967
20860
76322
69947
57107
89001
12691
95645
64263
32726
51263
14477
33918
52316
68225
7632
97237
65172
66069
22794
68531
76478
74844
79451
27948
4346
51280
42759
66386
59506
43616
83908
90910
75867
65150
564
49746
50655
90852
87195
20307
87207
31815
2124
59205
66800
55571
56925
55191
50793
80073
84631
81151
65671
43533
18013
48632
8604
55144
97528
12074
67640
9301
48313
69225
37203
76367
9128
95764
62548
5435
1549
51883
85993
77943
5652
68202
39626
99815
6847
99172
43774
62201
45211
9991
16406
93711
61958
30360
79305
76343
7665
73168
49252
73326
9827
25288
99032
15261
93707
74992
17671
31572
78982
59089
41875
77298
64728
49500
74736
71657
20628
44808
47274
44273
24165
51144
84506
23619
44144
38623
89804
131
79073
27886
91722
29509
84765
85853
68426
19997
36897
66464
83494
21435
97240
27386
12416
43543
86653
5539
21759
47947
24447
88869
38047
18696
26422
55140
76085
3193
31563
2681
40955
36373
66452
73535
33587
82365
54467
63411
35782
12805
10202
29679
72414
39579
39167
37251
88796
94539
82291
3485
14153
35507
60230
47949
95240
70602
21731
59500
33540
17
23953
1827
35725
16055
57924
1241
70523
70475
36401
64646
17269
20658
89124
49626
71646
20377
20587
626
75345
70303
1066
88027
5400
58377
38820
41724
76392
14089
55748
32053
98867
60599
46377
47947
94951
46281
3197
26879
54147
66176
77256
53533
49233
35473
58825
85248
90834
65147
32960
13935
72782
14391
89544
18445
85133
11713
30663
1768
11121
43291
76367
13534
39039
56382
18620
60799
83767
26154
97331
54821
70346
74911
90181
26674
11679
58396
64820
94517
70962
89089
58561
19228
18715
82160
50962
25367
23250
93137
68656
92939
5409
15398
96985
73714
69840
86783
96293
99592
59526
76699
73965
5655
91206
5952
49541
83046
50790
26779
29743
15540
91011
86164
32665
15786
39607
95506
7169
47098
75600
2614
45312
35903
60140
59084
61451
68402
42888
3623
34853
19588
96958
79073
22122
65195
8917
91388
99275
21589
55076
23832
47313
32466
91235
34111
90189
45176
1824
50428
73574
6915
76734
60268
70115
61096
70206
99233
49024
71544
82936
81158
2737
87230
80545
29294
17519
95446
49324
5403
6202
61215
8660
69954
33365
93624
3908
26895
99379
94541
17633
86322
72667
98094
5378
12250
8626
20634
53966
38242
97538
60847
51884
28735
702
1825
15291
35617
10358
16230
11090
20719
7775
95559
17245
40359
9998
62803
11816
63218
81722
95377
3196
41631
84829
28999
80832
96597
82518
42986
16400
77050
71520
67071
77529
14224
97682
3436
99517
89311
93934
14550
13091
81455
35731
87465
12166
28808
89978
24426
68088
68011
15223
96
54786
88007
6835
45128
64351
25447
85613
54183
60186
45092
33913
97396
68844
30153
49832
7494
10111
85868
27911
77525
38836
35593
613
33421
9080
71155
50858
708
51009
35142
12188
91044
4821
60830
92307
44195
25395
54157
56456
72156
96854
41478
31590
20433
11088
3865
74565
91673
60830
66296
51774
16550
41771
13012
47795
41345
20450
6210
91987
10413
90945
27578
52482
9710
42368
62977
61843
70079
36620
54710
9724
64520
52312
28905
47878
26011
90505
21162
55167
29909
91734
58149
31535
2835
89265
29656
35731
37512
78671
35216
40791
73152
49903
38612
12096
3296
97627
22271
45427
38407
29969
23755
51422
16018
51437
16605
82863
30683
73024
40734
57858
41806
91899
84356
24969
80225
26986
49767
62198
45296
36265
2097
24762
92978
50070
19346
5273
74633
31209
97159
3407
45132
59201
19919
56939
74662
54480
84315
81443
68268
24236
57996
33729
86782
79878
54413
24924
45614
49133
55778
18836
79506
4816
53754
92809
69116
60826
29609
31874
82885
8249
63045
32673
97264
34561
64549
56684
32675
44150
30073
12318
75205
44376
95248
14045
90179
82638
49634
22295
15483
5816
21268
77752
20308
52302
76445
82853
20163
13214
97235
29939
8076
11481
82129
48639
74655
20003
35911
79531
8229
25995
75131
82847
46356
73330
1731
80660
26935
26495
48820
55954
97872
28919
92930
12917
9421
30809
89175
38194
29081
2357
74662
70181
3524
66171
90011
35827
19479
43890
93476
53398
52269
80178
93489
92193
80459
48164
35948
7458
48865
95602
59265
1014
47599
604
27819
2121
38375
55931
54706
84348
35444
47110
93976
29187
73638
8539
18960
77467
41283
4388
31007
9768
86808
47302
45158
53526
83584
15669
94833
29029
68237
58772
29304
34611
32159
41451
58197
94897
1677
47476
42628
48656
455
69174
100
6924
83119
16427
965
72102
4966
84420
45176
79980
36366
65936
44380
29835
37667
53449
78810
12579
17257
93927
9637
28687
22381
57510
63288
87094
48950
8369
23472
32247
87959
7587
76871
68837
26971
48620
51111
51546
88560
26752
68913
64095
62774
35984
12718
99317
700
38904
41224
7523
74284
29202
2037
66508
79206
75025
75745
73897
89544
76883
35948
78052
92112
92001
44421
23439
2838
777
97773
14497
2113
11485
50101
28941
45133
94862
93066
71969
45526
80406
79595
34441
47352
31662
13918
67342
15496
34978
1502
33877
58368
46856
5873
92499
36469
54512
72471
62358
23034
39493
22355
77474
56116
95087
29430
32942
42613
56941
67601
397
84267
97947
5207
69971
87617
13990
21564
80762
9728
738
1333
79464
11542
97755
45554
54449
11373
45086
32450
16868
33112
57274
70585
53619
82923
45792
36180
69508
79513
61359
19156
90353
60781
79135
85786
10278
53981
63490
22849
8403
38647
32635
29696
26012
24030
54283
38555
26481
49546
57250
66676
54268
89599
86423
50455
10510
95906
41127
71425
73992
91343
87333
50611
37263
88812
78021
78653
18664
69789
76146
68971
37884
34018
35545
95900
37421
30704
54934
50173
55473
20256
69879
50934
60947
99096
89141
80004
32790
23557
543
90286
69533
26052
54302
20578
49357
16940
60579
35872
28604
47056
52483
2943
69795
36917
97529
16761
22974
84130
96196
72604
24513
4193
13254
84466
68454
48425
80374
8539
79636
85712
26381
61585
52257
43934
94553
87740
13390
69078
95392
35437
8223
7234
91974
39145
94218
51908
37658
88608
39831
78487
74081
66379
6097
50315
59167
60318
12447
46620
31859
68225
65591
38661
98211
1035
90546
13349
52272
11678
97023
2698
72486
41420
63181
77572
19264
11819
34049
9257
82420
85238
38759
13104
80658
96813
81406
60484
13740
46826
74377
59346
27825
83181
7295
66891
79596
23864
78606
48460
48998
60128
57123
37397
78652
55016
3752
95725
30566
35590
66717
25633
37468
85890
31553
755
3400
77629
39649
65074
64229
99489
85356
56258
14528
80779
32941
47053
77183
86117
87293
64780
21331
94240
20262
74610
81234
7361
62343
87182
63011
69257
29541
52823
14731
64965
26185
78930
4362
14142
79391
86231
36585
20142
24551
34523
80946
25838
30174
26900
30510
71882
76177
10355
69892
66882
29872
3185
31524
90489
35073
11202
40551
63009
4869
6853
78565
29310
51676
7683
4134
78164
19784
65786
22685
67751
74095
22857
853
96324
38785
75220
35905
62279
16839
82636
52984
80440
78660
42960
38449
35880
2242
67110
35632
74071
56529
73906
75061
48881
81927
53900
47034
66481
53554
27889
24760
97445
26521
95594
70365
19327
6583
58420
13659
3961
49820
66971
4747
86573
7640
45946
36313
54170
58261
12171
43844
66827
33611
95978
56594
38067
97851
49138
28628
28604
67589
63985
61675
55681
47109
79246
91459
57847
27216
70683
40413
62891
82431
70512
88240
34795
44547
73087
41820
60791
79474
18021
30625
4947
38633
53216
79839
53932
74030
25843
35927
99700
63184
72617
14316
27261
39402
53073
26882
62677
24655
49774
77890
29078
663
74375
93942
3973
52973
26890
1337
31500
83426
97292
54759
38646
65485
50309
81626
2297
669
50464
53087
27455
69783
75288
21425
92911
52487
87693
35778
15032
16327
30195
42754
76275
389
12320
14438
78273
28245
72953
28646
63726
32694
68636
24432
17697
28518
34965
53431
44531
43070
33779
13567
69238
26765
71232
27647
25835
29847
25979
67431
78102
39718
45897
14886
13231
11392
36311
87745
42614
59274
94530
29141
80258
97637
42666
8261
77160
76335
17759
29045
12004
91655
11973
96105
87578
23304
17187
53001
4269
29314
47921
18531
16846
5909
4097
96430
61229
300
61157
97618
14861
20965
63326
26958
80926
75584
30482
27338
51611
33588
88720
54913
2336
34348
7335
21215
68213
32276
64979
9887
66086
23560
91896
82106
20997
44895
75387
26903
28132
16403
44705
72285
61718
58459
38356
70661
21969
92785
85491
44976
9420
20386
56762
23064
77620
32452
96208
19218
73676
95913
51378
54340
60222
49992
89217
29140
44360
9036
68088
77496
91947
82514
31646
49539
94055
84221
45615
28914
48967
33400
30211
70710
33046
50806
97091
83446
28823
16878
89154
41524
54431
69024
69631
18762
11487
25123
53027
55632
56662
56271
89804
21179
3021
48291
40497
99762
66589
38343
44060
28581
76198
15227
2261
83358
7461
87746
71984
65282
218
27909
45021
33603
97992
1248
46361
21927
97375
70011
96469
80492
12289
27292
76427
856
94365
79451
38974
84780
23648
71580
7127
92701
87324
10799
1628
87650
58467
59686
96835
42564
75757
18274
16547
64914
32949
99126
26675
94660
55184
88977
28506
96441
6651
85397
5595
66986
5169
21063
1439
2669
76790
59988
17848
76977
88618
27060
90443
44045
59570
77537
82064
96401
42253
13039
6269
696
23604
24130
67215
31625
65829
1792
47371
43658
3250
74042
65069
69013
91751
22846
16308
3213
35538
99775
7461
39689
4044
55710
24595
56809
89604
27644
19613
18877
56482
45826
41176
15845
18692
65627
75798
28884
20513
19715
34107
16847
36645
72033
57243
94895
2986
28865
30030
82464
47045
68518
14609
43241
71621
67817
5748
18066
95578
82454
5380
8152
25267
35335
33832
86195
40871
64118
85090
53944
48813
4715
34244
70821
90005
40882
13374
39494
46319
56333
20278
95395
99255
59200
33229
31646
2102
25419
61361
72146
51876
34859
17875
78267
46783
75452
73749
70312
8229
30042
31834
62004
11524
65403
96438
58737
21652
87683
14352
85134
66579
66830
24667
95884
11639
84872
49551
51185
23067
81569
24288
16400
23734
17159
61316
42506
82524
91230
15740
27608
80606
83188
11635
9056
17809
90126
1979
61459
10337
11951
28701
89829
96413
13437
86466
31597
14067
63839
64979
61919
65301
19599
73572
35303
32784
26961
87295
55163
56744
37025
92703
13159
32427
55448
270
86085
71199
61211
41922
37186
60320
85914
57167
36898
56494
75432
44543
94029
59481
98614
11320
37074
51016
84202
71617
89655
5667
98323
78033
27962
55991
89491
85588
46788
22614
76820
85833
98504
1172
49520
71796
28463
7788
49543
72219
82195
67464
82957
71732
44434
62812
25297
36266
94543
40868
64734
46461
63784
27303
4815
13279
64074
88430
20893
27941
86822
72499
97824
80021
35523
2333
93235
77505
41398
64765
99026
98311
59829
44313
69951
12654
67365
27316
16446
47669
45863
59646
72355
66527
47876
90134
17089
44913
12162
91470
62305
70814
64286
25250
18970
25263
82751
26624
86811
74680
15575
46628
22004
53460
70939
85578
3570
8567
11236
31536
75810
7523
66707
29838
88625
61706
94283
80449
68767
70017
17270
37332
9244
2496
20426
87948
62588
15450
39956
88211
82125
48165
97513
37737
65189
3724
79095
98246
99448
29580
30761
36099
51883
35496
85393
8285
51292
31745
67277
32905
51978
47372
78853
5622
17296
50570
36062
19107
33885
54258
65242
20345
27273
76396
46218
62393
84969
56146
45475
44840
286
85297
16383
62343
38882
58652
94251
10237
25405
13425
32301
37537
51562
3229
93762
58691
54161
22605
24092
51578
61518
20494
60310
38424
68781
55217
26581
71020
19184
41272
97304
12702
73774
62126
4796
20315
83457
46662
97891
86775
15350
36886
61521
74735
99101
95710
78661
93642
89749
23790
51233
9724
73012
1234
37797
15263
56097
59377
81369
53425
12359
33620
27257
5552
55773
27368
54456
49797
77088
94535
83308
81266
52541
31916
36866
72882
47156
10331
72568
3410
25449
6099
5122
81521
14630
24026
93698
53150
56000
24195
45292
57387
71538
27321
20296
52496
68827
12468
62624
96547
95193
2058
26035
15069
53234
57692
95535
31870
2020
15280
3001
67099
29736
10365
39382
25848
52433
42267
76028
47853
81730
92
79485
42673
23988
91131
47505
39014
17791
72992
44773
3196
49586
92977
90977
42329
51283
34255
79018
51341
51414
63820
5574
7033
47132
42857
4829
85544
52328
54855
80348
50381
61661
92598
52291
47781
42500
10620
14065
47706
15403
1971
69899
89153
23017
72019
16637
78273
42840
47567
19511
31348
30527
67413
70600
21270
39305
1221
59607
95864
88841
44703
17250
91935
40207
97870
40686
59375
41272
66803
87920
95330
76684
11606
15840
30315
20779
89103
29982
11978
83562
37530
23663
58091
42798
37531
53079
70505
35554
79234
6393
53463
90440
49474
44052
88338
26542
1608
19548
99768
86181
97110
21680
51767
11447
35806
69981
49280
23770
69959
45440
31502
45631
3767
67019
28418
27967
91380
57969
55150
39084
16069
4771
62188
60603
82026
92447
73180
69763
49658
23153
30515
6789
20865
72078
523
49919
41788
30363
49643
57510
46157
4134
185
54626
66032
64734
15193
12171
23504
3883
53367
86396
87039
5394
97262
2151
40353
6904
27090
38883
86591
90836
20716
86534
30376
34378
37563
96971
84277
85460
88336
99082
9704
9934
80846
79574
48358
90717
76716
39630
33142
97629
89320
47545
69233
24675
42105
78628
81570
92380
75774
76038
97783
24332
29482
46673
22111
96398
36159
49108
87940
12156
821
98390
61464
47724
18393
89778
58051
56481
74636
63292
83130
91315
15279
94197
64102
52245
40916
34808
71808
24133
34049
68498
5759
4975
59750
91325
7123
71908
71708
22096
65414
98568
13854
47766
39432
95397
82098
71077
76280
90657
75036
59199
48140
4516
88210
21173
82234
11885
13890
43186
20683
59675
99173
26588
46296
52318
98332
58460
43392
83792
24862
52743
91467
44078
65769
20149
6701
85101
32406
8092
38694
83658
33731
22618
34211
32688
95348
68756
75757
65634
28989
15541
97814
16567
42538
77565
11379
95331
37218
70439
84721
25785
47676
87652
55491
60126
73032
52072
75947
46943
2214
37719
57586
72605
14405
34024
45308
99542
25453
14232
5603
80039
98565
65375
21246
12814
52519
99089
32606
80191
46807
50569
29748
45177
38677
86115
76102
2373
85515
18471
70168
14339
27905
12688
90643
34690
63628
6839
22199
78766
49801
22898
92932
92636
83760
79676
28872
28582
66126
99353
26672
11312
34248
32642
34693
57503
44214
71349
92654
95163
62386
17374
66739
4536
7001
26216
28290
45460
26715
69602
44229
31348
46267
19567
58657
25633
92644
41996
77604
99021
90468
63087
28380
88229
4611
8932
63554
25408
74985
71931
90367
62474
16621
90859
19293
91673
61677
95245
93234
76339
70468
60711
41739
67017
91241
18788
80321
56750
15379
65968
99723
44451
61861
82801
85709
57039
76416
22873
42197
93584
95299
96023
94444
61226
51194
92528
76387
66035
46257
68255
22779
42083
69897
79740
83628
70165
10335
72892
24087
30402
31788
82309
63856
71737
92353
83065
28981
99448
37859
86879
59704
48613
39806
31808
65802
18104
30575
11395
63165
73795
82181
90092
28379
38060
80081
25342
91025
28135
798
49077
15761
40456
44752
2684
22029
17773
17689
8362
37761
38794
12161
10197
24013
57303
71720
84249
18494
75556
55871
62933
53807
98824
276
58591
74217
25680
28213
48603
29245
26680
62468
46691
464
48293
4736
17875
23197
27254
47161
311
80920
38492
50139
41021
48881
86283
43605
36791
12537
59185
55902
85873
76187
17964
90921
67443
99081
96175
18972
14863
11631
80931
82955
97452
43196
2727
97696
53924
55286
50583
92495
38543
51313
90977
99661
92086
92402
25870
7552
87873
42823
26824
55556
36827
58783
48977
72018
55406
56373
2806
47373
29092
68474
65938
96390
21811
23157
1167
27775
11886
58738
19470
84523
48212
86676
75548
70862
40717
25869
26709
89912
99722
5864
745
79020
6138
23571
15655
97041
95045
36633
94360
18318
17705
38292
87015
34419
78703
32731
98517
50913
28378
36284
6272
66951
96614
63591
21190
37707
67474
82964
16863
45078
93878
82929
47419
49042
75512
95807
25007
45001
80310
18
91838
27843
27588
85168
26880
54635
22024
84298
98153
51901
13357
76020
52322
4720
99063
89242
69741
81000
2246
71804
18774
13335
25723
43053
47322
14344
38354
10473
52452
55647
90844
81502
2856
40862
41260
37876
15537
31148
63253
397
39234
44772
96196
17691
58523
67376
91690
9434
69038
9321
13241
58354
95484
93329
48560
76762
46375
15144
75784
46761
65987
47227
11011
16782
73637
18674
51682
82208
8595
1644
19770
77453
48178
12377
41232
8736
63165
93732
95300
82257
13032
19104
82504
31788
95321
12336
95246
63695
72717
55732
40301
45770
47877
26557
83071
77100
31705
93709
65328
78961
45256
40109
27880
63760
74223
73288
5615
51969
85207
77471
74751
75801
57498
79956
39551
19977
77550
84466
70755
21310
69079
41631
45172
55925
56555
26453
96249
76157
88370
38192
30519
75015
6247
95568
83033
53935
73784
10427
86613
41487
70785
9831
38001
16664
29577
46588
47699
52065
48520
36929
53684
95196
32876
61132
42852
55072
15832
44427
92178
42292
26207
75164
49631
370
76641
51678
5478
58068
17154
94558
84931
84729
14569
69116
54893
65146
23353
46853
35268
49537
76151
97555
86954
21393
88938
19442
81403
15330
1053
96995
6495
43231
2536
85367
16264
51754
3276
24621
21095
93354
52247
83953
39596
8524
1838
17465
40137
3726
92088
51907
51967
44571
29228
42739
90969
70377
5654
10989
58536
43761
79929
76415
18550
99149
36278
72001
22711
73339
21430
58470
94307
71367
1217
31070
73745
52402
24028
5664
63829
49946
32943
7829
83610
44109
62988
79967
70767
21049
13513
55417
89322
83071
29368
71252
29086
41941
24886
24563
7404
31047
98776
26978
99011
47915
32577
5154
86173
87574
63456
46668
18194
84618
90553
19470
43930
64163
22001
61592
84417
10381
74403
60433
40749
22083
45011
16098
71197
20683
35849
25919
10879
20274
68497
52784
51565
42762
24845
83789
15204
42663
45354
49503
8479
21019
14680
33859
33739
47988
84216
69717
53532
58594
739
99291
57053
26389
24915
46113
62197
50089
56004
21275
73500
52131
49818
74392
92990
19767
66962
10657
7933
83370
73533
45011
63309
3693
47581
77767
68950
20873
7609
97365
81031
57923
91466
68470
20979
4855
97713
39599
42283
80498
55629
81734
19853
9662
3230
77476
56947
58443
34856
39929
47304
17163
25328
81173
81980
55709
56111
15922
52500
54059
48143
80633
34414
36138
92342
75624
92854
66917
19154
26705
59170
84398
79315
85060
94907
72793
13901
32076
95347
5213
5917
16548
46267
26658
10555
13223
99166
24102
31634
41078
88193
15160
90400
88296
91122
26872
26590
61090
28715
97772
98991
52260
4395
69476
34071
78476
91295
48545
26641
77074
84768
13870
26877
4962
13790
33111
35353
77803
8712
27585
94596
59260
71000
33610
46012
7494
34234
68377
56927
3204
42644
98907
75791
88785
58100
54378
12895
11382
48957
83673
6096
92036
26553
71041
52325
53232
34036
64002
12280
80309
91179
98270
87610
89233
58801
95484
70788
2939
33581
35836
9782
93986
22335
35751
83792
43472
48969
59366
58624
7983
78650
44724
42573
79392
93235
86202
41302
55288
86132
35339
168
66297
37271
89991
40914
79394
19294
93331
57557
66988
32592
87433
24242
19809
21865
85213
1999
19461
34606
96995
37866
56895
81541
10393
70403
11346
67426
5696
97135
27524
75827
48695
83544
92178
8448
14692
79061
27484
51014
9220
86528
68365
33311
68856
1714
38483
62832
44852
33303
11067
50539
45185
43650
42321
30834
25524
45400
89367
23725
10637
60374
45296
73510
84533
84143
17387
64513
85297
80791
35877
95412
39932
62684
36165
3625
55000
51571
24579
84633
92180
71425
80502
75327
95320
27717
72056
99497
89251
55205
69246
20831
70081
31423
20427
86781
34565
90602
36379
84788
96452
95552
29974
73922
6288
69694
11682
61137
56218
41602
33514
27679
8104
44781
19757
99841
60064
9107
25248
50939
43147
66484
32371
26940
1643
37443
57624
49009
92484
16044
86515
88448
66923
46600
73178
6165
86471
40196
48857
648
42920
88529
70945
26880
57462
78174
10965
48923
58853
22008
69982
35251
68403
71159
27127
26255
23335
11279
16882
41391
47168
32409
25823
95802
51681
23808
27754
72763
2205
37819
20881
64848
69127
7875
57980
57615
61299
34246
37051
31063
84041
40883
89364
97070
98065
8966
81806
12584
49073
19751
57463
11319
85351
85290
11322
78795
85355
35697
97915
1252
40494
95408
12306
74669
33998
16411
66860
66841
92921
87979
87545
48077
12460
25857
46204
9152
52151
97301
82940
17972
84971
57787
26279
760
35944
83329
30017
49797
53624
19249
58228
68130
18791
3557
25568
33569
64844
58119
92274
32142
99186
40246
73131
76222
93798
36783
61290
63285
2467
40526
59591
51469
99938
67519
17150
70607
59374
48784
58243
84187
82320
56096
79951
51766
35903
81825
25646
47174
52880
17626
76594
31072
68879
76563
56039
7293
33563
61020
53894
68951
92200
35263
84044
21911
35334
97229
54371
13576
56024
13783
74467
96132
66875
33058
49512
18234
95385
54175
93130
99218
42387
4083
30280
27552
69683
27754
35653
49426
12462
6500
4653
60076
7179
26199
18302
8518
96816
139
76165
25711
98294
86749
13119
75213
28918
99550
39665
32176
51172
97933
83320
87900
73949
30927
26645
5363
38314
32575
36297
51303
29318
4982
83350
830
50959
76131
77762
7980
80272
63638
8109
35971
71283
47413
8608
65988
51320
96642
50892
1243
85112
57247
13522
6021
8363
54281
13378
10433
32188
42380
955
75568
64947
20154
75511
24019
58080
55440
71936
69284
19808
10596
59090
43667
63699
95449
13380
36044
2143
55364
68603
95836
11941
80232
34774
2570
79751
63446
19674
27819
86524
38254
73649
43489
49906
3956
5562
7848
26287
489
62743
75763
78124
72039
34349
20326
90393
69733
59870
5682
45558
93559
70960
39048
72338
95216
84285
2125
5379
27209
38831
83935
86159
99356
78487
38523
29135
68233
2782
62849
2018
15156
72855
40244
24450
50962
35703
52121
62018
20449
77338
47613
71105
91307
91860
87363
55200
63806
37697
70840
37416
146
15257
74095
74174
42245
38233
3955
82676
6639
93359
92301
79479
88604
2020
26883
44915
85061
93058
12042
8132
54757
68584
68717
63628
61266
89777
14131
58815
65244
65359
24890
36758
55882
41182
83388
42528
10861
82737
88402
62716
87909
49557
35258
28489
5448
55551
81205
5911
1771
16566
20996
26191
16847
6408
57014
88361
83565
7207
93453
17709
37147
56733
26771
80162
16554
10718
88214
90215
89926
91393
40255
35321
84842
20733
12830
33926
58454
94267
66492
66299
10601
8307
74596
7488
59819
35863
3775
19391
92397
65751
29705
41632
3683
46198
33344
84124
11579
46470
13101
14481
74012
15732
68609
63794
6517
92292
97693
11612
67353
69136
79078
27563
15664
8835
71389
26654
25036
68955
73613
15509
76966
94378
1847
93883
96181
83254
10927
54031
3988
16170
48914
27644
69957
90442
42691
94407
94902
61904
79646
25267
68162
70440
53216
40561
63907
18558
77631
13989
57317
15888
15406
67911
77292
46763
60433
68635
66928
90684
84973
66424
19240
78753
42238
31393
32723
76909
22115
17216
20912
48306
98784
47324
32342
80467
63196
1805
85369
90750
53317
63830
78417
39123
55630
50989
78105
79531
96356
33747
4228
84469
36570
99362
36394
76931
13348
32797
9190
72394
44658
52805
44039
42619
14295
58220
52882
33689
30636
24711
57946
27569
67146
94849
98323
980
9204
10953
64238
75004
37283
90597
49137
73409
79862
34126
80762
15591
69672
67561
79682
66342
26835
86807
56038
6433
1429
45499
4731
77355
54768
22285
92932
27421
73203
90087
81893
40247
76776
57117
9093
50543
14897
13378
92771
58753
74207
66590
30820
3902
49047
85630
75730
45893
38568
58017
7419
91539
53331
13860
95188
34498
65848
83669
12250
34223
47579
88500
97491
5533
40098
34170
86704
43949
78795
4128
87003
46386
61943
87641
80178
99321
25528
20273
88404
58404
96519
47667
80857
94540
29268
99279
47574
96011
24983
43773
17675
18103
61237
10585
98937
98075
81139
93590
95020
