10000
1595610
1115618
186570
372619
1375951
1378181
1235848
1772479
1537608
1484952
977704
671901
69317
1108209
988707
1016928
513809
184778
185428
422554
150642
1986583
817021
1316655
1757074
1410901
620982
268038
1891508
78796
438993
1564152
1920922
1440672
857445
556454
1986491
1534458
798419
1970465
1337793
1131535
1813895
1605001
292314
1074527
652060
804681
1618674
1634508
1762678
420081
1827423
1035634
519387
1255924
1748282
1770096
1866116
148139
720165
518124
469016
187354
1428953
1072760
1153646
1991695
1048208
92653
1927605
74650
1197642
516165
1186381
1253504
1773889
1395529
1997899
634968
410909
1724433
1124101
547093
346551
238999
771729
387574
10087
1250521
977563
67928
651450
1760303
1000829
1805148
1934413
965218
1857984
22571
912856
618094
207176
1432296
1589586
716789
803353
1399870
238010
1359197
669525
409349
698487
150300
787351
1086965
691640
990998
1846164
692100
675484
1678505
1988167
124949
1301170
1968797
1539723
432714
1036460
1777572
1604260
740995
65372
476175
332764
1821573
1849355
5905
1935386
1533242
921649
1333061
855811
326099
955880
1491865
982173
949826
1047818
3621
399945
592684
868669
1123898
751159
1465802
1585426
769473
7473
1643860
1944031
1614470
68942
869725
867698
1797082
1219310
1412874
417508
1982467
1822568
1067688
88968
583537
653589
745762
1086724
782814
300774
1505424
1746800
1466481
345329
822507
232295
1624847
1629885
1369944
1151191
601106
1360349
176078
1160332
1860703
460287
482991
849881
245113
416174
60477
233123
1765169
504777
661753
521251
989046
782791
836636
1421716
553101
1654108
612530
230905
1423385
1272648
243412
619661
87066
16016
750878
152250
824979
1884268
987940
67317
68914
1686211
431569
514638
1005813
1115870
28233
954148
442658
1974676
1305461
1971806
1850046
1531972
721783
991960
1106736
1775402
798278
19750
347246
90985
1458283
461600
1137991
1204190
598626
393179
903485
273878
1816491
226685
1671232
1472158
1413923
1394455
1334429
491822
901115
1306651
1269360
451269
800658
187257
47906
628131
1304731
646791
1038609
1710956
1727544
1395466
729972
783671
157254
1226705
931928
608803
1045499
1637585
1508781
1032284
1315679
800168
1995854
1106429
38393
1575975
67032
1175218
109516
592147
1483984
72572
810665
1202084
64703
1970868
581117
1832823
1235594
1413525
1721512
1996987
1928485
1042495
1823149
456551
884242
1571801
34770
1090878
373314
1028039
163476
1642978
181676
528051
1995380
1684104
783785
527910
614267
857878
810588
280938
341831
1890702
314704
282350
764965
918539
114999
1834563
298834
1034556
230976
1060911
169600
1560156
646395
1770711
306113
609891
1187033
619483
1598466
1648691
1429970
1910443
407334
1611595
1823568
1896117
1182477
884972
1756943
1167409
1807101
1760464
240264
460067
1484789
1982249
9747
1326453
1338690
1499688
1779575
878350
1656765
1476328
598857
954145
185303
563301
1717768
738656
1414180
1468403
497264
26489
694249
777764
1326356
38558
665333
1220307
550225
1428340
862819
1356820
660843
404094
1905576
1682973
1200038
307723
220180
788956
260844
192068
218046
1951603
408404
83386
461796
1616023
1522577
1450270
629515
1790077
881010
103311
855588
1769859
204061
1143309
1239424
639887
473859
400116
1030436
85614
717038
1130260
1572848
1492049
794814
1617369
52906
694951
1321337
1352782
1179893
777946
955284
538702
1693915
155615
527091
993849
774163
1277311
222547
188537
1325254
1309576
971264
1957945
136978
885028
624539
892403
1601434
1949651
288013
1984115
629088
1682500
1045677
1619560
248380
1933727
312564
594753
1795525
1289205
1070847
299795
1169791
1695514
397682
1212435
41817
1111435
1159623
1976951
142667
1880053
983407
1151150
631814
136011
527209
85389
128499
921821
1356416
495098
1087116
644507
1464780
394278
1335451
1713517
1682331
1008740
1833510
1285436
1054390
1674354
117373
1227056
1352414
1063196
1594960
743392
1061786
394585
1214395
1797136
1781393
1604913
91706
1486713
32370
1561023
1244209
555349
1212587
418599
1212337
1997946
657659
1194336
795938
970962
142984
326360
719582
1510162
1259714
1606212
1140297
128534
696613
849310
1901471
148415
1857037
1536944
1654111
1985416
1689418
742418
1334919
966154
1437528
975198
826940
1431235
1452938
1173271
1067932
542218
1449563
1666489
407712
317250
1109413
1952664
1800842
1239807
1747708
138927
615382
1497451
1278562
665836
1044089
937401
1838350
1135070
841628
1097998
1577362
1276967
1991123
239909
1034583
1383855
1051651
805002
1212632
641293
1507967
819415
823362
637528
132488
810756
952929
9290
1076630
585235
728693
1940673
1127512
1450343
1270348
536136
801504
1290825
1734414
1807119
32666
1931817
412030
1021602
483166
1821326
467482
1674019
1696758
708671
228812
1968347
200854
729845
1462948
1968740
1974171
1518392
1491323
1360104
1119495
321914
687082
1149216
25666
1211787
155137
219240
896741
1053777
494820
1661957
1924852
676529
20983
1788247
1862438
199330
690625
1719788
180340
642143
1793495
1931990
327102
39737
1412624
1968977
1237114
1629468
1958556
1980051
394978
1626973
786989
424879
409436
1865737
1246919
1511934
369427
747173
1254711
830414
1415052
164035
683623
707803
441444
1668592
1721313
327199
115472
1720570
399224
519109
206395
83883
1207100
777893
1721398
1437272
300694
1710816
1355468
1648001
143694
223436
1048917
1544318
1835526
23518
1985616
1395348
1644461
49521
210660
1445283
685619
206900
165260
577768
1341433
355684
1951869
1847575
1886003
927536
777633
867310
1536002
415702
57815
944549
1221163
803347
1166783
803017
424099
992066
379287
37610
1614558
688181
1479141
1851114
1399296
1026021
747718
1515589
1091750
676490
731033
241408
943683
1500556
926047
188689
1899178
1730750
1080251
569436
631249
1092781
313455
978525
663747
1823409
916281
1979322
78912
116587
370339
90321
1508729
1560403
537321
554703
991987
1453277
1868769
239563
1629345
468859
1340914
260200
1313599
680853
886033
1757737
759078
783706
470699
596402
224393
1771558
246873
1576465
1585942
72431
698460
205919
1424386
755667
913981
204676
1884284
526969
1831418
572676
2210
242521
1962105
1666736
908068
1534478
398400
283264
479174
325743
1482953
544183
1413808
49929
330663
1777281
786230
1189912
910290
658753
1798548
1835838
1427581
1517287
306780
1622461
9400
1200816
1686603
1254521
1945389
1138076
557442
1280366
1593792
1750255
1705058
49246
1502888
1257885
758719
1300003
651825
714171
1561918
1583137
1019623
594825
723013
1952368
394151
1553668
1718599
1913397
740062
777298
41460
697849
1626034
1348912
367341
1192906
439616
175164
1833767
1160198
1687663
1535227
1837942
1506528
282391
691969
966729
91031
821370
1414285
679513
1766796
1349418
1136726
1186325
1957387
39636
1201763
1417588
1466903
1417195
394521
1490202
1472042
1949654
7603
1403432
765928
1176962
924190
1855130
47704
857921
1529863
1728269
503089
1794390
207022
263534
1085853
132887
826163
1462767
1259900
1855269
371921
1429352
863720
1634115
1671425
393206
1384281
1405301
155606
1749475
1920204
909525
1879637
769582
596784
1628187
913045
866309
551556
772560
1031435
1058976
1734340
1450996
198689
714229
864535
1693261
1641600
247135
1890760
683255
1580973
476846
735500
479574
1517198
673459
1816204
1628063
11653
1328488
1260128
1373367
1466914
1101851
1172984
1009325
260517
1338767
266180
518302
845366
219196
407774
343156
525636
1270623
523934
1218439
642192
1132186
250613
1391206
1186474
780439
235453
1404182
84556
760377
1690793
909846
1562778
790843
501777
208065
1159931
1987861
1118773
780277
94182
1232225
706066
1507791
504484
1078631
461927
274920
976002
12981
1115937
163218
555029
265493
1179743
226777
642063
804381
255508
220255
862335
936744
730748
357721
1067330
350314
425620
112484
811372
1409913
1892730
501330
269506
1013092
854340
1603434
971490
921041
1134048
1602464
1371587
1365155
517892
427508
1493406
1883697
1070694
413274
1494659
1271072
1271464
1080592
910228
462060
1589607
254939
1596378
1392169
978791
1469142
930566
1708450
967459
161115
1147947
1412333
1380760
1144160
1555967
1191885
656806
1903073
451966
1279347
1322900
1811139
342832
1577950
889451
1583753
703496
1494107
263830
1758711
1548715
1503700
46296
779935
1728661
593499
1224512
493016
1858128
278627
1868085
1995775
1471607
1498988
1764999
963922
825010
605122
512856
871728
535187
1080854
1678676
767966
1857435
1853512
693709
531200
507011
1021295
235354
690840
1459888
158512
803627
565416
841400
679494
967145
433146
121756
1967068
706319
1287092
817089
987230
1205669
1916437
867901
408624
1179084
953608
631508
1781111
1563063
1449338
1530772
806962
1310267
758262
1535216
460131
527382
252617
971338
1798767
1328140
62725
509855
1593791
1298596
1085714
61320
1788990
1910477
856589
1059206
1894866
1901253
423288
1813891
265269
1487527
858998
1257337
1516818
1274138
1392192
1053617
1675194
32462
1095845
1096053
1761725
1962438
104084
571508
617145
1499749
1915566
244899
1966670
1744130
1305470
1662356
1439361
1906673
675601
1659153
998401
711688
167345
132601
522221
397776
684371
1687186
1339304
1905876
499179
1360267
129471
1109059
1706354
228640
1031302
1104398
1733896
850576
1643380
1721177
444117
126194
1487661
1392512
1890444
1425526
539501
19597
553717
846529
538050
1172430
373700
1812674
1332575
245780
496679
1433326
1174518
1270473
494079
753470
889072
245242
796160
790571
1338785
729946
1919802
1253153
250764
454611
1656498
608396
1735570
538128
114255
1498258
1504079
148443
1124551
598731
842003
1600782
411938
1246323
1413826
549583
1720052
1264339
1841417
525212
691696
1102565
1408991
1676848
1560326
1575042
587658
346254
603864
821464
346722
1259969
770309
1720242
152873
1267551
15323
1357289
650237
251368
1991447
827830
378806
1237890
490230
1594845
1364834
214610
961092
1003742
1330280
1110234
1092222
1704294
1347340
1600327
962730
309759
1822636
911014
1045717
1303744
1575014
1661726
256726
1149671
1923315
1298583
1021746
1546658
273051
1176615
1792451
952847
1516100
154544
267710
1198137
1892273
1981766
1541177
522483
529168
1185161
172918
1617680
924635
248116
1314257
1719520
223862
487484
1523863
1724004
1037236
441337
491436
194602
547789
616577
446763
1682933
1511750
263914
964833
403696
1527249
1978042
464490
83727
464273
1833264
296763
1357715
1324585
1520819
1563943
827056
1183951
534735
1513783
1654772
1066332
230971
1223488
685246
1284954
1866123
1487728
1208781
1271596
309272
1698875
1212708
1588556
1766455
118464
394186
706158
1387962
1182461
1490229
227259
1454621
172781
407006
1901005
783287
902928
1568813
14676
738937
1503875
924666
750018
1668584
247152
605301
1692123
1607611
1068867
1185056
1228625
1437637
664381
102112
179264
1773652
1690086
421756
827011
832971
277805
579058
511772
979899
484324
153364
1472076
1808365
743704
918220
1026381
366965
1415994
160140
448789
1485011
1781602
558004
1443401
825041
1679593
834239
257635
1056835
1094491
596580
1521100
1273840
1113390
1868000
56089
1892677
364438
105797
1627951
173910
1407248
497210
138463
1198390
472877
792051
353074
953719
1305478
257124
589755
1266883
291242
1456718
152896
245115
1968349
1310008
1385272
452178
1116813
1068045
236617
1501493
789833
418089
1459496
694400
1679048
828681
848457
1072716
360908
179932
1655011
1848172
428372
1910345
1726188
7441
943470
1354236
1613241
484661
1204518
1030194
484906
1093876
645223
1449896
1451010
72537
290437
1569583
512439
1795829
581371
1064025
1577354
191935
1299926
177763
1779872
816349
1359329
1333003
29391
375090
756827
1065089
545425
1602264
1318151
1503142
1382723
352311
1954774
1908447
1540727
262070
1989463
1984016
1738739
1233927
172993
609270
995751
198919
437075
910135
501042
299874
675779
1397031
575027
401938
1923870
1971038
1098367
541371
603012
478583
991727
1883869
1785504
299002
1598243
1176187
1865382
1380899
1086815
1723336
1321667
923756
848995
1632454
1387129
371112
1531641
1848287
1241613
1918386
824022
796101
53858
976065
632780
488363
1194070
625479
1045227
1916831
165799
559868
1064976
1882550
280352
1596733
1733749
952261
1014780
1139174
831115
1110432
366178
349938
880504
1262444
1703325
400100
1212112
1030623
1304453
1110847
1189533
161974
1786091
734473
1735808
125805
1708325
1184461
1831844
695254
1803916
848003
7852
246587
1742727
134418
195986
697780
1604999
421752
484595
1353462
545054
1724815
557562
389335
259707
1041998
1064882
287327
1204500
734993
1990797
993282
399354
1741419
907279
774990
900912
1478493
1826945
1616816
729281
1411249
704333
1675069
1148628
1542169
747066
296472
837050
448438
1208245
175223
409883
1304126
855251
1861375
1365363
738159
1581134
1766137
1753938
795942
1388512
1873114
872324
207648
660211
1303888
513224
732817
1594539
1819890
1147935
958300
11739
1825501
863847
1663088
1626439
1430100
1962518
1781234
1459181
771815
816837
1103461
1064586
193297
1661331
1906797
1053613
185281
1107477
738536
328160
1370431
617966
507793
282250
1710136
652456
1579577
1792639
837316
171035
1374374
637617
77394
1108020
1702050
1777137
78608
666494
437381
1441059
115269
683773
365325
1102689
1094185
1269246
189020
597576
562093
308194
1536205
300326
577864
500882
1415678
1244415
1278999
858180
221586
217717
42911
655787
1403321
1864901
156163
608349
344735
745430
1091389
1935258
694397
68096
509055
1282048
612352
577661
597890
144749
924234
27929
1579609
95712
163315
1248517
1266110
298751
33017
871813
1819428
1716641
1209450
164161
1373093
306096
844769
961030
1827462
1057783
1824840
250671
1666817
1309623
1093483
115251
971634
1006511
507090
130785
210015
1460050
1987600
427513
3234
457357
665664
36380
21031
523919
820135
1842122
562743
1115420
310367
861180
1004013
376910
924395
1029312
1713255
174582
1208028
763
522473
1590729
1466711
1493027
986860
1535767
54544
492954
920363
1989290
499700
1898767
1916962
1637224
982561
1373771
1830163
1191109
1187381
1690910
1051360
203119
210057
1661443
1125531
232405
945905
1766428
215266
1747345
440675
471061
1727045
1647026
1947706
1162332
1257094
333369
605855
849379
455326
1701823
526508
1902415
1953237
902705
562803
1830763
936878
1970457
1174739
1517425
1256936
1125532
1422474
1366645
25576
170125
119081
1041028
810071
1890969
1728060
1263411
339365
317163
1665325
122634
1124744
726871
706581
1265107
543943
1578344
139226
215497
1339099
1564348
1800246
1162328
581234
1732633
224778
412381
320646
973932
1163061
458045
1613585
1217356
1447441
1324439
456874
306099
767729
1687347
128283
1651720
1756030
1769548
933169
1902349
1425223
108067
787492
1263923
1724644
1305404
1544691
22834
675637
1858718
1292293
1830820
453008
1443521
1651787
1590093
1461328
1552879
890079
1933323
1940403
1621953
709515
1842577
1834616
1835152
1361711
671833
1138795
1107400
1742682
621775
1508054
722149
1126852
237757
626193
1861150
678279
1441343
958366
1969589
425804
1841997
1786274
1626783
1311806
653683
905139
1490520
806999
766020
1547790
1946592
806737
1410824
198890
731559
249769
1812937
1801093
1040198
1846646
27373
1877698
872148
500582
382001
1293471
267990
565735
1367968
1855886
1625566
1584309
1883687
291826
496753
831824
1484982
1056118
1792749
79174
1514012
905364
1384464
1951630
146735
924787
602971
571175
604955
1411178
1566495
274322
567178
84691
262604
111633
60757
1458910
419576
1941805
50646
1603349
1032244
1701733
678345
832225
508877
1630202
1963085
1282646
466652
495367
1107206
1078654
1168141
290509
221995
893234
345177
606646
743402
1275654
1474579
1203256
1519862
241921
621836
1038767
539
543830
1345450
781459
85837
1990848
1951162
739115
1810357
324368
158599
1496155
125572
1043849
1978965
1101684
899812
392125
953087
344658
1567249
1901520
1892527
485151
445400
1448523
180366
166228
1351827
955497
1403206
956200
1954016
721122
1397361
705073
507847
762449
297229
671033
61845
131106
941320
684640
555237
1744617
1462023
886915
1033543
1292773
856764
1792006
1597
984853
243112
869873
1510117
938019
1905074
444074
1584751
1397837
1070135
599727
642270
1029134
1743868
277117
710503
7812
568850
1140362
462804
1175469
1617013
1096465
1161865
1322294
1960949
1482084
1083658
509042
1885086
1965663
282161
589738
338985
465016
811594
1371318
935484
1708978
1183230
1403941
278251
1175922
669823
1919939
917754
81877
914799
1308761
657549
1040200
1340591
1109233
1932008
580848
18101
605626
1455809
215809
931031
48960
32408
1522992
128715
804766
1352691
1844314
326773
1063736
606621
24656
1701825
1687734
1186193
1413851
1062619
1638817
1461992
1128342
725664
466086
267490
1270398
1465065
389321
1757990
838361
1220636
920450
440598
1890949
1993681
478790
1285019
811759
1596622
171020
996346
1569125
1667318
891399
419713
1055689
1379113
1890644
41454
1323261
949011
1354434
636179
741784
377839
493598
1643665
240800
81383
640113
1122098
310642
974680
1507324
1916796
740594
479522
1656046
678139
351717
1678334
190502
1461385
1952840
105456
236793
566432
1888757
1480100
1469471
1949141
1139446
392532
1319156
1081205
1099223
621785
965400
1134506
1058512
1620911
1829582
392860
1148766
706020
336664
1229982
1306120
359436
66085
217179
676032
1660070
99375
346822
1416192
69781
1975530
718859
1795860
729134
551969
574248
1889202
1501942
1407414
482655
240248
1818350
289778
1129136
1595763
60035
1185968
1884367
183636
17539
1189006
1383715
29652
689933
1249015
894275
1127735
1036016
1743484
1647186
1605494
1083784
1129138
1694093
1707988
1517618
1639196
652090
1939875
1301137
182372
964180
1911456
576783
1897284
1575441
7972
522504
821489
1610344
1164311
1628000
631875
824311
1210248
1685279
326930
1147689
1866265
1380114
1887812
35531
1402864
1919176
619699
734543
304349
1033996
1202357
710998
1104015
282778
1966293
206378
162956
390430
115428
17310
1497706
1597249
759711
1014801
1534857
1501053
1552913
1398784
321046
53095
1265383
265840
1388756
1522129
152662
838822
1206036
1265884
55188
299297
1144708
1290942
1679323
248337
685449
1809173
1634147
122856
154115
1486676
1639021
1839788
1351857
1833451
13047
1958302
1013531
410206
1040541
1898917
837615
1581788
965451
1328788
1365961
1095658
299427
323246
1105642
570940
1138970
439689
1314163
1644565
1882061
722559
1160588
1345050
1324397
447613
1748231
1271644
1437460
1548395
392660
1680732
1503378
1804045
350784
1056715
1075035
612828
4261
999093
1805026
954480
1216522
1788154
1541119
500998
1569578
502869
754792
1608917
304901
1073980
1270655
145277
478228
889526
420122
313336
656815
1446398
1182739
1595375
1521017
1510240
1015151
1911143
1860630
1452763
1481800
1036809
441867
1528826
905880
1881838
833068
1203089
70716
1458733
178638
159721
1128229
474799
1928260
1361954
1685504
430574
977756
1740071
1304556
1825615
257370
1848737
1933075
1927909
481152
651900
1658822
1727818
497483
368810
646990
1907222
433393
1226257
642882
1027718
1415473
640937
647094
1199700
1475592
701338
1531689
726699
1919252
533548
265404
264337
1398096
981662
1163560
919616
1522130
1136655
1220269
635090
682587
301468
779726
1548755
1688881
986550
231368
493626
1232237
131399
167997
1691744
996289
259748
101765
674415
801173
1735930
59597
699889
704868
123827
1771994
1774333
849304
1386363
1769903
1371586
508049
459909
1038004
633768
800352
1590124
1457314
1870727
1357614
691040
1194657
14850
149318
802141
897805
433042
399240
1942737
1897337
1285807
41553
246486
210538
852710
1322838
142239
1247706
1808201
1875325
1213500
31256
1242645
1773213
464514
58355
1350108
598119
1964334
695000
1752503
250891
1608344
1039266
946603
1602883
1744719
368342
982207
277654
982716
897650
1595621
1244042
1383611
1312267
1983487
1704139
1013471
1868605
773063
1699732
1551950
644506
941122
788129
1755994
1984306
1133216
985767
173016
780507
1884705
786716
241513
1012076
522504
869853
946819
1088258
632485
248730
453522
645377
1599257
1315888
1681204
1393884
1703088
435646
1894566
350263
139517
1365596
1904028
1757538
250139
1330613
461044
147088
1600634
1895066
1256130
1221928
1689077
1217261
1267761
1362934
950443
1951641
685799
67050
302726
1616176
1251196
387441
960628
196471
1279539
346853
1347484
1189952
772298
1301401
1563174
1628089
40535
1411688
250921
1644059
321414
1679521
1679572
1194990
279557
670245
341801
371972
1933182
884744
631475
1621938
1071440
474585
1889047
1234573
641487
1084341
1707024
1647660
654761
535915
1817897
487353
1782915
174178
1499039
752346
1801526
739240
424341
559890
587880
168924
211208
978945
897274
364936
1085602
107087
1922292
1098885
593303
1546079
785738
570497
1499298
1948205
1671124
1302861
853075
1016625
153697
746510
1923348
409865
548695
1220069
308241
993834
231976
1851906
1700769
959711
1577535
1383140
569674
257844
1551144
1546144
1751012
1612379
1360444
1807405
838331
1105708
1042313
244879
1952568
865968
1107343
205064
1950025
1617393
64780
967756
39183
1864228
1336187
1777497
434399
404671
998461
289698
1460029
647645
104580
979947
1052808
376801
1336145
1120482
389767
1813026
1249899
552644
445065
538561
1632997
688124
91296
641523
1588809
1144511
313824
1817495
1980067
1489625
51584
943030
8896
1297259
405646
1913285
832696
791707
1822811
1730431
1934205
192811
1113428
1585418
20950
1265015
952945
1050951
850445
341218
1741126
1596933
1579314
676203
1318542
1354505
1025626
789139
25243
172280
586297
1077263
877862
1484394
1037942
1658808
1895104
1182703
1479841
1612037
1482592
630890
1076140
1317753
719861
1236231
25973
60247
1677756
552103
894794
1329713
104373
261906
207460
1588693
1011949
1378192
1426092
182792
982847
824816
1676609
1079246
163543
954943
816455
1488508
861942
1461506
1794821
1746739
1143031
1012645
513697
29541
1928941
285410
1058147
1902492
607193
1142750
610941
234427
1574577
1570028
672796
1767956
343149
1122812
103312
1336441
424380
1773811
1508416
838144
1998787
1732485
1788024
1088835
723583
482197
1488784
1270525
1761333
1689952
1382314
1039209
1183865
1829654
386675
788225
538539
820496
160808
1694140
1079069
997188
558557
278003
1396314
1841132
1086234
1311738
346386
887468
1938125
1539563
642696
1240801
503293
1196211
371594
162435
512308
243760
927708
1066961
69292
697131
1694958
300433
181755
57398
429425
1310653
474442
53435
300476
152553
1066375
1217412
1083872
445015
612031
594
786209
1063514
1389434
1610141
463819
1909392
1459342
200314
1707934
1596469
1246624
494015
686732
133332
1169356
3365
1296550
217009
1390518
185805
1983828
1486524
234931
363759
1634256
354306
466824
89413
511525
839616
615368
78682
505286
1908190
1456721
261393
133992
1379302
579597
934844
560982
1227965
1764262
1621485
1024476
752218
1248088
1220899
1752694
1501416
1587541
1659697
1255272
1682217
646814
391916
1202554
1528467
104635
1651725
68453
1464842
68607
1620621
748702
601831
1345886
1233332
1098558
877425
1596796
949368
1616333
1650642
1177253
1465452
951381
123161
188778
179725
728656
1008759
317145
1187035
1503209
943833
24286
755937
484477
165032
1027133
748056
284029
602208
1281121
1849728
329789
698805
1168551
1372341
1915551
295280
1288084
43408
254307
1179194
419954
1746457
469671
1423601
124202
240930
1373102
1466677
319717
1495635
1885635
1496296
1885611
887894
714973
176206
1747713
1202515
1655257
788511
1096308
199300
779571
260452
195706
1490746
1454999
114032
713614
1873026
191830
1465533
1231202
1492013
561390
157239
695060
1733372
849795
1061484
825710
1302760
578477
782260
1606385
1791234
855753
118821
1352954
537080
1110242
305516
553642
619750
977489
541844
389932
62873
260051
18290
1000927
529370
937001
1366829
421374
1747054
1985955
1774795
1475845
129545
1491215
1959550
687089
75329
1834273
435163
290300
1842953
332254
1212100
50568
857061
1664286
50307
422515
822051
948025
288126
1901884
1558596
1030454
1552240
1655070
1157673
1740092
1708010
1648123
1871738
1743852
1543940
607299
165177
1692496
1580049
1389356
1649940
71529
151710
588564
1594240
1514242
217527
1626283
1912371
1764301
1219103
71848
273675
901213
1170933
686087
1219100
1281013
1059844
1792862
1699317
417110
573197
1264054
1326678
1776090
1479304
300741
1913985
1498769
1149296
742903
231473
322753
1501660
1456835
1160801
1128910
132860
617223
325958
1551288
1875194
1323365
274387
1096296
156527
602615
1982437
1032631
444078
1013094
1658429
284424
1130675
1774745
709008
503024
485973
1812613
1711922
482585
1393382
971844
959055
157507
1574071
1258071
1008093
472939
1558916
1648625
157460
1804042
937696
841375
368099
782106
1275695
1680819
442204
55334
920418
518731
1043710
1475032
1704451
1751017
1089072
225920
49691
1500652
875168
69764
150025
573411
1659290
1305646
1261025
1480923
1874230
704167
51627
1051719
1802374
1307248
1551746
1730449
1223159
695393
1591410
825703
92959
1848994
413742
1656521
1402597
1985610
472157
89885
1946295
767917
602542
1082028
1839992
83610
619017
1334100
1293070
1377461
1799004
1749757
958112
504542
726704
320762
117631
1045584
534014
1728528
927823
1491753
1048800
39434
1989857
1715593
62726
1859002
1872433
1058700
1442750
1997599
1974978
1620004
1123332
1349441
115737
1904231
1306382
486452
364368
1283586
1653901
1315507
500086
1264992
1572240
772724
802085
315636
199673
1268048
121347
989448
583262
1395168
1785401
1772073
227627
1979383
1005924
118796
1978046
200457
1596570
1403498
596307
1490085
462290
1939062
1821707
86844
944003
366331
1670487
1852390
1728089
648459
172927
209130
1658922
331590
552550
37646
421473
946006
71860
1232001
218605
1415389
103815
1261851
1573869
1391679
1217461
1596939
308199
1581452
1487421
805137
1711809
1146961
1472094
767408
847760
899013
724922
231686
1417653
1812921
1718555
1679462
1412773
111355
591512
1274335
1930872
946539
665606
1488682
913523
12434
1193852
136118
1535217
1040263
1028247
121252
1036527
1320072
1925519
728916
288553
1000132
1536949
172256
1533826
867475
1738067
1885715
36677
910264
1984980
217179
1037851
337370
95561
1857807
266807
1353854
1364512
47315
1194728
1913486
546300
1170050
1232075
956305
1160007
184446
932676
1688929
1603304
1050046
1854262
906528
166880
90599
630179
178039
1372129
838508
686760
960955
504107
1779863
761843
893099
1340866
577737
704084
1782861
1301606
1334592
1287361
270971
1372719
1355571
1852216
1854453
1379919
1831688
593970
1075100
1369574
619594
440948
560681
117790
1803428
1244730
1252741
696109
1670208
1218586
1531011
1797432
1284865
70241
1748155
685753
1071047
1139809
1542616
898360
1883762
1850583
1961794
1860272
255901
35293
1782209
1594951
1664334
950421
1653585
585750
1877145
843104
1187799
1948912
811330
1876635
1360437
106091
326548
1269507
640752
115210
311272
211656
1457110
123519
1521908
1609353
856754
7326
1041862
698352
1833612
1389018
1310240
463035
482610
416597
302884
811358
1063900
1651380
508785
1783979
538984
814702
496727
802321
211060
7201
134755
329843
156964
297307
934776
874566
1364713
1575141
698273
237479
1773266
976653
106762
1998146
44938
970075
1036298
215258
575874
715620
720054
1891753
1520695
1079704
380548
311612
213861
1091306
295232
695199
882120
679589
791894
1686050
234263
572138
1444208
1798314
1263345
74306
133900
1070039
1558969
724440
1729801
249204
882881
1118515
594180
1328071
1421405
374957
1343165
423976
670750
375307
201609
1631645
1767316
812561
343262
1842821
1469497
382843
1455447
1394200
785004
1396039
211771
215563
1975604
1625529
1981595
311445
955983
622940
1719521
665619
1795963
99644
199022
1512439
392911
50804
481731
139619
1240229
876954
888734
312595
21640
1445999
371032
492024
686289
1362632
1107336
1986893
948570
1572121
1273049
1243590
42490
511592
120518
568125
395102
1833138
495471
32968
815407
589387
600277
1958203
1110615
331475
1302544
885114
572341
45142
1417933
1279296
222802
573593
980469
1054772
53837
819247
1461002
379661
438457
1223921
1811491
1792459
1035670
1249062
1411396
1630693
599959
1730413
430324
1458394
1854373
941754
575061
1480533
1695686
38543
106934
731865
1215667
304883
1431973
1098967
1709692
1473615
803918
731437
624333
1716992
621076
203231
233640
1146649
193496
1313453
1198077
626448
844009
947328
1958598
1322042
565204
1925473
915022
126079
1295555
1202871
640153
305
313589
173106
501708
164027
160409
105994
1386034
542691
1745658
1448016
236202
71155
1306918
1535578
1151406
605906
1192642
42178
444748
245858
1365333
1744257
748202
932520
163717
749489
1534489
1595295
1913960
1126778
1059293
1324594
1177164
1716737
675437
1515727
1387118
792124
1743054
1639288
150494
57919
1886348
608623
1202002
384683
1917260
929433
641373
1198531
647243
612043
1883586
993497
1001043
1338451
956514
622125
1295405
1260079
952676
1010066
446515
97127
1683822
1763899
942658
1936488
1446293
1017923
1947690
167243
185570
1708625
985528
1821609
851732
1308482
1228294
887370
1258097
1704140
641958
1018372
732858
201378
1408342
840374
1603602
844311
1126085
1972257
1009065
1006429
931422
1574540
586725
648349
581601
1962658
834561
426587
952778
1417161
558135
1305624
523843
1922381
1623454
565100
511361
29345
1976622
410671
918179
689188
1707311
1015177
228737
803021
1495374
1487452
1822341
944549
972394
1679768
1887224
74816
358019
780705
384074
550158
1577852
1968535
1852192
546774
1564463
1753779
1651932
1518598
1187884
1088003
41730
316414
486377
1949507
85140
603422
235833
1226387
9995
1342252
750595
1752235
293566
243280
131515
894765
493984
777738
1957994
546796
1677718
1737549
1864450
672204
495747
662966
536128
1390408
707316
553613
882821
1643596
1795557
1698553
1127512
674586
1690164
727539
1042323
1470067
1275958
656286
478405
1304877
436997
843977
1207575
1133613
1192771
1053199
1867807
548606
1367612
1535540
269936
1775649
1556287
874283
1048148
101158
758639
1462998
552953
93632
428913
573136
1045213
628295
1962382
703661
1054875
228743
1794325
1211706
415819
187631
1656237
1879930
1901042
1775383
1085199
234950
1023923
577296
1705494
1584426
1735122
1846681
1150755
1491846
30315
1391890
430095
1458152
416262
1379254
995044
85463
281298
1300360
1826546
1116319
187771
1899822
687916
853086
1454471
1973049
164110
1561286
1579716
1529964
5845
244556
1266859
633814
1633292
941019
594122
1953743
588996
1246403
945723
667255
817669
731154
565907
469567
1550443
1101373
418902
1109405
149206
1373355
628999
1731244
1843695
1531983
534478
283132
540697
307229
1152311
1686714
332180
432046
651822
59030
168739
675340
1784648
1549578
1596422
33932
1853619
360994
1367658
491638
299339
1928480
103665
1054000
631745
1928593
145579
1825311
1671034
824724
641725
766004
282549
323764
918014
1269729
1300716
882804
1692361
1571856
1859790
418770
770781
735801
1642436
1414334
347161
433829
890421
1752263
1013496
1177397
1665281
496264
162603
1787695
1728383
663617
1150651
657716
1416854
1718575
1252468
600986
1129829
943694
1962289
1572487
1412923
1723620
1198561
1380727
946646
1843070
945196
1306845
882537
940978
220049
1961878
1231375
185294
1515132
1510547
1423481
1438427
1159139
787937
1477615
916773
1622978
290297
906124
566939
214320
40585
1133868
1654549
299617
1021372
591277
1112244
1879364
656480
1213106
549872
910601
1232745
1037442
1338997
44063
241329
696199
1428839
1049588
926525
522632
1089245
1590413
439775
1902672
1654517
795025
981624
537574
155196
72249
72046
1988554
1447652
694293
319951
580481
1177808
335743
1877623
894798
959070
1436246
726354
1658145
887861
1946481
510126
1859324
193771
1653147
653486
565986
1286646
277856
23708
1897904
1181593
872306
304558
410463
633803
172427
670549
1662687
1959268
1947319
1724595
997496
1890587
1399225
1549000
1899535
1905849
1022612
1936436
1878026
1873896
1942992
1378491
896946
1456067
1866553
1170136
1230684
741142
1449205
786098
1578997
108468
4434
1151771
1892498
1815063
1538801
628553
17156
1499538
153617
344703
728232
1812888
1162811
962956
114516
1528533
506740
1677034
1650202
1482298
1526260
1771072
1324849
1763115
819637
1168673
470353
1467568
1817450
626784
1815071
962314
210275
740011
559476
493861
1681224
109630
764794
1597009
1310970
71261
324253
1668817
1936592
853206
1499690
1611861
199278
1961266
1797360
1508361
1542157
454813
1417018
204654
589221
373701
633735
983851
1927169
698010
802593
45954
1981432
201811
1309620
1556451
1717681
645603
1899058
1487122
114494
1304699
683250
578010
1212149
539463
1072447
931417
1476656
557369
142526
149708
202504
1657024
879606
1860364
625206
1375669
1785985
610219
135212
1468934
1258400
1721981
639507
98148
319092
395823
1043802
1134330
1849288
71453
1944981
958216
1945261
180398
1679486
419998
600947
1106706
348342
1717436
281198
1762289
1114930
357932
936712
336886
1720374
226392
1053337
1473619
1083037
1322768
411935
430859
325649
202301
1953957
1302811
1098346
1705125
306121
140847
470335
1670994
404417
1557335
1739070
1851334
1792324
484195
1156236
1203007
964681
1827646
725536
257621
1525372
1754078
1234814
1313759
190949
561544
1079488
378054
884602
1979178
1264821
705991
1266450
385267
1054443
81737
1799413
1525251
871743
835545
942679
849236
663839
1215840
894625
549884
1421643
95569
886644
1507587
365142
1832400
410811
603951
792520
1424151
1749705
227724
1035868
12043
1956403
1503253
130956
40713
15150
159784
95702
559993
1366295
410806
89517
1495751
1008985
972366
800880
1841319
1658752
590871
1359258
1150869
1847366
1159699
1556496
1866357
361533
864814
561792
1598362
1368320
1860662
1549524
1144823
598319
427164
1996818
943963
257872
479199
145858
548525
1679576
1306655
995211
950364
1147884
1470221
1332360
1671186
558706
1113069
17816
83927
750092
791095
505091
124025
1641047
308602
705134
1684937
1577444
1923596
1297675
1840131
990828
417648
407838
429556
37092
1788795
1448933
623695
463342
317603
718104
1928216
499611
1835801
346913
907282
1888467
1736610
253674
1719534
435993
1629660
1952084
1140907
1102749
507661
46713
622691
804254
941196
900269
959012
371609
1021656
806249
412130
973738
858141
1671233
1864637
384760
776112
1776679
190059
556242
1542949
662594
1731659
76900
765706
1624343
377670
229102
307876
452688
1315316
918065
157129
696255
1411077
1269634
701442
963901
443243
1744070
420573
1137565
373726
446042
366920
350309
1590925
773950
1376341
1797966
613216
148473
281426
514991
1063944
376248
28177
762669
1679868
668295
841377
148612
1744557
1227259
1948219
1166504
1994709
75191
920513
1331368
1335847
388820
1227199
1454782
990984
706870
280978
504915
1016586
594469
353558
1221131
1553785
630641
524322
821294
419989
974669
925088
1731375
1915282
1649155
1030643
1449709
1499389
1910611
552207
53561
1754380
1546140
1590209
1252725
1739224
353714
1021723
1146714
543358
1320312
843628
1807700
262902
1048483
70387
391568
1011387
714416
1699519
1187146
1646696
725317
1455143
75235
948680
1456178
1945159
473636
971412
520358
1588989
1645294
490909
1258833
1107910
388522
1717518
741726
827978
1606424
297004
1688250
527533
888738
266867
1005898
1242319
330790
1693422
910767
352591
211574
1434791
838053
1129255
104445
1338108
189516
1345491
877598
674423
1341171
1232314
957080
772099
1562040
1804086
980024
1295825
257818
1014781
1718975
32230
733460
1362277
1784137
736882
237548
378074
669034
1331170
1152265
314727
2916
675725
410998
173619
586129
577913
1193878
23566
430238
1991115
990294
144183
1914280
679565
995286
1797231
1627750
465006
407947
884754
951769
1468176
59083
1748823
448427
1817686
1462309
1348403
324818
1616245
612224
1314093
1018229
1567755
237648
62930
49932
1613112
1767179
715729
1526524
1570115
308558
903977
1052217
1622547
1075726
1245909
832666
1787845
261349
305501
345597
1834218
151102
1534243
551223
812955
658711
601558
1704555
1680089
1009425
852783
1319172
1384618
1164189
814298
781122
924505
1602711
189646
1005012
438741
1448249
1728362
1298167
767278
1929217
1824466
884422
1403610
730487
1225908
1157366
1145042
1884714
132910
567014
482417
389121
1687688
1694723
1718292
73096
1338141
199547
71890
1541256
1371021
1297168
205755
758216
525388
775218
1556502
408440
1411286
220391
1635042
1189118
385911
901902
1129061
97324
738919
1381729
1094005
220513
725162
1205823
237812
1692992
384497
1355665
1351931
1394653
342804
1504217
152929
784361
1641377
780004
329688
553100
485482
32083
994086
1531414
1104612
1035978
1786222
689976
217861
845431
1044601
1635324
1936173
1952012
510987
588401
137377
752584
495105
1348778
1408334
1604948
341096
104837
93755
303481
8375
1569435
655698
1808622
1809881
1636977
194637
168470
1435600
1877217
1514975
1845605
1986506
1990699
255280
295261
1626083
182181
29226
1048453
1282569
1967260
1190779
1560560
347014
164633
580166
85965
5161
1525941
1255524
62966
828748
990085
1276657
1801942
715262
1731839
248453
831178
955519
1038048
588804
1639818
1132727
1420086
1435042
951482
1623362
1311321
1243605
1987614
1313482
1729950
1962069
378827
1989180
1387553
1447621
1960493
820216
455228
160492
1138530
1927453
809701
1377691
22017
523387
233267
516390
497643
693863
651404
1447555
469669
1028877
1119369
1074220
631198
1596371
302638
588816
1686995
579551
135145
598498
102276
549783
232740
171649
1619849
399945
1655772
1255406
1124104
1988697
440165
806868
1855808
1620492
108064
116801
1238167
1293685
1111629
812578
1690913
1637705
868090
1043765
667308
918376
1568475
1850715
1475833
197056
340187
1883206
1937184
1169877
309246
1891692
1489682
1760035
788796
845836
1361287
972566
799142
1195157
1135239
1376358
1598382
607051
1041534
1505578
1992082
1929405
772732
960970
229248
172117
438881
148779
12493
1298403
933221
148654
695172
670943
1495131
1558807
1956176
1083963
33001
1576369
963103
1143950
1566790
1718056
1201710
314988
1629237
401796
1121783
113360
1098721
426761
915420
619206
1631124
884415
1614587
674448
562021
257486
1579590
1695274
1737378
911087
593528
382099
1506786
1710905
1521054
138517
1788910
986471
1289731
290268
431138
210316
706619
125778
951946
64442
499022
977370
1591717
1060139
1213126
26513
1347490
83757
122392
689074
72997
742146
1087270
607711
1788661
1947223
1800227
238365
394807
334323
413388
368583
195659
1354747
1805466
134325
725840
1821561
1662810
1501146
1043815
1353479
1681352
137992
1804329
87236
1373206
1270253
1332552
1274975
140779
1512803
1602942
1321837
1425990
198374
530624
1674975
335198
1730010
750083
734316
492869
1719462
112696
737951
348670
799358
244745
1294082
202281
717640
15544
1953030
1665239
1333695
1189464
342652
155369
1813099
354194
976964
882108
266326
1394355
584675
124857
487324
927821
7996
207650
1925229
80014
977498
1529921
1088639
1033991
1080539
36664
281906
281138
606512
83675
794855
1140009
828332
1862268
416395
853826
1717111
806948
494862
1412673
1093472
755050
1874621
435666
1355096
1379114
444870
329755
1674115
1789776
136053
1890415
1626648
964716
758183
1417656
1857630
1372213
24566
1520065
1093249
1508817
1771118
255713
1508869
1579681
517984
758300
377164
111396
1819601
814832
567995
1635166
1163338
544513
236581
68151
178930
718152
1989080
596660
771232
936222
1662050
82659
215460
1930333
871563
723213
165976
467970
971820
366795
783389
1655845
1623275
122964
889994
909782
1869128
1885637
1350353
776374
752680
1036157
735274
88310
1752887
339951
161436
326302
1192547
419787
910423
825243
676140
99022
40084
1369559
879980
1681607
1769191
673627
210295
1736750
624151
1116618
1274666
8158
1884139
1284313
1788886
188054
359870
1786622
428459
1455919
1053890
633109
1361216
646923
1962066
678712
944527
970038
1617835
1465526
1875058
119587
299155
1905932
64999
1163036
54865
64363
1404945
726969
1699152
1737169
1843362
1436029
1685153
362490
1020674
556947
304805
1357172
1225906
1939484
1486213
203829
1827349
1639932
652726
1325268
1611748
1410957
731760
1719020
436234
1327910
1093173
320953
153403
651221
1948958
925666
1272813
855838
241090
203707
299409
1544368
1607871
158256
664488
782637
194488
1160852
679447
829704
1194313
784491
1637039
1158843
1863357
1125742
1349659
633560
988559
961771
925158
348382
283183
899476
277192
922739
901997
710499
1404421
775004
858951
1309726
1985584
1208813
1126726
957756
1016234
86839
571024
1952642
143234
1755916
1101869
1109125
1363662
1361766
1128928
598102
1666822
938009
356233
1876548
1908191
1578636
690043
1467523
1321001
839173
1130853
1419219
1961428
616844
252414
1157427
49332
1401382
1704516
1693387
1927258
1035725
599598
6319
301190
1389188
1236186
478289
1820679
1234235
1633801
1429408
782709
1938653
906556
151662
745220
203838
1389853
1279394
376386
1525001
911306
768412
1889014
300555
69669
195770
430297
1117682
1671138
1802566
159908
1088418
661265
717286
595500
702920
55825
612824
443108
928747
806851
1580141
500049
1786008
757567
180492
1875195
323350
203203
762196
361244
1758965
1123321
950675
1285960
871188
750752
731457
63357
1576714
1524462
1780814
1543024
667124
714408
949449
1798363
688882
1494921
1714812
1409035
1489609
975401
615479
340818
1153954
1996059
1161840
1652877
1212008
1233416
83332
795042
1137840
532986
903487
71063
1800738
1226685
80036
53609
106026
1226221
1364192
1572010
171111
210932
824671
1064092
921358
1227039
1099076
997216
1733483
1374855
223326
1992111
715368
208402
379070
783820
86890
182417
1087766
115346
928721
508771
1263009
1333329
1316317
1477847
618210
942589
1057326
1155624
920192
698715
1797213
789518
618547
1919514
898716
1887461
1721759
1766043
1832766
1122144
500096
1322013
1418777
832103
1753914
83259
1470269
9757
1814355
523643
607089
1215994
423683
1443920
290759
628573
561359
441670
522421
1772326
506048
715771
1993844
1081104
1571587
1793151
798003
1222649
1776231
1114257
1779526
579306
896605
1701405
410869
1474871
655050
975356
1774612
1922870
246900
568399
1835252
321993
1164419
866749
724481
1132313
631942
373138
1724350
972282
179575
1299529
505132
224390
1279777
67472
1925748
1968200
259638
1914865
143588
639747
1690869
1933046
833731
926501
517287
703836
658845
328388
1755193
1701639
962818
1554688
65413
1767738
1764573
1575686
1792911
815336
792576
1005965
885272
1925858
906519
918179
345940
935577
393596
839424
1959063
1818486
1704639
1407852
1247016
728193
1541942
1997677
1959601
464257
739296
1813227
1862075
301850
710332
1002501
380706
1237191
1900194
1149286
1885305
1427059
304316
1950877
919210
600245
1028198
509315
1335217
374416
1553030
289935
76490
476953
1360135
358603
229090
341296
405134
1870979
1773525
1020032
1065197
855510
666284
1458370
1158884
5932
1453955
1195076
294920
1140092
1070778
137778
745188
1398134
891020
1706916
203081
119407
1839972
1417748
51679
35298
435685
1465554
636405
445349
1974456
307674
1507981
1469517
654219
1816271
1096468
1591775
845879
913702
1518806
1276810
354000
797952
997117
1184374
373978
1216913
1033806
1874990
1024322
139436
1239712
196073
823180
747085
1699528
325462
156607
462070
385967
411236
992934
1445335
532352
582388
1039542
57736
1082317
523420
450947
1501827
1901487
599189
73616
1810360
551261
1892442
1187927
1766432
1436202
1580086
1197893
1352519
286935
1644549
433208
647518
328101
1991785
620030
1282897
478284
1539099
240077
785642
1798028
1694052
999611
1211826
130231
1476010
884854
1017760
544320
659215
834259
1462701
381416
84484
275092
1706844
1036964
1689240
932132
1305194
1328088
1653107
474944
1869711
1740649
245856
1077534
1347455
1991178
1023820
1156942
1896356
1729566
152307
490524
1556548
702408
875197
1020917
123344
1296715
1046413
1850850
1021022
1412099
1439942
1686843
1240208
1536666
1195633
1509970
987181
450682
1749163
1054077
592760
1537939
429545
1435650
1778284
1725462
506842
1449266
192868
577920
130301
94010
1909158
672281
1593096
1354850
1149109
1747809
1070682
490842
182740
300843
338081
1989518
1013945
747161
1783618
810926
1323220
1306136
1229042
370097
799256
352291
1743678
398330
1215428
1866041
588305
825337
713486
1751020
1927270
72143
532300
514520
1494221
1323676
1995213
1957700
1222103
31041
1355864
361163
327106
237780
1792203
1731529
611078
155052
4054
1201732
385925
1709398
1713324
678015
781162
824433
1639753
1199234
1460288
1343785
1131380
639335
1077324
449911
1901608
402899
877711
1378304
1994151
333016
733566
346107
1742793
1254739
1246168
701309
843496
346616
309501
930396
1190479
738891
16002
509450
1178903
1729549
1181964
554215
624400
1401573
1621580
240787
1105356
1480257
710957
240516
954524
1150187
723027
1917067
66327
1681593
194149
1366484
1631721
1424901
1775396
1801320
1454433
1478568
67216
1090031
1630683
1812810
911192
797493
1269467
1566658
1607631
1781023
1262237
1562704
998793
1637384
160655
667459
361343
987632
610668
1501957
516167
112511
69010
581958
1141820
248854
20219
622617
1907537
1725545
954641
556054
1266351
1222924
1566106
389988
179118
1046414
1020372
881548
1469713
1171155
1559052
720070
1610914
881373
1196573
1610154
938564
48372
948848
1497235
690731
818455
946817
1612305
1828602
1361612
1385872
386441
455447
353815
729904
1613452
53005
159417
1263063
76757
40686
77449
1548496
643337
25480
1417427
788499
1917078
1765917
940851
765637
384522
131844
1982602
366591
536044
68965
1678476
1923589
1738078
1380353
785255
863295
1089321
31347
936724
1412570
100409
670500
586957
934845
183416
936381
1474578
1192197
683657
1860325
1033996
779031
1197746
454619
494189
958867
1725031
1879558
861745
1449284
825377
1162274
9734
1765055
189741
1668359
1965293
1909548
1501559
347351
701255
1838117
592182
1929292
262280
600500
1739478
120313
47052
1006905
732266
1451914
639446
266869
465696
644391
671305
213832
937357
1749727
1327135
772771
1095435
988295
1132431
947772
453042
700420
1639685
670497
1921211
1499944
113413
1091349
1205545
1253958
1890799
1194725
984082
658673
1906084
694686
808404
719030
588690
1968448
205724
1329444
99847
1801888
1105511
687166
227224
781394
1663211
1771906
576605
695838
1516138
783908
172979
1312558
1453199
1874579
1928902
44877
500411
806428
387363
517745
1938352
1096557
1910175
89160
77647
932792
269763
39754
196628
874833
357434
360321
46357
1409560
734490
1091171
1957626
1820977
308978
1770419
1828720
1706282
1368545
1064285
572330
451077
1149765
1970178
82586
283290
1974488
1004007
868482
684197
245674
1798068
1200492
1670473
298026
406484
12967
528351
805257
390581
1410112
193564
648269
849351
1955940
324652
1220892
1769084
1096736
105822
1397821
528826
1123403
475354
1900702
1639918
1852838
307855
880312
1245463
383511
1041829
1063552
1811234
1313411
753725
1470782
1410258
1775236
620983
1841779
1958681
811687
550979
1698891
809973
1081959
306384
588782
1358881
1172392
1589484
1434591
644363
696989
1665848
1212678
510536
1566360
925450
1824180
1846424
10042
653988
1125744
1817793
958400
1523473
190615
73744
486824
1581560
1106991
93830
1960736
1308844
1803469
554586
1892608
172938
365519
1856384
1345507
582980
620845
1925726
73988
559241
1746852
121668
1855204
874535
1180638
79491
22030
1262945
1902516
431067
1471020
1878025
52010
508410
496378
1161776
984601
1460235
690512
1042111
384774
1566101
821040
45822
889544
704885
224537
585381
1759222
1562469
1006001
570404
192833
1094448
1869909
638017
1999760
668481
1706842
1489167
954581
1792922
1312550
1663329
472710
1403043
1694485
1710607
1133857
975393
335442
75029
1718118
1390551
282785
1759717
608730
1337586
1791437
456527
1729142
1574661
1447131
700052
1062270
1977352
943524
1200797
1410762
1702137
1539515
105440
1610622
235736
1459145
575943
1951434
17556
1065585
4267
156887
614942
1045680
1036346
136210
486330
1455298
993579
1797754
1376961
1447185
901689
1407661
1021711
1011089
23843
1000895
1436461
855515
1287877
264569
1619042
1229697
1530705
1471807
509568
728532
724832
1790492
1816657
1458832
1066266
1349421
549008
1290786
185439
1834038
335899
1894781
719714
958598
1778782
1299300
1479317
1448551
373462
365261
1953535
88130
558153
1436849
194394
1590796
554351
1486840
1261797
1778555
753074
313490
116808
691710
1260686
225491
1555524
1202520
789924
1308822
506469
330050
1025199
1364303
592112
912253
351607
1591972
1065307
1451919
584828
1827347
1731951
273193
1657018
710513
963734
259555
968456
1916047
1437079
901134
228882
172866
515360
293424
62138
1152366
672000
582959
394886
754424
1101952
1913746
357811
448016
1420664
1741873
1218265
489698
947514
579615
1819498
1702252
660447
1954213
1677866
1947607
960878
852356
1683412
1478602
1813292
859154
1043909
857509
60919
1776610
1262778
1964268
1677807
673397
342850
798604
840398
678660
224705
1040782
952328
1530654
325669
845506
1392516
651056
709867
106643
946201
1389564
1139556
947279
1594602
1806319
1590121
944312
1220
1488416
1894113
185254
739572
1666015
137880
335899
630045
235378
1748628
841305
1884723
1873389
1543683
848472
60654
1547867
87559
1029281
1539337
1881888
1615775
897016
1145191
1181812
539429
1015113
343971
983963
971302
1249718
719216
1813164
376236
1028750
637481
202346
1340849
1179424
228495
978328
1122487
1618430
1180981
1088709
1234650
1356253
1638108
456637
1432413
408641
102710
238370
510414
128714
1583030
1328766
1043788
1587390
589618
1488020
1370436
46252
487978
1019901
355493
1451007
1168651
1602962
417366
613803
513936
1565089
406706
1032291
827453
318907
1756601
1129079
435743
84818
235186
128392
1242147
1746449
929006
1694895
593330
261785
170042
109241
1511133
967113
1667278
354954
1383082
1727326
194699
198520
1690601
1255676
974603
1994527
1964228
1190264
1009736
119586
1470743
387667
1437053
837193
1862892
93729
858025
1510966
1872366
594624
1492071
1974668
1510196
944141
628720
1010270
1681032
1564421
1432460
382589
108277
1464286
278439
1028558
516433
1022124
27648
1096108
1789808
864656
445152
1684953
1618125
1088447
345866
1242176
207897
1912468
193974
774851
1409770
384849
646005
545129
362423
871962
1659685
862679
922304
1205797
1683267
26140
1409846
906171
395144
1835153
25442
1326972
890204
1117464
1367260
456460
680783
1177889
1835966
774311
335641
1610155
21143
1692211
529480
178377
385865
1106390
1571076
971864
1596136
1825181
1218930
247874
1388919
1958297
1127999
980544
780731
1557725
350924
1207921
604826
1555698
730260
1180845
108165
569076
792417
1380465
1160994
1739161
1204759
377992
373934
451907
1316328
1831314
1821244
524644
281993
267365
951954
1118696
1581448
701982
1655615
1500754
1161626
1809059
1593029
676271
183592
1158831
951788
362828
175415
1350052
977220
775379
1868563
153503
324062
1417374
849964
1144630
112821
1441033
1281818
1776405
1908762
373589
1770132
359061
1521070
1140516
1788588
669079
462781
195532
189468
455462
109941
943723
310202
221825
258975
1141831
1406639
343510
1504504
255720
1531674
1662232
1208535
1488937
394855
98274
1412810
1107598
1001676
1090854
299655
1579863
962726
340255
1814104
577251
700954
278340
500433
1266826
1840838
920873
373921
1635514
1591829
695994
177779
1327945
588675
1774275
60117
1278563
65078
278531
1177567
768593
932457
1872761
68289
148590
522520
1559539
129618
230936
774310
535663
499672
183851
526946
1188577
773047
306210
105843
1588268
615619
1926317
710682
1682856
543594
1538592
571729
1875687
1450411
197518
744986
1592721
1322074
385822
1501450
807421
1164638
288289
35870
809049
45269
374655
1089588
416928
819723
637641
1471083
1668437
946585
1689414
1819697
1783659
1396593
1943848
1795360
1494674
1776718
1760817
861691
56459
632201
321553
936196
1460582
1349606
1160947
749408
720550
1996140
1626498
1507211
1676544
1589588
1625294
1890320
699093
48607
1820447
291880
418798
121449
132865
1041172
159706
1765338
1339097
414778
650155
638951
1227982
108967
790348
883903
609607
1791075
47457
1551531
966272
1459010
728543
165726
153749
1896529
597793
1792403
551975
1557423
901087
1103505
1890968
325809
1082675
1800231
703016
1957505
406539
1154400
1347317
580058
740844
1894255
603757
539248
81407
55787
1284393
65903
126014
42069
1371247
1451528
1748508
67286
1359566
17259
608436
944103
1567352
1889586
1398435
1208524
1962129
1533231
1295922
1282005
687287
1554411
870550
1703863
649316
50915
1693295
394726
53396
1292003
388928
1978102
1494536
798239
993572
532335
849138
1330629
1266250
381881
1770623
1800023
1210881
1912133
774708
1845836
609430
1076259
1355189
898954
363742
859507
1898353
1257512
684031
1112763
1408116
325714
798895
585379
366374
452481
461423
43043
1175153
1463271
166806
801177
939845
1279659
770152
563053
380138
1444163
430690
1178416
1155229
760237
1102327
8231
1195949
1703910
1160309
601763
1060340
387624
289776
1333696
114542
230117
1868036
1005516
341976
583438
927301
1403825
1715434
911519
1248250
1563174
671657
1468932
1923670
1561948
644859
362250
1126042
1202324
85533
1965716
1813947
222142
1819536
809254
667006
1182851
561804
1016054
1137920
93868
1175549
1636393
985646
730298
597205
227028
992118
248337
1931608
555654
1808407
928028
392185
1469849
1887423
1126086
1815168
856275
131041
1440978
1347
736847
339150
856241
280930
1184907
811732
477173
1812120
1844145
881504
1324669
1045220
794297
1479062
1135451
759415
1768345
1275167
57936
1341588
1528790
1179796
170558
142623
697292
1996358
430827
681503
380528
779389
732120
464752
395836
1456902
1753588
1771656
1216397
1615310
1425492
1197629
1663049
896989
181244
73621
1809974
1828842
1850621
1354137
585289
722399
391580
1721055
215543
167697
276735
1667363
525316
1250228
86154
1454941
332825
1668351
83894
1538584
1919419
1141356
974915
912279
484743
1170387
13954
1720157
53414
192357
350687
791537
1455917
1380134
1195837
1209748
48730
452016
1558481
1523300
1662835
329089
1865920
1585127
529646
1232988
1403496
682757
1297825
132625
766263
1205801
1002714
809015
100671
1019406
54967
296034
1132657
1095508
1988395
356155
1974183
1572324
1605415
1339350
994497
1940938
933393
117240
1417521
585425
500188
215184
1276372
562139
651081
611121
833499
1312996
1280095
832916
1582522
859005
991072
491016
1151599
1167988
752721
1126146
1816735
113216
549248
1875999
1810562
1294429
92925
1411066
405107
393378
212634
690560
1572725
1411171
1957637
1697492
51745
1913959
1396227
233225
170712
263193
1926149
41040
1644957
234174
1997753
516986
844212
126535
1502766
4327
890834
584831
390678
1963841
448799
1113088
66668
588613
1659305
1496473
742413
1713600
869342
1330107
1832745
660832
1587222
1059326
921869
1685455
1003957
485907
923533
464929
1302569
529958
1834009
204495
1020822
683348
243790
1090423
53076
1545955
933522
939144
425955
989267
999179
1304978
1956134
295247
317000
1219687
1708334
1782130
1956787
1580019
1810401
1961318
1076494
1967634
1920090
868331
1823569
258808
1769098
1727917
998952
1016372
444771
846060
448019
798778
1441070
41681
1705008
213139
731920
609824
1983915
919207
806627
884397
189799
146623
1814998
1277138
213043
422422
1873820
1895617
1204894
742373
1691047
1790068
329624
1912422
363163
843578
371118
1062040
541349
828481
1698214
1607193
77150
702182
388667
425716
1605696
584366
364826
513552
861735
962600
469844
724991
306837
1821533
297817
1288168
1599481
310241
577202
1816590
316945
1189935
139447
1559222
686021
1381142
105013
1838873
365687
1197522
1267219
1901397
1804426
517710
837241
1649431
1972063
1712337
684933
445062
1571406
1694036
922247
1993661
11242
971297
1188014
1413592
679292
232901
585723
580165
269598
85248
587976
320011
1837232
1859651
641691
250202
1153660
1487689
1084165
654984
570837
1366588
1353122
1271478
454373
1787633
557826
1220171
1135604
1304824
1006124
1859263
957262
1884300
1823769
165613
1593860
664380
94308
657748
1217641
880198
13966
1003105
1404507
1246106
1814695
992209
1611314
533570
1084422
1034375
1943214
1148569
159229
130428
842991
1644042
1933232
265669
892729
1988334
15853
1013661
1915625
325548
345143
201098
413865
610216
113590
326664
1320340
1453441
1638138
1570550
1003236
1917580
845733
481977
1317558
10441
1353123
1930743
1729213
356596
547225
731067
46517
1152620
1707214
267653
430419
268210
425071
1608013
1725823
466866
1159601
82607
1015974
1402432
1522880
143275
843539
1246993
838145
1132606
1676611
844867
53678
1190941
1084700
326796
806557
1797034
1635865
318018
804557
897135
639419
739102
496098
1975035
1508787
497195
1152436
474814
1504904
858126
1631468
220183
334572
169305
1935933
1764694
752932
189521
754625
165369
921137
1859931
1886053
1571056
401846
1709400
1212382
1257561
1861501
597214
550339
619833
1694089
568952
1051878
645053
55655
169119
832544
1417497
730395
1602010
1520656
721473
1535647
1918031
169334
1826846
1316490
1954115
1851111
217345
47102
1244319
628738
36306
385652
1579403
1862573
399992
1367425
330046
1495679
946529
1656471
1666924
942346
976628
371456
1563520
1260032
1803561
330029
592375
962649
592183
1447679
705396
136560
1377921
1490081
1379446
178821
1050065
819946
452087
819568
850114
1250415
1098170
451537
773476
1528642
434123
1136758
1206487
272236
1477491
1315266
902219
356774
697505
1169895
661357
1818886
1107079
404452
1203977
1388105
974603
237726
369643
1396483
1450450
1912825
823617
1947983
1255766
1207381
745404
1160644
723391
699399
907832
780035
592849
1989964
1108709
53841
739346
1550355
1836083
144537
1538230
350420
1800352
1139144
1298272
577888
84399
342397
159591
875912
780272
808262
1322762
279962
858651
27569
1400162
995850
1355364
1772576
1662512
742036
801034
1786946
838805
1828703
485746
238539
170561
1299490
1406956
230347
541793
485095
1166173
816612
806247
121352
1915149
1313420
1088715
1242900
1008169
1044875
1350623
987662
543323
746546
354251
674617
277241
1031494
311378
292543
166895
1498522
1321854
764595
1704720
1235983
408516
250864
560481
1454173
1726057
1243776
553658
308473
759922
146804
424582
256574
747460
58708
1895912
597503
819246
1764063
1907369
848472
597228
1858792
1282378
515369
1484888
92731
1500784
527375
434993
805844
1366039
1361975
407648
1453515
893644
1501460
229011
504073
1444702
479704
379892
1319802
1888745
1329087
1909670
1166169
1900416
852519
62461
1580525
1453329
1233314
1547107
499278
1377473
1579760
1866054
454007
1809548
365811
270131
590947
1155262
414431
1293191
1304221
787905
1203200
896068
1766967
148380
39644
650853
1379612
1498424
1190675
143698
6487
434071
497870
1006251
316521
896995
962974
1992283
70743
1986328
1550771
1868009
394319
1532782
328059
194779
579377
536043
942634
327020
1117342
143960
1595053
687063
20308
1390962
1253249
697243
705060
1860785
998689
310880
110269
1580913
1233978
1645504
1236778
1224651
1930934
1860814
1027439
1822322
1615141
211278
1040368
408561
1452563
1366215
1404438
479393
1101297
930426
160993
974397
444361
1988734
1793108
60055
1277034
1184812
636450
284729
1812440
1110798
474753
635507
283438
427432
442509
1071383
1480991
290256
540974
602957
911266
417560
567317
605767
309300
447958
309249
995467
755886
1838393
1027387
859316
69761
1638365
755929
1242031
1452143
1994809
1192755
1924025
125429
1653332
751502
1252875
1548868
841025
1997420
1462378
590271
1345969
1815325
436426
687094
544799
195857
1214730
18050
1102039
1838811
440463
881101
1150885
1068111
1801014
64674
1429604
654446
1262865
1615436
1470008
1621246
1977684
1751391
1666872
524591
1218488
1036460
171858
181472
620313
1386034
1760234
1895106
1817255
1219380
1857070
1645852
908375
1238722
1695244
211713
279028
1672190
1048698
636057
1146299
54924
1738055
698429
211491
985763
1464828
1500201
104681
1839888
983502
1629722
1568083
78361
611779
169311
1979521
316757
632946
682701
902655
1950898
1379189
115534
959876
1978408
774621
455163
370774
925832
515613
1312497
1936718
537788
1253075
1016286
1720194
900337
60262
835293
1078965
1554194
1578669
1425468
1421861
1075688
1288755
1795840
725471
277309
1321805
1087319
448600
456284
1174087
11646
1549487
1530326
1034595
1297013
1114753
317130
545029
1502392
1312076
897171
681121
1756034
1003868
1267189
438376
747771
692288
866542
371827
286642
955639
1422835
924634
573903
1623712
1429444
675376
959117
1095145
1751722
1543768
200149
295740
1492154
1887711
252341
1804455
132996
884785
865245
655986
1208659
1559810
1713648
793545
1387421
995762
1925766
588041
1954213
87052
737895
1947832
2317
1503829
776419
438167
354547
486465
708642
24678
1321263
1182213
457214
401146
384805
1658238
1030986
1674763
847750
657005
1179765
181218
1737521
1295871
1177268
1747302
1577413
936368
1522521
941601
876563
1623975
778130
820089
101963
1658332
237572
1585008
1664633
615813
1649515
1343532
379452
1730507
1401516
1362099
542888
1871607
431833
1049479
1724310
527669
415046
1961779
140658
229362
1606271
1388812
1114341
1217239
1932379
677633
899363
539437
283378
1270699
800314
1133438
487503
1781460
1446623
637622
1342540
706601
217816
1260758
1716951
1912708
955602
579479
1035134
1404084
274038
1584865
1335352
615037
1691510
1739232
1280706
1650791
175754
1508976
486865
1424638
100606
604094
726423
847763
1051632
1497766
195503
485683
1077685
701983
351838
95771
957297
1503893
364593
1693474
358315
29595
51323
296667
1686154
1943536
1156543
103034
544199
860043
1134723
1736186
1837350
1331441
138180
145516
806836
1102842
926089
1188184
602008
1787209
205866
21229
714279
1032199
530730
996515
845511
1697288
1058453
1633309
663149
502064
1878821
1904398
1736869
1594313
1135721
136329
1269246
1444517
1261627
630836
1819297
875171
1460757
700089
661622
317987
506225
358132
472422
1896946
1533565
650147
65280
377468
992714
1274577
658833
550884
575216
204632
494393
1965995
1158686
1870821
354078
907835
658169
1671080
1490940
1497726
956195
547455
14463
658750
1302813
1915825
984036
1321922
1539289
1435428
857685
308513
13362
587383
428577
1416800
1410639
1881645
297772
1589091
1086651
223658
1980316
1657643
1630688
628591
1097294
1414803
228640
647306
876971
1001448
1727897
314703
237174
725131
1200504
1467042
906009
1485339
1193539
424409
510294
882509
58883
478528
1414771
920399
741781
16002
354727
876515
252746
1753779
1670930
1485835
397803
34174
833367
1788145
1577390
1569390
571557
161366
1488830
139441
1793411
1605319
631036
520455
737621
1788034
63077
797103
1983143
1013479
1754135
1473619
1092578
1811645
325013
881460
1255598
197258
557518
12586
426162
762606
541486
1833043
1063379
806381
1061680
778250
1441589
24472
1583965
987371
1008572
1686761
301756
1425104
919390
248767
451725
865890
170902
1412589
1220161
62357
948759
1867238
183451
1534556
950222
108924
815689
1902561
497554
23071
1837488
1917004
1989926
713787
1990095
876733
254465
1571313
1599474
1396621
1107333
1510933
799575
1288786
1808115
1567373
1124660
1261679
604176
569290
1858349
1819002
1285715
928299
1574451
908084
555813
571139
1380928
937742
1349101
1581524
339540
8412
1389025
323216
362794
1079950
905052
1991056
1940589
161332
740859
1482177
692890
693388
729183
1285085
1339868
1856513
917620
1561059
1857670
207616
1246166
780584
631763
1744670
1700
811652
1732105
1936369
941215
233100
1743318
1083135
1863686
1342075
1591100
1103072
1641658
524268
1732715
1966447
1204725
986702
81005
190529
1957414
1825768
1174233
1508269
271916
1706150
254254
1081667
1470507
875168
82459
1764503
294683
434625
500907
1070788
754750
1829633
1253571
1790593
363349
1616260
690186
1146389
70681
1603187
369720
723160
1215585
1881688
986603
616530
1278496
1640452
97323
1663700
172637
638987
1129684
18731
356240
628080
815667
258793
984384
1973649
1258078
1807148
1078430
805834
1917493
166285
1825692
1896947
643546
1802919
351839
1871412
1520293
1277220
1003845
1704962
392074
625473
1550609
1237123
1190525
1846332
1508691
504625
1322574
576102
1372062
738545
764036
591736
1099082
180084
473245
1631402
303721
187355
28236
470311
768349
1977179
75753
1743916
396936
1337068
1000993
987542
1157812
50061
324468
946882
1200133
1243563
177850
15147
288516
440370
1578906
1550661
898926
1229539
1705258
1888120
704956
725198
695175
227892
777936
1102979
763168
643419
1266024
628259
370345
1477163
1208306
439054
29009
597235
1446111
109432
892993
36981
533780
484862
1288474
1565231
1761247
1595352
929222
749909
1632118
234971
1839098
796890
1425961
1216573
746143
1313969
611584
1783551
1975242
14980
632795
632547
1230801
1546640
1034683
1388937
1498472
623158
419439
1602207
1730052
1203994
1913701
1513466
1255506
926344
283159
759387
1112517
1583267
1390677
1820609
155370
338343
949481
408601
1542204
1943570
1004831
1202300
441543
872090
169581
554521
94332
609144
1802201
136480
932159
1414905
958204
416479
244072
1026272
1297024
1533490
54977
1662435
1632960
1150811
1475612
1088399
765269
1647153
1739044
32965
89285
777316
128157
1361836
1967575
1710873
1203530
1939936
693636
976330
217642
79447
1015014
783929
1184496
1451582
1459874
1392729
1802530
111373
506456
254807
827885
1800970
528445
480853
1224025
348688
1577382
1998909
494085
328599
375889
320842
727875
1115109
828285
1311816
1964271
987
275297
1094295
610438
1560509
1661176
237260
1591751
1778285
67098
640379
1595037
143226
1166825
265305
1474919
174704
1724995
287751
476326
844058
525619
303602
1008097
547485
1024282
744539
1150917
1839154
1541329
1753771
1176218
951113
1081535
904085
1754053
783869
1191359
935336
607069
1329048
795559
357171
1703023
54510
1289169
1972146
352707
872218
919123
973923
1131516
815112
875287
1464510
893734
70923
428260
511827
92909
481366
1280334
650831
676762
1187744
316243
1454422
354973
1695372
342747
1715154
629460
1074304
674862
460654
636146
801426
927397
82359
667326
263093
1772220
576650
1391924
589110
361239
317394
927723
1319505
1006912
1000347
1376549
581729
1269949
1491203
487172
720888
518942
489866
1304146
1170421
1743299
1800298
1413034
1833053
1581575
1832745
765058
113171
1216835
1787528
1032424
1880719
1120493
1430217
610554
1293162
143999
345211
359531
877844
390511
1933870
36739
1745993
1802370
1477911
1531006
356321
175112
1881852
1657502
1303799
935720
1425369
185533
178343
1164667
1029152
441227
1160486
301485
595869
744027
60684
897751
640367
420822
339265
818123
165597
223233
800444
712614
681302
1159893
395121
932769
1289638
1754219
1420943
62622
168493
1790729
1564105
1369673
1513249
1161540
1894495
1352207
1427864
1269922
865673
1550921
1932762
74117
865425
510011
1620948
1754860
1414685
1722209
1523305
378792
959685
1118989
1039594
383349
1652567
554956
267241
1863743
1764244
1058955
1397029
115429
1043849
1387223
43634
904652
1982487
1391983
342939
1970444
1638081
1785729
554946
997207
1857208
520135
1202618
1571358
1635508
893990
1490255
1159752
1609630
1665994
1942557
471858
19502
667896
1618414
1865746
389512
1906966
1953042
198509
746428
943337
764403
84753
1801739
1554933
1721367
1809427
559358
469438
1371854
891150
787936
1759849
384091
1397668
539521
1899113
18256
367029
888494
905612
436584
643807
1844470
434477
1750428
1069182
737533
280656
1442119
1335454
1481988
1271130
509641
1075250
1235563
902928
1908707
1718617
1989996
1646793
351672
1138272
1013775
1925615
740696
1798070
1330832
67694
940605
1710686
1540436
1776524
1051682
1196059
727156
1016572
333803
1014240
1983558
43287
671176
136827
58473
1834046
339492
1543971
231338
1751218
510174
1049784
1522709
1647621
1231232
1286258
1046765
361975
1372969
1422035
475916
1189506
1009555
1326186
1413776
398262
1032618
1898390
1610870
1907472
607846
1602022
1330905
913299
766202
239254
478481
1478074
1966931
414979
1924584
1063471
372249
638512
64134
990609
799214
1220601
141661
839942
1377024
365268
180074
1098417
1520945
1500518
1764589
770464
518219
1172558
1460194
1871957
1535384
129209
1066100
377039
642633
1693191
431865
519055
87113
1109416
1106989
695623
106694
1346152
192425
1690886
493777
476020
1223909
1582146
1781978
1025378
1432571
632093
1948899
434806
319649
105554
1626274
1661612
1415128
674447
522112
173367
334312
270681
397746
1635091
236969
1731231
918387
1075785
841336
659688
341670
167667
1524359
1198448
810221
1612697
1567738
39765
1363082
1696602
773730
1513060
1931664
224423
1287778
279314
1944410
1219075
725800
1093030
1604182
22515
36719
222620
502885
1140015
1682122
1990728
1578034
550984
1095964
968985
1505223
67497
1501174
371961
681446
192535
1304708
808574
1752610
1968811
1906407
728969
1543223
1995209
1871990
1451187
1308919
142953
1207449
4022
1985329
1574453
711165
431746
401914
252969
1432973
1038814
613611
265462
45159
1705219
672057
1053455
943902
445161
1992279
320891
1758422
260058
119625
1802880
1793123
1345495
1342854
186962
781690
1422870
1292577
1546708
900554
484242
1431695
445183
836908
606561
1516691
198389
717473
1087271
1507003
1689806
538393
1268454
24930
445313
1137370
1299800
1772485
1429906
1946108
307694
1967204
71545
5879
18128
293046
1482797
1565154
328092
377083
690126
1974493
296869
1561149
714082
1699962
1003472
1149774
840995
1156865
1524372
518774
1844750
1135844
1224483
1125161
1207121
244406
1159587
1676405
517883
59406
544072
1598087
1755148
1942541
1670941
185812
878821
933122
353100
1178189
1467844
349380
1864655
129327
1798759
60526
340989
26713
1342939
703636
315046
1304761
1293764
1902474
546799
1328013
653838
487704
1113898
435211
931656
1353553
13910
3870
1926199
165278
1190676
1764379
964233
168942
817278
1182592
801266
1055279
390122
253464
445784
720774
1463744
273735
1424982
1834961
977380
612389
1080382
266980
1326341
1271462
1450568
181659
337662
673009
781684
92713
624959
1984657
1337480
1286636
1616499
940078
1533231
51351
135340
1725096
1262076
1757504
252682
285333
934500
1840128
443801
451794
1016678
701812
1985157
589869
732147
641521
509639
1857138
1460327
406296
1649105
1099662
625235
1078229
1077174
1221204
685453
575058
786400
955398
437863
320074
566519
1686640
863365
162815
143334
519225
1154690
1599389
130963
1585721
512596
438172
1676205
314639
868842
695216
1660462
226575
734752
55376
127169
721421
1844481
937100
1225575
1690387
763614
430563
1395267
35280
1051818
247223
1193127
972951
1730147
1018372
537112
613731
1273660
1789681
11356
820754
590370
1684437
1478098
125066
1996218
912078
136481
795120
1220570
69999
266830
1647493
1421099
736844
518842
1907093
499458
865973
1872860
1698448
1835922
983136
450409
922539
1514010
1256687
1846753
1942164
902899
190768
1576696
1308565
1769910
163726
742874
1230103
1115639
1874022
1344758
1759214
1657456
3075
396431
1400317
1227885
1674963
791403
1673737
1392135
318868
1501431
1676576
1807079
1357129
284952
1698016
1649419
614771
1434662
1448952
339026
219618
1092324
1555038
1089570
392235
1417970
750838
1335239
583651
706404
1321958
1231863
1883905
1635172
1292473
1940006
89854
444556
432896
1977877
1755798
845736
43512
949458
1595933
321051
1405262
880546
1778852
940624
608025
682968
898277
1642438
489872
1556163
860446
1497791
11619
77237
1617739
49751
1000806
795953
54156
1597592
367196
44364
112323
171914
1594433
411119
1436925
441749
158250
832202
1858102
1342344
1226288
977908
1037402
542148
543697
1704278
180593
470487
488730
745320
1515879
633130
1671780
1080862
1289500
1564056
1268359
439227
1540220
1737641
1239924
1112408
422061
409461
627684
508229
563970
1233854
1510025
1874817
1061106
618108
60201
913151
701544
1780396
1509995
406893
1161203
358018
422980
1819376
5522
1418855
693802
1076269
83704
1521168
1878060
1581125
612458
206138
926705
604609
1387634
498663
1862720
1963280
1512077
1667263
1563825
120631
1753247
1147968
589891
1427934
1172090
91617
1414973
1886047
83965
844609
415155
1462857
1980300
1827367
530984
821874
1815727
730580
913496
1121385
970264
478848
1751289
696775
1530174
1245011
258183
770855
1726314
188730
1272853
175763
5715
61685
1643753
466122
1614264
89917
1724456
1716626
1888672
749700
1212525
1609962
1746270
1042009
617195
1761068
1053642
290738
716250
1527359
1279229
1363167
1882539
1663356
1217594
1144463
592958
1616788
934157
941232
724129
1652079
1571827
1365345
1219301
725834
723225
1185795
583197
1385234
1809588
1319767
583927
1566597
172592
250091
801626
925621
1350654
323252
400694
1992202
669700
46662
1553042
1256307
1662242
1581610
1386395
1284539
1038547
1392503
220141
510327
633939
381345
1602861
306103
1416535
211214
1576795
137269
318419
1170710
186043
1053367
1689434
1585667
1769215
1632956
299136
1072136
3220
1836920
1964367
455689
185579
1144213
137192
33305
494717
1411543
1817570
813130
1534835
1155557
117777
537477
969242
959955
1378781
690655
1740161
1869549
1585430
1661836
262511
1308789
762384
115717
1364463
1874582
1662741
1853924
168126
1508842
1461274
889467
168427
1762311
74306
1073669
943116
1195307
181657
531937
1081887
1084004
880512
1506153
779592
649134
1719972
259025
818934
1177577
1458491
1226599
184765
1306486
1911740
1819949
1162339
186403
1391753
580770
388077
801498
1203813
831647
1929228
640174
1758734
826698
1937245
366642
624439
1996811
662956
1342807
1160984
346523
454361
843085
793627
1670705
1104557
478276
1223555
1651572
1870397
1308651
89529
987391
559455
1772094
85675
1976927
1429757
563160
1761348
373441
1574324
341691
1038443
619550
684270
1392997
389326
1705015
937969
1939475
766051
1161159
472474
193023
945677
465697
137420
947323
1548986
706328
145303
8434
1837729
151336
1031810
659714
250724
1442466
677602
931418
1695460
680122
1307486
1999795
1654972
1241505
108593
227962
441938
1171122
829265
1785198
1197447
781925
1982016
1935680
421702
622653
1367047
1393265
735551
1117742
697902
1193976
1741159
1440633
499029
1552894
1556858
695135
1060615
1322546
1958535
489052
940349
1714094
287797
808412
1661047
850409
288068
1864952
1220761
261975
1916064
1270079
228082
11544
1857474
1099683
1220613
60867
1700456
1473470
661792
394125
921836
1649388
125731
1934985
1961945
1881423
878445
407664
1780871
1378194
1119389
371750
548449
1806191
1560467
602696
909502
1380842
887384
1895376
355167
248732
1218805
445167
1204079
1290676
1085163
1220820
1576369
666602
1792084
1551423
646874
868078
135812
1685689
1098193
247565
1194667
282502
228018
36711
189499
1388596
1540524
1024295
517099
713328
1023694
353422
654683
135162
1703847
116924
1637322
1145124
1050907
574590
429508
720301
476729
179533
332316
1346370
750079
586836
1050704
44890
717180
293032
242387
1813033
1858574
243947
1120626
613883
312949
820488
347431
1151185
1752218
567954
501935
1258993
1777174
783548
1033908
1734125
1427133
1750719
327754
912787
897383
1152634
1188201
1384001
864008
1570138
91620
1612436
271075
351417
67334
218128
1759281
58954
1045478
373294
1029918
1967511
419937
279394
1287657
128270
1784802
1934024
684637
1922083
1326110
1485322
1326096
1086847
820234
555348
1432930
908844
1923624
160024
1498075
1962855
1408844
1282593
1963663
1413759
1610776
1399896
1305697
390896
461359
1396510
59266
1094609
1768724
1857016
1300622
374301
1183593
981186
1209958
1348702
1260534
1138
812491
1039482
826805
876101
1076648
1841760
474596
458224
1430590
938824
1658852
13133
593209
1011635
1978529
898608
712076
481757
1057748
1534872
180494
1225594
458869
1460156
333077
996334
1159171
1201977
750404
765154
832266
861095
1021286
1949251
410729
777863
1712565
1370970
838166
265518
1143525
343303
407656
1000803
250775
882237
354988
146975
569738
1639884
726694
282238
1239391
851576
1773328
107121
635558
1109770
1256004
345855
1948853
1585987
763918
929619
321209
891062
30790
1437200
882968
810184
1420625
1643513
1194401
379930
139985
1514320
1540807
1937451
1364173
1364711
1493172
1862991
148111
111043
1458908
1955209
1126273
509071
1301252
7177
273229
133627
797376
1032314
499248
390449
752458
652967
1548716
1358689
1903423
1126662
130627
521956
652598
752575
824424
153440
977460
947411
1299341
1599713
1966681
951276
284678
826080
680411
900954
1305432
91519
941596
848092
1944516
1973949
1111197
592121
1884999
1242429
351460
411198
1514125
1894222
1694656
649579
577419
1013549
10265
224630
791727
636694
308142
1515345
492535
911433
1683601
