1000
113072
465552
177332
183061
12622
327374
481335
41805
118701
431714
301706
160773
337195
223952
9689
85519
5057
403874
262737
401678
376721
449015
354090
18246
99755
172108
76520
43641
234358
178190
6614
208162
56279
109283
169902
173812
185782
409985
70620
431506
308671
132655
109240
261657
140731
27371
100745
237989
184203
492020
252773
146050
92700
51439
170844
274695
432494
189945
78471
23936
170518
477031
46350
77951
164626
202428
203801
190500
47267
366138
363511
334263
370767
14928
131728
201215
400468
405600
252820
476323
223495
307850
488829
312490
238324
281458
273472
136144
227393
174344
340383
281720
232777
290466
388485
487424
65309
78193
262668
11390
49939
466334
230353
317682
256692
36217
87203
234677
97073
269231
319675
79557
309606
370447
45923
189658
52425
388427
82439
428518
306499
261410
74346
280006
35057
174672
452423
154614
68953
394562
129841
96249
204565
320316
179814
72018
278217
307383
160458
373717
108433
151578
143902
267490
77687
378739
23497
39077
116060
35471
291435
316037
378322
380470
497232
403828
411516
90245
256488
481449
64283
362120
155028
357638
326224
107703
59117
83870
29474
58036
152060
332939
422783
188656
170185
419434
396710
331763
17697
275820
56280
323034
115773
162472
217741
64522
298166
346828
286884
448017
139928
237379
327193
52391
382611
115198
369970
150858
116579
374559
446757
465704
151310
364738
101029
354191
94550
485829
206094
124489
486277
70433
324563
230948
214444
22046
349786
140292
287137
267948
41152
73515
179613
299861
314281
107074
270465
445230
99648
488653
362486
127159
282684
281648
134704
118397
485932
70587
275377
205453
293438
366975
246936
57848
15726
411151
418086
25843
482195
320223
154401
407154
267289
458364
357058
468685
286820
32793
389673
132070
289802
212041
170189
186122
227114
303262
75840
354940
368525
132440
338003
487341
43772
437077
270666
285661
417663
221346
305018
245921
178534
297361
196927
189080
270070
255451
112341
257924
232111
9486
357913
115923
363946
183356
150446
151203
429915
238816
242804
426169
202729
332368
462725
290886
349495
730
208919
90804
240989
257658
288932
98411
414519
298217
93287
407842
448163
491646
255712
339334
357476
90790
305440
478587
247518
266459
428601
151739
466076
252017
446129
410525
381380
144704
350116
109432
260213
279309
126299
96729
112195
178142
391924
188019
471876
154482
284882
89829
410918
487517
88299
473685
348166
367974
238220
446974
136196
442055
204801
301873
294570
233516
471490
286124
222786
402897
176434
84682
333756
24241
21243
325669
187241
446840
67796
166309
83436
190308
39491
269410
266992
467379
346893
160156
362346
392559
94709
427833
365320
450670
135563
429275
421634
208550
493329
140716
456670
177993
388671
384016
391436
379591
160838
257086
271035
59925
374609
129076
419093
269051
238621
290994
319194
490707
223032
127437
487095
437194
433947
329093
212213
288795
474413
49175
124553
242373
136361
308719
245129
36841
61221
412725
78399
393787
85848
91824
329159
241853
276104
119785
155778
397508
227150
90446
195932
40313
471960
287301
36061
328976
245280
57790
79107
151279
399992
278947
320188
71667
328552
113876
154880
300186
476114
444683
6754
26889
264860
287796
19675
175356
329993
430231
280538
400981
383601
101361
463956
493993
409482
52114
26108
466332
94530
475272
133844
83100
325277
290778
86936
232806
104082
289514
239123
190302
132786
198814
84500
297410
133720
463777
2496
400912
217673
321594
183208
308004
148329
270421
65229
453824
335117
239057
291150
306975
59344
456646
267258
228661
226101
322119
379588
437090
285229
165386
284598
71561
316296
265335
83058
312904
90960
125277
386914
133475
166881
184007
105364
256908
184365
59131
288323
190777
459020
216110
453836
125325
124116
218554
308953
362801
452831
276884
350736
332545
143340
452160
447660
445730
448112
307280
337064
126036
188230
331793
361581
382053
435222
207319
383556
59186
281985
123912
99152
141424
189860
50249
480187
295678
305767
409508
248407
182782
401432
479436
285143
311547
445266
300144
255291
132686
85611
1177
108696
368245
411016
70640
132416
291730
448847
99891
154773
125487
398457
191765
29147
153087
422347
259327
124161
409759
479058
365656
182621
109925
335818
437285
285586
286731
441011
104738
393996
76917
327382
315040
387045
239943
361209
19733
307423
76556
140988
181663
137875
414682
1487
115574
358026
381981
94432
80768
67611
356532
96764
379120
158013
423345
94939
256607
236629
108832
141219
77226
416792
97054
105285
283222
323420
300049
267217
165140
33236
379252
217484
223938
343469
157615
165217
283939
274657
308202
425012
478208
36621
282382
41729
460137
284935
379998
79190
91501
416333
9007
6814
308210
220244
278767
130728
72488
131066
76727
310587
67225
180555
417433
277173
390958
388568
379021
241521
124436
148371
260392
361777
176357
296832
474762
272769
174218
39484
77090
143658
238840
166113
161795
386001
421388
192736
383395
89805
479311
499053
1001
143666
469178
284374
307293
419540
266817
207978
291646
319201
173535
238694
100987
186486
211948
479735
75334
431283
305359
24167
256506
49758
374375
230011
71715
225770
191466
418894
454711
131518
335122
333537
439948
370704
226927
174910
119601
483101
10735
114518
425657
409584
304143
459526
349138
51923
339561
354309
93731
125647
56576
107731
87736
377407
490719
223588
289213
115148
294529
27491
390622
435193
73437
258033
82282
75009
189350
287567
12609
173582
104837
19235
278910
499534
258116
393065
49600
354641
479714
185250
235828
4958
196986
57335
499122
406156
128093
173484
253584
459098
273745
422614
216439
208885
162876
470093
57393
344192
351880
432931
257806
227265
360982
162627
236000
105496
359228
7626
186925
286664
198019
240972
314817
259846
93277
486800
452904
420197
270500
496949
191496
463888
289502
89805
241303
38423
362609
149560
151856
192214
114486
387189
187023
221422
121026
420793
478558
307257
160419
461164
401140
442141
289539
165473
246175
220761
338589
389210
58793
229051
306581
149895
144692
307923
105232
5253
394129
55151
491764
453090
268579
409985
470741
21853
276891
299215
82185
180109
318893
416891
499375
50986
400419
185415
470354
251242
154710
141730
471579
118732
328764
23308
476301
319366
34052
393361
227650
129926
339423
491120
131613
398641
113296
121213
102890
487823
259274
437472
6753
22125
441902
406638
492986
164520
205893
18385
195949
176839
221063
75617
377917
101973
3727
204933
136152
435411
421812
438130
126290
142130
175570
266622
70445
316760
295554
416185
304563
254630
380391
211632
221386
73112
148210
499587
62772
244659
163524
335627
132706
41799
268346
331346
202201
101420
191996
249724
267193
397455
298733
24522
264926
304774
78782
378898
94376
236680
271427
106681
337658
198301
301657
253531
426137
82658
461817
35718
183665
74079
292634
418504
202475
172905
19986
224050
865
43127
368503
234276
384208
