10000
280940
238202
959640
563997
1314415
1527448
824635
1224906
877942
566820
910757
647461
1553888
633461
1173285
810877
1724411
1817338
1393206
1976270
1328370
57993
326544
727616
1323136
1976487
1827074
1139253
84253
1970523
113211
846769
650486
1589839
1411905
1236494
1952412
33771
1994834
247186
1394216
230313
912817
1254207
462563
857919
1067902
776601
533963
1426101
1531099
321207
35478
1287897
130599
1917935
1265915
1633916
1861867
1381876
1010531
1748231
1425640
44622
440792
1226175
658300
950077
1111688
122243
889762
600179
460992
1494258
1212948
1534342
320102
926799
1057024
748885
902955
742835
1902911
873223
660538
1045297
120147
747301
692944
363314
1132594
1539042
1679499
1378793
1876685
858131
731131
500348
1282833
1406063
1144867
707918
749542
1090541
1638278
1838644
1074484
1781483
145122
1855895
1158221
1152303
1235569
1623983
1160861
1637636
198976
1966033
1057660
1650955
470290
943011
595119
862734
1776160
937747
566780
1077342
1143756
1335570
1721571
515146
1594262
1377838
1007276
1426726
1566916
1311456
1803952
929309
75924
301266
1778816
534956
764472
1503041
378498
91427
542119
1560311
829211
777506
1291347
356624
1009275
870008
1902368
1595993
1166217
1010687
1619547
1518186
1427953
1617084
1975101
742695
129025
565676
1160908
609000
1394813
1448618
1682773
1178475
113304
1258603
646055
130286
489022
910583
1825030
1029052
89805
1751416
1217928
31438
1743002
390783
914632
924775
2572
853759
830039
978560
1533091
1803925
533124
857150
1923825
405151
1936637
1561285
1564685
118199
1024977
40975
1357848
1646997
452209
1540397
643284
1036685
170376
658739
760261
1996045
667224
1804651
598136
1954018
176211
1626846
843257
1852069
973799
70618
1704424
578314
1827168
1533676
38045
904569
34787
343313
263897
1885698
1821135
1579342
275369
1729013
505849
309995
266404
190270
1483749
184470
1572677
1257710
677496
1843286
270286
422547
442691
1208742
1278294
760167
820978
201406
1257998
1411311
195215
1808557
605414
1013303
1174542
1820924
1839094
1336942
1671702
881827
1293787
322727
766469
801769
1895576
1373901
901678
1383757
1107700
1868870
1799811
357256
543410
1565049
609168
1878110
100937
1195539
514084
1169412
1476874
797745
466064
15490
1125118
1052965
1461259
1393233
1694798
1690328
1180580
834531
505698
191948
1930746
1817467
74011
681146
1028006
1441774
1582302
1390958
262362
224269
105437
848510
1308058
334829
1677209
114234
1076948
729968
642423
87745
1677667
1654617
1122192
436069
1867204
1764407
836300
341960
1299123
1178260
1391862
1114248
510622
451880
39106
911365
99795
1159679
1731943
340969
969283
1965497
1513053
704311
1201596
109938
264477
1935591
1034362
549899
221437
161617
1072839
1053961
50258
1623809
1413234
1312934
940757
774285
1317076
272123
1207306
941896
1231099
623267
1745877
1592142
722622
1664620
40791
1708290
857551
1782081
1083424
974470
1715944
1571718
670608
711021
283922
1527115
1875335
171940
50035
1694729
375293
1456203
186769
1488983
613090
690522
254908
71129
890625
532205
1579124
354425
272996
1338421
1887307
781275
471080
1594301
1213629
866312
598546
448356
1146509
1859069
155841
876918
270534
1618762
1791752
4273
998260
32402
416828
1895289
565444
323212
521714
749755
1195718
898446
895280
87116
459121
1310073
972070
1302679
301772
408031
623721
133575
62683
431647
579402
373036
1843669
618672
770285
438501
1597865
1320025
371046
994044
1957193
1387614
534593
381669
121328
884624
984079
586416
546622
994890
172585
1685483
437440
892298
688471
1860784
884384
1179223
1460897
327767
453950
432328
1958726
860427
1494403
660720
176234
157805
1701884
1816186
1061442
1303013
1484267
298251
264441
1460347
1819003
663996
1666685
778230
1953153
1551954
653948
1146935
779263
417123
191939
1236410
1660438
499296
312010
662002
1820453
524641
1637972
736238
846281
1395399
1553228
1643362
1257913
247198
1645655
1502321
904379
1254136
826154
145744
1870990
178532
489325
438276
1333492
832196
1739570
268153
1795504
1410058
1711170
1894445
390258
1376503
135659
1498547
95293
1720290
233539
1554733
1436701
1299323
1642701
1079709
1910856
765434
893892
1020912
769569
772467
1994866
51707
1967181
1323988
994224
1716710
1899500
1618671
1526813
1337559
1571532
1157274
352050
158816
1028832
507708
180657
646803
381008
1174079
148142
658209
397537
1047685
1058979
60747
592254
668122
606831
1748513
17277
684105
1666953
1292084
1358629
686979
155459
955577
319535
48755
1893257
1515122
1615013
898066
1104888
292521
83391
336866
1954923
1809852
1969709
109622
1325489
593750
1781431
1637420
649173
1161624
497930
1880872
191194
541597
1325781
366113
661945
178495
981402
833890
483517
1488154
1766082
1458056
1080349
1918369
526550
1861153
414838
901016
985099
1879540
347171
992385
1925917
1593634
1376188
1406247
1938512
1313313
1859232
1852831
538013
566927
702708
1349148
17658
403209
748342
873828
1201773
569853
1383554
1705136
178221
1172349
1548022
152827
199203
1587066
1840472
188949
1393828
1655310
709934
810872
1338956
1529789
352478
1576949
1307294
718025
23016
1836111
729203
1512912
179018
374303
1827255
1974946
153600
601257
78637
1628413
43999
408428
1078434
760420
345880
877496
621133
951729
1291567
1436101
488415
816459
387048
1081350
1621139
768681
1107798
687668
1115274
636067
768435
158976
1889015
1012251
959047
1256844
67603
1959148
975577
1161578
1906666
502345
71597
1027307
1524051
933690
1005310
831205
732355
1801090
841299
1204298
419569
1779209
844624
1618027
284973
865130
565030
336532
1744139
801534
712675
84695
707109
193361
973229
576974
1930405
694764
447500
111738
654419
953690
1997486
1584175
172272
1161716
1933651
1870929
1905721
1069340
331046
1194021
619622
1229691
884168
315177
174140
884654
1469350
335622
954109
1686344
779348
499010
1224031
1587626
1290150
1241118
940841
956487
1430823
1164576
1773902
624912
211736
1969248
146074
1603309
1373090
800893
1827542
1649411
264050
1820679
1157875
745793
194537
523116
1914826
1268656
303158
1685336
575782
1935866
1331985
1131511
160075
1654729
1342951
1692674
70728
1309262
1131357
1141565
1974557
625973
775926
1724106
846120
394182
1520564
335737
1653981
400666
1629249
1291467
120224
1304542
456782
1704733
647792
43136
1375443
1379937
1546005
41459
10544
654835
589980
868165
1830758
1704153
140829
1118837
579049
1404568
1046604
936486
355064
1998569
1291220
1838036
304600
1975556
728582
1681152
1517208
260527
1351820
834202
1190388
1349823
1710101
386556
1757006
271762
1949152
337751
114220
33643
128410
501599
1908174
1830143
1183575
333147
522853
1248949
1688881
869901
1165889
1103718
1192466
1996995
379165
1707811
1568626
1317070
215379
1608097
807538
12155
57570
796286
636136
999407
27697
1187487
1882747
1585182
1661107
1944037
372162
305666
291252
635601
1877288
79998
1882821
1925524
1053544
1415756
82619
854312
1182400
161699
1547655
1456698
1401272
75759
1743254
1476311
1531791
490823
29273
1943167
1175425
1993933
1744150
135256
1020435
796790
1211124
43186
790561
1035594
347711
534095
126468
1062915
255610
1548185
1153411
1148022
1645495
600653
1173374
653921
1482705
1512140
72651
122953
1935692
39245
412165
823543
164685
1271066
1673244
24913
749968
543645
1551967
762402
1276340
786455
16261
1553062
971106
85450
592891
692619
1797240
1310267
276479
742745
567690
1254736
1243704
1685560
114277
600968
741616
429321
1546972
1338915
1231013
1152268
1244935
539634
14989
141758
295928
773217
1404022
1481232
1633038
760856
401249
458880
548727
606051
1343096
1323256
1093156
743491
1374277
625518
1443968
1683370
336523
869867
1825491
49412
746692
1044260
569438
1135099
1005978
1072020
460511
180991
189391
965738
1337235
1852383
504196
964722
1858761
238156
1452557
1101543
1087868
1285717
459085
187686
160307
1280585
304057
1132302
367923
718216
461146
1214113
1054210
752626
722578
779807
1253898
1230098
1258435
212024
638639
1137789
302719
198114
1823257
414745
408945
968399
1142391
179383
1519037
1536689
946840
1145257
1838679
1450281
1610724
626998
1329591
452602
1008844
735755
1018426
560928
1560954
1922395
1490064
361535
1317778
226808
1054441
6629
212303
1819137
185008
1966887
527181
849524
277207
1471980
311864
782502
264000
1427809
298186
726250
1897231
519377
1519983
1106996
1712276
831280
1911806
1912664
1328542
465465
714845
221651
733130
938604
993444
926829
1431396
404437
613879
1265895
146132
1802446
778858
1113273
1985705
1706271
1661917
833491
1813969
281810
1129059
274118
1250818
1926177
236007
250195
1616051
684251
1431323
208115
1726266
1033901
718793
630456
1942203
754276
1397467
1651461
974058
1236289
1125563
117068
1680893
1710629
1622170
370158
907558
1124214
1710515
1665242
1924543
1911598
817518
1075687
1043098
1845011
1937841
1572797
451659
1195153
1088139
152366
341440
1573473
404656
921984
992169
1195798
1896825
722173
1624063
1369307
465003
583693
4337
1968184
1738105
1890729
8246
874519
1098385
92448
1503595
1837936
1027948
1721290
1913020
1337542
1677542
815316
1859093
760678
748017
226564
925550
878818
801792
1815997
453330
971647
1662835
171488
306494
773780
580780
1063012
1236338
1789493
1429687
764541
74486
1856172
608752
860578
1958749
1170026
1194267
1110308
274122
1702793
689139
1328355
1210520
1423978
559074
643011
1064761
109412
72837
860589
23220
1692295
1614187
1600741
1890210
467128
800004
1070564
1985979
222904
117470
1860494
87195
1798481
1509609
75811
1993176
1233405
476987
557995
584400
1865049
461513
174380
1593195
64924
796230
1649181
1143210
613960
1282259
1959070
988595
1260911
1100799
1326116
663519
1060376
1693552
1576145
257231
1139149
1075051
1352504
1987461
203329
1215138
1659486
472137
1895392
884486
588219
1112478
287733
1035739
1058814
1489034
1229896
909340
1808325
726781
1331952
1119617
1991879
1634548
1263087
348323
1099592
1146880
1521230
1860228
685718
243671
1751360
1727520
1580356
1953549
1509395
83395
133453
19902
1257672
1805002
1431663
1516860
1026986
1062704
512041
1588930
621606
921948
542352
458125
1630742
288746
1233046
555263
1376296
1177989
1273740
1101610
1683209
497934
882870
1812781
1197149
1908998
468521
1966800
696671
632375
657601
930153
857418
282998
1507814
106356
894953
1852154
764359
1618136
1753688
1212713
1029989
750223
1630205
1108606
1983178
1521047
792722
40650
1621407
1235023
1981315
1733955
1529970
1567504
1558147
727813
683782
698119
724473
1188544
1756414
1947892
1471316
116879
1143819
464572
1182407
892101
1104899
1479020
1582302
1175129
1390171
25457
1565900
1185779
294155
1196579
1648373
706796
914541
1694861
332534
811132
279464
1956510
785134
436104
15953
1688330
1958249
181602
205446
319468
1223628
1723780
1542930
1228949
641229
866072
1605958
1428123
76024
275757
1092175
542356
1948929
1839653
1115522
934094
1975441
16752
318740
902504
192177
1175387
1500912
1197688
1987285
1250169
1440596
310986
1165423
1403281
647385
1271889
267061
877597
1030398
1734520
429395
170429
1115038
1499277
1680158
1274769
897704
999417
823850
470508
434150
1585716
1920787
1239996
1357878
728755
1054671
64335
394152
1437660
312621
1597097
700993
1607414
1582171
713491
79017
134507
1110193
27125
1959944
1393933
56789
1979891
1542847
497651
222546
1696178
1620383
1836144
1954577
751920
1616839
1516260
1443079
251122
1044847
1082703
1667230
1414193
966199
202953
354422
1777629
1087811
441271
1551134
557933
1478833
453029
1962827
1423088
1675239
95821
1756638
1098440
596243
1663079
854492
747058
896598
391675
1090521
338936
1727590
662922
913698
934514
617579
939761
433868
557366
1977476
1268796
1701768
52052
43857
1136756
1485596
1099712
1075715
738168
1463859
945922
1418799
634646
1177693
1797205
1493547
1660583
989482
1324549
1141928
918997
455885
1924538
821033
1273414
1097513
430207
1859016
975647
1539329
17273
1921544
1653741
1826546
1935079
936729
367469
1785908
648398
1095047
1666254
232288
220128
1156271
1864483
358910
1811629
1937806
144110
411563
1827583
1942731
1828197
747476
656625
1516338
1157105
1568412
1787126
487694
1604407
851769
1267209
827378
1625283
92058
605242
1278966
735469
1525602
138439
359775
1006799
439703
833413
283792
1706536
1705657
153972
586631
488817
1076130
343841
347897
1651086
477050
203481
1727215
40071
192038
1454584
1820009
1560670
1923463
1160779
1680461
797802
667464
507378
578812
1052754
1566566
569879
359186
1902964
91156
244957
150561
37056
754916
1914711
360612
1465981
1502439
1276685
1764522
589978
1330289
603626
1264770
746422
1699996
1006755
307397
84424
726651
1822285
336457
1010614
1569693
1177187
1731505
774048
1661689
1169919
910849
427972
1514639
1274943
707245
22674
1417950
4441
1341439
820878
1114367
918894
1941645
1097830
1872788
1535640
1809287
195870
1145574
1107413
1901953
167196
1443546
1204294
1496934
1605573
1047153
1672374
693977
385838
286718
158134
1584202
1995907
1898628
1424719
30958
1469105
1341501
1659490
587487
1691841
879183
256666
322544
140878
767759
37842
418510
1364237
1062923
310862
1847544
336316
819856
1594681
1237578
496829
198686
748868
351772
491050
558963
1714183
1851199
308292
1215074
1597765
545159
919431
502164
774987
669676
1506752
612917
631335
1286991
278910
1931979
27529
729240
724472
1898023
1397871
1411427
1719058
1427888
976666
1876062
1898083
72736
1445932
1935267
286378
210066
387489
767037
1992567
316430
1539576
871914
578951
935812
1112665
1345649
625455
69287
1208723
862003
1810950
1429284
1816295
1684706
298507
599778
1982312
1733359
1280299
1412484
102237
341864
1333265
485199
418947
789470
1005642
866223
233261
210465
8453
999500
1296301
1924765
504592
1361594
419380
395030
1345635
1611084
744436
1949796
485394
1142314
589955
1536026
21169
728854
1471437
1637142
1562330
1157071
1997158
645641
422949
86559
1809358
1086917
16862
1853787
1450579
759423
1941419
1759303
973191
1358356
1266187
1999614
268326
1953443
804937
41352
1672277
669713
1031107
161477
822169
1911156
546499
948720
1024864
849340
1767924
1814769
1870537
723548
1936256
951019
1633949
52316
616343
506522
921666
1789705
211407
1885695
572807
803905
1968204
883135
1230125
97571
712730
1876381
1871308
301501
535845
43811
1409464
147430
1835628
1643960
1777809
1344995
1104855
500807
1820979
887746
391653
52806
959241
1328983
1894967
1824932
1137707
564074
1891024
446437
1617920
391681
833972
1929794
847412
472612
1142557
1117349
264145
338927
1351946
303094
610383
462228
665606
922993
386363
1231764
852023
14744
1902750
685659
1380614
585965
341047
192402
931397
509165
1097554
186425
759201
569107
558805
301730
487036
210638
1355696
681206
1765688
1319076
1685239
718613
530977
1297620
622849
1590379
208192
1216973
1886995
1425515
1513138
440991
856622
770881
1682416
361517
1806318
541327
1343011
1860603
447607
1216537
410570
528042
1299396
862536
1427224
1375294
297991
1155302
1935964
731661
1589397
121235
526632
1497346
1033583
512097
1538259
1491491
1469214
909685
1102373
1521930
434806
1530082
1688079
727950
1664840
542842
592321
491735
15906
1081146
494673
1757324
899352
1764426
269305
853050
1645577
1071998
1017715
542172
1109258
500718
710121
491157
1957487
947858
1375509
242238
43467
1097883
1364846
1837894
1535056
1687617
1500270
332699
1906711
205604
13604
1192932
1487053
449663
802410
974669
1278649
1516123
1780719
1177417
611337
1274263
325977
638278
1247312
1227260
1424328
961200
1154831
8420
1307775
21748
1759706
216026
1983743
1181770
969701
708102
967329
356284
309870
1471343
870690
1203058
687284
1126150
1040210
1374713
48111
1296914
1634030
1705269
1709369
1198715
180408
1366962
74268
413074
1437402
888807
264356
303072
1041712
1192501
383287
500242
19038
819641
531479
1331966
1648655
140177
1592691
496862
14721
853675
1337884
1499934
1004459
1636259
1930109
164876
74307
1112994
628690
709596
1630700
1956889
1178444
1499451
903032
1940844
1959735
1400973
277583
379375
1456019
969298
470159
311061
1918766
592044
1066059
1680152
138221
1525791
1643192
63114
1678725
1993032
1287375
603611
1246199
1521173
408969
1499856
784120
1155229
554429
1400072
733793
952638
543150
388959
1973495
906611
443550
1001787
1918509
174749
595914
273578
1828526
1471266
673642
511811
1418117
1330704
127493
1091874
1414177
1770162
1189273
1079010
1735333
645043
403351
1548766
1595571
495206
1940228
1302163
966354
648770
1388700
1063678
482008
1520012
1637672
1084880
1765373
591668
1825436
1755022
1396642
1662239
724952
1051109
1647720
1382472
1276775
1130745
1445214
1789843
996977
810798
1504802
1543626
717799
286470
1255378
1002254
1160480
656389
1623523
1100781
678297
307106
842082
364803
406753
1976886
1109335
1650719
1653081
1176908
1580961
1939554
679885
1587704
972873
647266
1832647
1544499
882967
1537819
874131
1904221
1818014
263178
835615
35705
952943
4657
1897060
414794
726819
339747
742209
992977
135628
699195
1889253
1633108
1286848
1029622
1464644
1110735
611495
687822
1701090
1315375
1853765
377446
1093319
1048156
1905870
284703
1033854
530409
1770221
1752437
718971
57011
1146493
1195323
1358770
309221
474835
1563516
69244
426175
147412
1027503
1434905
1515658
944611
968277
1952218
126057
1878390
1352843
351242
1100395
255351
332620
822162
1827642
816473
418501
941215
980543
1923500
647907
847721
127444
1623638
114891
1642845
1485992
526950
1949706
1428023
1607712
1861076
1131135
619035
966859
1686165
1994013
1548045
1383819
901282
531498
1860628
1798011
1521170
1154130
1781751
1544523
1855468
1693827
572029
69695
1328839
326904
193789
1738721
123311
1266458
1437116
1327773
1519355
1211600
230876
1055722
1827804
1950809
1757999
1027960
1121433
1127043
1381065
1802924
288722
1417467
1093996
1800398
1335891
256847
1484192
1948436
1013551
1532383
1227274
1910573
1502390
929787
1335353
1350068
323842
1209708
1008637
591931
752975
1118720
551196
337181
1712334
957403
1814130
656359
903448
207687
896330
337888
146050
1899013
831806
836382
1388575
979177
109080
132804
175169
610222
126178
1686161
177507
1466192
423574
1050995
637823
1437908
1911460
1025325
1844502
899460
1321384
359214
1075356
1659
881685
932972
1638876
1839243
1981220
1637485
1132140
1999461
1858605
1306193
314159
1880494
1707084
791238
1273490
1219626
115881
1530388
1887268
38813
1352032
1190928
1117551
859428
389759
1832422
855919
988592
1293068
496574
254233
111702
1586441
1832167
899579
1572142
99237
1576704
380048
475707
544483
970576
916697
574592
773617
341770
1261170
1207466
1667406
549916
1034134
1731956
165177
589033
1500132
374784
1524636
1386247
1196555
1766013
39901
612352
1524137
1530383
985562
1022750
433374
596970
96009
529570
1331020
1950029
1115269
1576832
1589921
581147
1030155
1498026
729252
1968458
361705
1762272
130453
180520
256499
1012283
1777685
1334174
1737774
1182385
437100
1075582
1788585
1107332
1832669
93981
975586
1236051
1018730
915646
776171
838143
503074
1515314
455367
1810208
150073
1788248
960564
972990
1697998
45772
1492208
1975595
580193
1712001
1276089
794299
1200964
1199834
573085
1343582
527355
1763591
1487224
360442
1600290
1284298
335198
1274314
1964169
1156483
1066610
490332
1480781
742163
141618
603514
554410
1386065
196754
792055
532880
959056
365883
527953
1689382
1304630
1445488
328638
387105
1424811
1522236
1101648
137147
1639114
1960156
1967840
358747
595630
302927
1295506
236756
593159
1164091
384624
658710
1141255
1248939
1399180
727938
1236753
851467
1434609
929016
1295463
1178700
961632
875231
1671451
655986
1791163
1140484
739997
1907895
1532795
812589
1522117
1638543
1458355
1221342
808518
414268
1122958
1207885
1858388
1130630
1802892
975041
375507
1180303
676354
846253
1107219
658369
971571
1323474
1100848
1768823
469831
1925288
1485391
43506
346734
596561
7009
1412576
732917
1185899
312347
1750608
134839
1023634
1439226
951006
1307372
1726974
395382
794351
229090
1943884
481403
1658414
1890697
68383
579261
1503233
689285
1073706
207332
1480009
1733195
220889
1239990
739808
1512947
1218798
452036
806459
245506
461687
688262
1533824
898145
1843678
672770
562890
1866651
541769
1784682
660455
1349843
1072183
1360431
1893505
467502
1517769
1126780
341000
1815427
1150194
714845
1145776
1437299
1290165
1732302
1297124
1925441
232267
997416
1993247
1403264
527449
620718
847005
1041649
842188
1346759
1430764
1900846
548281
465572
571542
1583576
84470
869027
741087
286773
516850
355592
1568868
967649
1885793
1268987
520908
274241
1299515
1587092
1082428
465484
842174
102192
1463563
1894218
557731
89261
1387802
572788
87970
678505
1688668
362489
1905306
39080
1612296
883618
1508121
1021118
883665
183996
549355
1360716
518560
1559184
1633355
807831
30787
263074
343267
1106837
1309252
18239
1836741
1818926
1780853
445256
2373
353745
1500537
783617
196820
1138554
1607617
1735747
1565217
5113
1561832
1369609
733854
1671822
454925
1406098
1053633
894326
919795
1308459
1564846
18510
231775
756104
760717
679587
916461
1301279
999814
1727142
1587419
73641
1624607
85505
1152841
433749
634770
807719
117949
1841539
485467
438223
1066765
206463
1974974
1524434
1709924
210978
329304
93006
1944833
1882339
482987
1950536
215767
875188
646902
610554
211038
304941
407889
1455007
1217861
65541
1014491
1295746
1550597
1919632
1966714
189629
259447
285554
916050
266975
1019927
1672840
1347871
391209
507796
1774084
365997
105491
411712
980186
964810
671915
1884767
1839721
1616937
1087277
1461289
1170028
27321
1441381
1826052
1745288
1154108
534623
1357837
1704884
1431681
654158
53230
636888
4449
1489936
372335
1829517
1736521
1735421
1424660
1060656
931933
512869
1516491
39616
246808
1637077
1205911
1968131
1706523
1521432
1285027
191081
353435
279643
546855
1894080
1153103
1604438
784190
1241471
254874
379770
1557567
1037620
87627
1979308
1125629
1899730
259617
1879349
1936275
1228744
748929
913874
1378520
68014
1070910
1117953
1637270
39376
1039636
630891
1653084
875246
471251
308050
1472217
1543846
580920
129542
801438
860093
1418432
1213172
696584
499108
527975
1297211
985286
353177
94503
1034020
1347466
163754
1114794
1522977
413261
1522066
196133
591408
444291
1862117
1782191
1856224
112844
886907
1963176
1401583
131369
1355421
871028
401290
1027385
1452033
1901315
366129
305755
160997
1737343
1743038
1201163
854431
422724
1433832
125370
785996
441551
741851
1857755
1327717
263878
1313655
1847254
1960860
1269762
712460
1562145
1600208
385487
646042
1636219
1399294
1098389
1131267
1982468
426185
1715411
1712556
1542031
956191
556389
689487
1404951
277370
1344552
1727831
1241336
1435914
1067421
704349
503620
922706
764164
173564
1356016
1080292
1880034
105283
214633
61533
1108729
1244172
103602
1195268
90068
377650
1236651
1266953
155011
1094675
375820
993069
1808544
196040
814259
1742543
1204113
629590
150722
1191335
1128834
1484183
194451
573669
224135
514831
802552
1120658
357168
804696
1022065
1465860
1106299
61487
570982
1564220
1790325
560489
1463904
134827
1803500
1638636
1214391
876728
769850
1302737
1613023
1069362
1475984
1076056
1033620
1386241
1093178
1154556
782995
520859
569090
536397
723299
1177385
1183444
1353360
757472
1014112
633660
1662440
89293
934327
496134
830584
636917
554423
187955
1893141
1593495
1718535
268347
1558330
1777182
1661867
817977
1577551
190389
1007945
1509718
744665
28709
174557
298543
719474
206648
1295573
423633
1187628
1208963
709404
759601
1820809
1672179
1121578
77326
208564
1212609
1141315
1124639
1970470
1654632
605482
1121651
781919
1843651
39785
1598947
1365713
1206171
1055536
63044
199581
1867350
1601672
476702
1052375
1211048
15616
650702
1042559
53180
1272179
1994345
740890
1134364
1657049
969784
50538
659448
585149
1664695
978895
1067801
1864489
109440
1904120
1410913
136310
190659
1537810
832341
1196155
56660
1844848
564056
734539
949478
1191249
924850
787767
215383
1577960
1465304
1503004
325631
810327
189419
903425
1599580
1968274
1855653
1536713
465360
1438332
1739326
1762282
822103
724081
54154
1969487
1793064
1414343
1209042
1821851
543587
1758211
1193072
74570
1000895
182234
488519
1951012
429574
1995002
799690
1788043
1173121
1033148
1064207
1908637
1637771
1850406
870451
26622
19662
1760138
1986261
215494
214917
725171
739622
1738669
169805
212807
10995
756453
1901411
1675954
1454535
1967675
1506714
309861
19695
1296059
1536246
336657
58771
1397774
1692458
939321
1429209
925056
1945774
373796
1279773
1207258
1294833
400979
1676217
942514
1424982
1678801
881107
496593
1649809
1670644
1231135
1236944
756079
44059
475705
15729
1211156
664230
267392
1942615
696094
888327
614457
1561820
795370
1537982
1356692
889874
1133137
1150061
1801651
539909
1730176
583106
528103
1343162
1336053
1025392
1644646
1122173
763488
719590
73234
511309
1515541
1094446
818780
1905164
755689
560797
1003934
919938
266223
1813187
336414
855014
335585
221732
1564475
1312090
852103
1186050
751863
1614832
719150
1049158
121782
1139167
588793
1677128
1312619
1790037
1269649
1654625
988464
1223571
1952403
706319
1279180
1815991
83693
154290
79
1091952
1584037
1487620
941851
768257
201639
340037
31819
822214
1135851
1155400
1363634
145905
854432
244244
812610
74570
1135867
17973
1858820
700618
201646
567168
1138654
1469826
878933
106704
1604951
1166249
275412
1879840
1879977
767290
975233
1709893
1357405
1671630
1891579
1351362
612773
1288823
1252731
1987436
1199399
1703432
1344366
145495
159540
1299340
499271
1217813
549696
1604279
1229054
65341
877960
62439
1166545
875822
1729357
718185
472718
178774
584095
499806
334302
898786
1876716
773387
670959
1919566
836088
944241
375095
726323
1244619
1226504
1440102
1972373
621683
1513194
1877332
1481669
1107622
1541949
1345814
489063
576315
53956
1893856
123235
179746
1584135
299040
489091
1148944
1438910
1455873
926358
36466
893512
1195749
557129
459949
247435
289651
1012789
965016
1347088
1214900
964810
338126
1190862
1237445
1414110
609162
559873
368669
1269546
571613
45773
232368
220999
1544447
884939
446302
392035
1604301
643512
206855
305612
1125259
1778271
1797320
484961
922256
451363
328635
887985
967081
293687
1440200
784190
253342
639747
1224585
772482
1094350
1457900
1646500
1827058
1605302
1508585
480444
1050034
1806534
927759
573909
1682213
189136
1298072
1875930
198161
1097542
714453
750929
1953249
1932786
1429228
630603
847201
127654
1428123
610106
521299
1658155
1120043
136299
17839
977251
1981650
1995697
1027766
663012
1571863
395964
17926
1463181
1573432
594386
1316116
270998
1183681
460041
777193
265619
1104856
1647897
1247795
666954
1648562
436579
1281518
66612
634089
238157
510727
1287286
1084115
1618255
374438
1180715
19072
334411
1103014
1731134
1530138
1852985
1304731
1888795
24477
322542
293726
742661
1983454
608390
1029472
1373145
844029
319565
705984
7280
1240338
1399961
208696
1772911
282225
1750315
736653
1053542
96051
1807406
911689
1974242
414447
1667029
1893798
1923213
544128
1951905
1507842
1899792
187360
189880
1499785
1133545
409388
449659
600276
1305813
1415316
1355233
1918395
840160
40686
1895030
1860434
1902727
1891940
1719036
1131366
1280553
1319412
1425424
207032
508243
1672618
273464
849091
1157295
1242538
1730759
192336
1290318
595844
1090922
418100
1998844
1322000
1130684
555628
557238
548448
678110
994420
1235738
1330924
1703190
764133
237954
974349
157003
1274797
1399539
954159
674265
1152334
556853
935716
34237
1824014
386170
1797296
125674
443825
1221935
1724589
1704516
351473
1502293
1114804
1146394
985554
871020
889199
432910
451606
1520370
296408
451364
1157234
360369
1990586
248771
854840
1273811
764996
1951281
609892
314443
1425159
1119293
486346
1393486
1091565
1895235
1863566
1870285
1962432
1545274
303456
347705
320498
732374
1016279
1667626
616078
1621868
1347629
753343
204139
1089790
684888
1107717
587882
1056218
242410
645913
1378413
172838
1694408
837817
1430622
1029565
1551175
897514
1504898
1696801
1476688
1994645
1107132
563322
412954
771292
1730557
524551
141523
470467
916576
170073
1776069
625298
1071652
873617
630045
246919
138497
1243626
1331744
1480944
1828371
813542
1455291
575617
1734012
1254854
1833292
1582443
918750
776998
1154317
1186152
623231
1343791
786100
1735164
1963692
1813255
1050666
525937
688835
1041406
583661
285770
1176046
945620
1574865
575058
1770197
374140
522927
1832144
327607
243765
1024789
647973
125733
885024
1671720
902258
1882329
1068681
1738444
1160842
180584
1381153
1554889
735533
271729
99586
1433079
1234001
214328
513869
139489
1720152
600952
522345
1177173
631532
964360
1079451
1448077
1709526
247212
1732371
1272054
458942
1243539
1101863
608248
1261668
1310155
880457
1155991
1931969
1058730
1377459
1149653
280071
1542972
725780
602791
738762
1569351
1321288
104526
1548872
1081798
680767
331741
1657559
1728352
1330014
1415311
659364
27643
141793
1468061
397602
1899776
1380371
1862618
1890306
1222430
150520
243992
1608667
1769067
1986719
1030826
506438
193
733210
1828626
1147271
234819
584890
592171
1203326
1013765
733842
1857441
1159377
1069271
122832
1301099
931197
409352
1193746
1581229
900220
1590341
853914
1105506
1565538
1458522
902766
1325668
928936
16916
907592
1589250
70625
1153403
23048
1983130
1116658
1911357
1345154
1687052
316138
1741523
693260
221671
448493
1782876
1298586
710096
28627
1611026
856877
1734209
531003
103041
1727792
915392
865686
1946616
969671
757594
862787
1796804
672300
1006198
1917180
1375052
474330
347500
1957584
419461
1332845
1579926
1527464
149021
1821241
197485
54751
599894
902082
461466
817962
695402
1404964
894594
362773
797245
412261
1688832
1002214
1199949
588009
1206407
926222
798947
1766642
503459
648116
1923405
1919337
6226
1230485
240335
1132326
1427316
779007
666381
573322
1051368
190342
898866
1700436
605104
1527923
1105583
1444227
1329428
756065
144987
1798164
1576801
1249446
582747
1954189
1384617
1732414
600584
1877471
49518
504937
1445253
33028
637314
354708
928077
1326129
507852
580527
496400
1566031
312136
361026
1388633
553320
1013270
1013413
1977189
1000820
478178
1023767
1387997
256281
425847
1517034
1180841
211322
838407
832990
782885
34706
954477
622422
1858398
1689891
1074785
611199
1936308
1223099
846959
1267752
139448
782392
1815575
291143
448048
672030
1982720
1693773
510869
468408
1640888
1805566
776039
560783
86283
1196398
1516152
622881
1537375
1381457
1626869
832833
1183136
62201
1557904
1740633
1405096
1267331
1716186
235717
141111
1050667
1252671
58515
1058632
1230764
1176055
1978864
532224
542155
892176
1249707
836739
65335
982754
829926
267491
982532
758051
407450
1695229
1364409
13427
1563910
1505234
210278
1540571
879675
1826427
689184
1863271
1672012
1867375
1339498
376383
130410
1312633
1335048
255061
1178746
1941756
1431112
1046184
378638
1164896
293054
766992
1440562
1406337
1230370
90444
96942
415368
643339
991561
309220
410662
1854424
1361190
1000347
1953729
1701694
546891
1658881
3434
1309125
1163438
504346
543752
1223658
788112
1872523
1498432
1156629
336828
1777592
1481985
1142896
606763
1660802
434895
153529
771880
1563875
355679
1739186
818731
538709
1016915
27018
1633700
1840141
1803759
11737
51217
1728017
452993
798656
1848844
825500
1413742
1885985
430295
399617
613677
1741599
326922
1570829
400080
1843104
754901
1369492
1507008
699359
1667828
445908
1764042
1447962
1609263
353330
557210
1705751
263565
1546952
1998677
1541320
1248323
1754483
601631
309703
590934
698594
1967549
1532079
726867
846201
86869
1256001
1135873
1708643
684673
1530268
77206
1642137
1819559
1547662
1652783
468900
1455397
1644661
151692
91370
561761
163537
778061
1790655
718128
1974884
1308392
551796
49904
810384
948378
574837
979098
1063250
1396575
104935
656
1738563
994291
189265
671433
1583042
256683
1590760
1771223
245046
804540
1974619
174043
1395692
808482
709031
1515909
1249323
1721901
900860
223910
180111
850327
253559
834861
28517
1289833
1997929
1370472
1057586
1607090
1201692
1970584
1471276
1141179
218152
179445
1256302
1373529
1549294
1731164
1483435
669945
1678354
612261
120806
348987
385851
1323482
56516
1996018
13436
41570
1630457
1141453
495773
627753
1938811
99243
1382333
1484630
287293
1436112
487734
1520133
1706740
377395
742861
1572755
1563679
1306219
1267290
509889
45499
54867
320989
1525782
144063
1950588
695052
373744
484409
1861120
1122842
1210766
331008
1991717
295486
938995
621215
1221449
983774
1479765
1469388
1602558
1912360
1471777
1203322
105827
1425120
584185
1367121
1633109
1704550
1642976
111325
1912983
1025453
1152160
1729480
1814241
1710421
1536491
439335
1921565
556702
604594
187974
756707
541078
1123988
192469
1787332
1787518
1944394
1618027
776234
1179945
1509572
1249386
1877863
49433
966861
1878281
309582
851191
1162685
749129
519808
119939
1723334
1732542
1067853
1114263
1955710
1665265
948302
1122643
102628
1175080
271222
724752
1133227
1415433
1772752
1860236
861488
1681640
1533404
1521238
501776
954881
171152
1179290
1425029
46905
1933344
1897879
1300914
1083550
1228986
27234
210131
123582
1686778
124818
525603
1301259
1289258
32663
1117898
1159794
1583968
1152433
1049734
467793
1397017
1138420
701980
1808060
7924
325618
1376749
317591
1698961
1160332
449629
1076528
1495366
747665
752434
961020
12600
1312501
1718583
819777
523697
686067
810004
1599547
581478
1414491
685089
1022762
1894371
545268
347545
122813
106646
1724778
1182168
181060
1328163
653607
522911
1584969
1246195
1914630
1213783
1270597
860697
633689
295110
715178
1777851
363735
104451
1647629
354773
154433
243954
1968052
346456
548619
968464
1593908
1824514
1569328
1622732
1304853
1916690
1630276
1473424
1410936
1894104
1414408
427202
364843
848377
176101
1715677
316306
260258
1954996
5063
1781675
518272
991668
814150
774123
1095381
1191418
532481
1569769
437278
1272300
154794
1441508
532310
232566
1958128
645870
1202901
723277
945372
646489
1549635
232487
1804436
1225841
194591
134076
435527
615695
1979656
469213
106362
1483868
1279515
1388574
1467540
1222621
1036917
768117
840025
552592
940087
530640
1290066
1379985
380289
1738076
370273
1568514
453653
1224856
1096154
466771
985089
542805
1967726
1484972
44847
1552325
42481
457540
28261
787708
1690439
562373
1620808
1019395
1639587
172582
1912831
1694984
1309597
1982653
1923962
564382
1143785
951705
1832192
144987
279939
1101175
1352784
1035344
1515454
306437
1309669
1522461
12616
1904394
1504281
829506
60191
1523323
1363945
1550746
432664
1105455
1071828
785708
385616
1542789
1665503
1926818
1097873
195375
934525
755037
260694
869286
1592203
1584632
1113849
410975
536555
1283957
640608
1890806
1002558
1253536
1853973
378138
1638365
24395
179877
1355452
1499878
1548292
162046
209359
1483867
155368
539007
1322741
789466
1733472
1115951
968443
1803470
1280553
1255690
683507
641758
348713
1286003
1409667
676270
1193863
63115
1964909
1330902
1289459
998374
1921077
1119119
900838
293153
16222
955676
1517370
1736710
641065
1532819
192909
870015
1718241
1601617
1887004
515763
1036160
617986
35659
1331862
898983
994271
473964
872428
39094
338455
1836906
1201897
171947
482811
1319103
1358288
1142710
397310
1879415
1079537
1837228
1180735
681347
488209
1427805
241727
1331027
706321
1597008
1859602
1032451
1043544
491255
1949180
219080
264620
1314626
1690327
1095934
1285937
1100256
134846
324264
194170
1172168
116381
921155
1531086
628378
451755
1209639
1205018
618235
885646
1085324
1038023
455208
348247
1578443
606461
370047
334040
940117
650649
1575239
1408053
1344955
867330
235320
1297600
1430266
943630
896492
824276
1715575
1385043
1180156
1957029
464402
910274
1542668
1067000
323798
1483437
1693990
991749
781700
31894
1190928
507222
1675794
124006
856867
1324905
102365
1252336
1547800
1137518
1605842
366919
465224
326457
1708779
1713902
1019991
1082776
1958824
1659928
541730
1924160
1803231
419785
438671
1579827
1695743
976056
1039292
1691943
336172
576354
1029743
42208
332761
465583
1991688
1769326
98336
1083591
1206217
1659228
175594
1553963
501727
1320750
432569
1442241
385434
1615540
1534405
172345
517401
138947
999425
1755593
430061
1797333
1087325
1361494
370947
1592390
1637845
1153928
292225
784710
1590207
650237
1340728
375598
1009002
1309588
872698
960071
466964
1194824
1468558
1421682
360677
334815
1410643
1391267
621970
584919
518443
1879033
1927872
613041
1168660
1439249
502405
1674680
1974572
781147
315288
1417251
415036
1820713
1637046
1479130
535698
872496
1188010
142735
1913436
1568734
1486685
531955
55330
1150037
1372157
274001
1521889
635840
900466
291449
1916832
414113
1800971
399489
1732248
1756528
1287435
1927674
797557
786467
1551297
1082679
739559
1524432
262860
1998035
1437733
291723
1544737
1470982
1946958
1502429
878536
683064
1594280
286503
1939432
1981018
1287289
1222653
549900
914432
1553908
101273
555825
524737
399147
1796507
1502342
986767
1218319
623245
1982014
197642
78101
730123
1585897
227122
464046
820131
786785
1428080
519585
1599878
458228
948664
425097
1662782
1666244
598790
196031
946060
587969
1851972
739252
1314989
1919804
835675
1690767
201151
1870259
1302224
110527
1328457
408080
1286648
1912414
1904162
1986248
1530082
1641930
1340752
666110
1989761
1344044
1607501
1677209
287061
1026982
1914499
1638876
1900994
857867
1578477
347956
1701145
1129726
1474581
246601
841498
1257398
9442
1463828
1016592
1739055
1786378
1327854
1291321
726857
822782
1882055
703839
1850887
319667
895845
166540
1694053
971598
1489795
1559141
401821
929899
749231
1741826
1059422
996321
1589416
1124243
258336
193670
362896
661983
423718
804302
1809108
1152043
822780
364919
338183
668342
300670
1216585
1181478
1816796
1960746
1299138
531268
1818287
634682
1912237
1470736
1833708
1371175
134188
974707
1763058
1980263
408248
803858
209844
979109
393467
1858662
423894
161486
1093235
944847
1438961
1733189
1320091
957263
185921
506637
1609681
1641236
295077
1628457
811468
1454729
860939
780583
1699265
772488
261379
107712
645922
1581781
547422
351265
1201131
1612608
98383
991859
320099
242070
945256
1755796
959020
1796075
707109
158472
840909
1489131
1525058
395326
524571
680315
871039
1693532
373525
1622745
1062748
1248588
22223
6756
1085532
551670
982530
99054
125143
406676
1371639
255373
2097
224148
116462
791987
652532
1613424
38485
1783337
1231549
401865
854032
1917362
1520999
932784
916825
820062
1638701
897116
1288156
850078
1204551
479680
957132
1674891
368656
835496
1748668
1850755
568490
1145546
1933401
1489969
224475
1226843
1165217
467914
117053
1321762
1099132
1303669
1379749
42163
538652
1541455
1955826
1281143
749746
1253053
196664
1057893
1376240
1183453
1340669
920754
1710839
1672066
1094513
550792
20984
329785
632434
564452
1033192
222792
1149812
620971
22153
1746091
965988
123327
1149085
542836
1366583
161640
103524
1665515
1032900
906665
390897
1116476
1919357
559061
1059547
464714
543619
1000768
1092080
478973
1883633
88171
1758529
305938
1255781
1078773
747306
1621770
205381
616213
1758682
1122465
278481
811265
1636341
1234145
1260878
694514
1179420
1773995
442339
1579144
1429085
502754
572861
94291
1951690
1492396
1536996
1959853
1615496
1111320
472853
535758
248711
441885
1580751
1339448
1964156
1222292
1685885
634401
548413
1201591
1236492
164870
1498039
437843
1232944
1946898
1280204
210152
450843
1765538
240902
671787
442278
291382
806118
462756
655008
267460
1735324
1722401
827403
279714
1267139
322735
203122
1317460
1275583
432371
1990982
1784359
122750
740639
1435341
1776719
1559515
1653923
1154300
1615973
359225
1022706
1298455
473222
1782452
895252
464499
1079779
642417
115984
544983
1988284
1905256
381811
615036
1756023
1448495
1084978
265197
835629
1830298
1894903
289778
1617252
1196885
1983118
806215
240130
303096
858830
772863
1268439
1717243
1179242
164491
437423
716693
998812
1446291
688822
1061389
1036305
1332440
1824
1908655
1009874
925504
1826413
936157
571333
536699
1684493
163816
192024
1345003
752118
1921588
1926022
1363975
1412125
1652113
1185439
704653
1228268
1579768
1778789
887817
687500
553197
1311020
288044
176983
1166212
712873
1592462
653687
1814826
774668
401902
802431
267272
350355
386642
655543
1674455
223155
1133402
1788335
1984526
1035315
1425870
553553
99236
159428
54244
510565
329170
270916
1907309
1160224
148303
59159
1163590
1744115
155056
1839746
1709187
1078704
583329
1867672
1512683
1858960
918563
1155348
1564947
585210
1260340
1766907
1312539
668696
403451
351144
1121690
1479126
747267
227183
1527334
1598918
1136374
1034741
455777
185221
433753
63765
1993309
1522337
481929
591219
1647000
167846
295611
1919441
1446906
220571
1591951
491186
812427
1289328
1772267
577551
893950
925978
419706
1525246
1211231
635586
1873224
382608
1699134
200076
573224
1556254
1653680
1688054
1777259
1927272
43444
1281564
82555
611078
460624
411363
1096469
180674
55978
110880
973303
1995284
1250592
1586915
55621
1400606
977218
1914751
8642
1339549
332070
1547358
853612
779892
1637299
1877788
1713757
1372207
1661066
133886
76954
478302
1888187
1801540
761746
1474189
272085
484476
912751
1182689
67946
1113554
354303
1725641
1460141
248279
1972550
1512345
1173618
1671838
1486593
976751
871837
755256
1048891
1664072
1601009
458609
979094
1865801
1745261
243486
29851
314566
1468191
1593971
762142
1104298
749954
797829
675512
1670454
1206957
1608681
1888240
195546
1187091
653210
484687
666041
862813
1891058
653939
1827604
859026
983186
556575
513003
1277384
197446
1827952
875634
1235859
455107
706316
287647
495631
12034
1695567
1812497
1700480
785485
1598204
1592745
1247607
84033
730777
480809
1450424
1017682
622375
1516337
1038004
813244
1411669
98825
515130
203370
1228200
1959931
544676
474437
1285652
1449089
1556951
1488802
1706519
896925
628828
1418219
1000727
413009
1068585
340399
838098
617179
665088
1667860
869388
253076
330138
1270455
314961
1706759
59659
1072884
1990788
1049475
1015272
1745468
1502787
1019961
1546569
509897
1437939
807997
1161042
52683
457075
1410341
311346
923127
375307
683038
129758
1700716
249349
949784
1508091
1289347
1060628
138114
851752
1168719
1900853
1426905
1308769
1619267
289889
1055123
1314752
1660436
642855
159961
135237
454849
1114921
1721643
1560065
749267
1603408
184075
1876280
353880
185494
217010
44202
1989163
864946
1505037
1628148
198114
1791585
1929982
1143627
1480110
1975998
1949727
1397333
1247710
347080
215474
213014
1654694
475602
907409
670411
1736796
1780095
1253331
1361328
254810
1342835
903311
657959
883866
66136
750604
1085644
1251656
751335
1447391
1824674
1016193
1825474
949529
1327356
635176
1498747
1601875
1072266
950601
505402
707911
1191157
160452
118468
1284432
960007
471181
1375943
1527910
862883
294296
1490294
1874904
800494
1117989
429132
264537
776543
839753
892241
412087
1011290
1779725
151341
1212935
870399
156977
1210000
1131311
496351
1390872
1834743
1099834
552405
1231640
1507480
185320
1566862
252026
1624844
1801593
1689831
1159460
1810526
703499
530841
1101279
1362039
427052
634389
780139
18386
962676
565386
1191655
1963123
147829
1882505
1504953
1024659
1860162
1434994
701752
1750882
68111
578042
1949773
1265625
1374427
1034330
128306
15515
1748057
1944838
86060
1016232
1639960
524295
725065
1856933
1726987
175367
1632618
919964
1857387
1161497
636117
851336
393224
1476967
827274
1107998
96785
1825276
1102573
717099
651602
1438942
1987258
727458
31524
798122
718298
1354309
1213470
611006
1665324
652067
1662170
1729477
1427020
1427949
1633965
1133386
1376131
1327577
1531152
109837
1310753
969386
597521
816961
683923
1506872
1454254
1517153
27884
354234
1517602
1629523
661620
817207
374876
1377118
978606
1111288
925893
1310770
469496
1735935
1154246
1012619
907588
457669
1438455
1600454
245315
1707523
827291
1222751
789124
8872
1876226
318146
1593762
1833101
1545909
1045937
65376
421947
685584
204545
440517
64922
1504692
304470
855712
320116
1734912
300670
915782
1102094
751013
923961
1582110
1401310
1704680
1759957
236986
1125241
1187709
954081
1498300
442723
1155511
1084638
897545
985993
1644927
334878
1577340
1975493
943302
84562
522935
1202229
704396
404295
1244091
1427377
1330381
1153239
1588268
140446
559996
659182
867392
315919
1115168
1713530
591718
1651087
72164
1547546
1890587
1956133
1815612
1020658
1731639
1993121
926547
1809060
318157
841204
1357436
1965202
1543217
1938693
1896266
1478078
157810
1057428
868633
1875084
1803730
302590
1226181
1171608
1418582
1601925
732998
865795
1802652
218406
930254
43352
337505
455234
918581
206418
844378
1350161
973419
1431982
970974
25725
1998220
1816824
1795591
1542497
1750187
1022078
198718
1641525
904428
1845714
1396994
943577
628569
200022
1416490
1937833
1731084
1182298
351865
348506
1450244
128736
224118
773567
1983421
1416390
28348
1089577
1001474
1281920
39993
1834318
475308
1001669
1487158
220075
753764
287911
540116
1975922
233369
1660130
1875321
103831
1405540
247993
1849380
128526
806121
323474
623102
839912
107141
1454870
1039558
1103436
528478
1086296
648071
1529664
89010
863741
389918
1061099
1305844
1131145
1451443
1562929
1572570
1571573
1531926
971046
1663436
272317
673532
573129
770889
1571755
1975414
1221285
629737
1988744
329243
1922957
967243
508767
1636888
1333770
687521
853770
1168404
681869
653225
301193
50973
848212
1801013
560472
909147
351991
1671517
1396620
1038177
1782264
468929
432006
1974059
669285
1328490
1451559
1665299
843431
787617
484600
544812
321193
1304730
572166
759332
979353
883698
1208670
782360
788001
1287391
1926793
1274010
795005
495972
1214035
1483609
1614441
842669
800062
1463979
1249001
582980
1066371
199214
550728
72137
420665
315651
756280
1025011
1726304
1474871
354839
1166365
264552
1663382
1748565
1615315
1482950
635654
992290
580477
600232
1671707
968425
1539760
332043
683791
787535
1128424
1582324
1830448
1714450
1691546
1831202
141936
1675197
208596
179575
39047
255810
1075774
148797
1687209
1131745
889402
1026727
1239916
1991416
1727550
1511591
153240
785982
239899
727146
877963
654273
1555972
1065575
1453204
166802
781174
1506815
119430
1035115
1631858
1759027
487407
353397
1072425
1874229
190376
256070
716613
561724
337516
1199206
758710
1594423
1549199
1044099
1427935
100458
1191566
826171
1022552
380041
1713514
1466279
1052550
1441250
1961098
1876561
476518
1946041
1872199
1731356
995483
1931960
1682795
1980569
1261850
178115
1704677
90663
1075394
910685
676214
922850
688641
1039039
535061
1302089
452340
1290472
1577195
1299
434036
1433103
1992247
111244
1968752
613972
1038679
1097580
1539718
594929
903708
1781190
1756570
299982
1057840
1202842
87044
806246
179105
1727907
764830
1169991
1211771
1929802
1795716
1927606
238123
624026
1017364
1987821
182822
653586
642756
249006
1876248
375901
774981
1571160
260326
1396947
665570
493334
1918214
1791262
1947875
766414
1332308
1619246
1580939
1429345
1107887
471065
737339
724073
44796
1356303
794689
471542
944974
879119
266200
560830
1972355
309479
325741
888348
709849
1219318
1717834
1306788
741112
503935
605567
968451
1517597
137314
1325999
1716767
1761705
642670
993187
478387
1049167
1934145
541794
1631015
763428
493624
1829311
535943
426765
17291
1133563
1025475
109258
193035
1940428
1235503
997114
1610212
418051
278911
1287129
403044
1257841
656233
1544044
1985237
404615
1912240
1326758
1207863
1892290
1294404
145805
1514430
148325
1021609
1013803
153776
868505
1552754
1725506
1367429
1506377
54708
1153799
1850515
505053
1397640
832383
665469
248072
1703090
842621
1321976
1145951
89485
1372262
1431005
1322972
171842
1132491
402983
787967
302532
1409166
1952452
1714544
180707
411343
147675
1416295
1261025
724854
1516722
150898
1118796
1480921
482695
295473
738571
774457
1434922
922506
1572628
1029472
655007
131290
304127
1176284
282202
1560360
30582
948201
1538334
1555240
725533
1600929
739983
737981
332397
285465
817220
180221
614959
387749
1523655
1602888
258528
363098
1993637
1619346
833446
1917923
1287924
598436
1176515
83756
497320
1609818
793527
328079
392563
267378
358100
317811
1876469
1289462
537080
462127
1335673
1650209
1573054
1195503
830247
1315403
1242243
945822
537994
885505
288247
323969
641449
983503
1155551
1076032
664778
568293
1613819
1677411
1723164
634298
1309832
1297644
1486040
1459284
1526694
1448484
846514
727108
37064
1826548
1195965
885584
860676
1949628
1479395
152176
1931092
1255762
110473
1045739
1156597
1143495
362509
920577
908498
773354
1196050
1259907
1983053
1459115
117443
1252790
236974
1485595
143884
763571
1343470
152975
1871034
65144
861981
372541
455890
771470
986197
894133
1006668
692692
1221239
557248
740190
1211631
867761
1607601
327176
1205418
1553717
763788
254588
1035127
1844161
710183
362892
1209116
1750143
1553123
1374388
475372
987972
1915272
1058877
1680617
1686420
983060
478227
517364
464253
241586
1585605
1972238
622460
1302516
1073465
1483189
284986
1012246
734661
282180
744192
1575820
1658150
83046
718040
1396117
770517
1606116
1558886
1299547
191007
1702924
589938
423844
1946337
588507
1146507
976820
1788567
22512
1634294
1431181
668358
1763229
1120166
85946
1746889
1170220
165336
1032309
800448
878826
1433976
457871
409482
325949
135804
678394
1346063
903245
1494059
1730518
316921
590971
618010
844615
285453
721546
1971334
284219
973567
1610232
812779
150786
526969
675250
1878385
1595434
1229942
1059688
353228
1514322
757910
1424241
283875
1373439
1490202
1538809
568810
290164
1192590
425432
1589283
276259
391849
306763
1671561
918948
1407019
814687
1141152
1376093
1697523
56344
1406896
1183520
54128
1699848
1852147
1869690
1881702
1166573
1727548
84049
1536505
1709353
1311444
495263
1799044
1040462
115746
1945176
535343
85527
476824
303158
1278041
1146513
1516028
1941678
695063
132043
543350
522727
187556
49643
1376072
1032962
1093400
1520894
1302731
1864293
927255
442613
213168
1787735
596231
735652
1887523
874757
1797984
1105836
1431766
393665
605284
376109
1511324
195367
369272
1348939
29552
1043989
1697199
1699637
1959990
760971
622306
1262349
549083
209406
543672
1746314
106481
1801188
1111888
1756447
866653
1375757
557689
1259652
818355
625978
45314
312072
857199
390872
1023071
1891467
812656
1484513
899979
212613
1967709
1767556
1869654
1569779
1823170
1020782
1790068
1280553
1351874
449735
947067
546472
1446704
843628
1895977
1232559
1317927
440255
1651036
328440
478406
595103
1930482
615904
1170955
1923501
1904365
1511020
1236991
2820
1924862
1389685
655914
1640079
29079
1641820
1524010
909357
1822975
1755331
1553935
184078
100954
425456
219547
1995594
1628654
1337843
1943875
1709021
1102584
1894720
896959
424278
1561308
602990
618217
963121
915742
451063
1786504
1133727
759920
90875
1806358
1574323
192138
1900608
141897
1625043
614391
1026003
952823
665040
1056501
628788
1537094
1427839
550302
1470555
1389671
485562
968781
500048
586680
1132301
1012960
1194065
642039
668804
149825
1867325
1404904
152335
279532
1508365
824422
491310
281433
858327
321562
1099248
971146
1990046
1098256
272567
416602
1140248
161445
1330842
800768
1495573
1236731
1451512
1524441
1768151
1599535
861938
1367712
378992
1319672
1704428
692389
1736419
909494
143697
644726
991366
1729739
87833
1174981
875938
665555
1311858
1684084
689190
700335
807106
1617507
1128716
1779432
409013
719692
596228
1767691
1165671
243930
757095
289970
1323321
1747282
92417
554831
113547
1271334
1411909
1699234
1390085
1723924
1928423
898271
649666
906581
612888
1814496
818048
646569
63657
1591671
1365726
350828
663503
1221865
624099
1784892
470318
1369780
620626
686900
318012
1910672
939156
577189
113449
1415783
407082
264137
282987
1293863
1332988
1931346
1802195
1076778
1722871
1074512
1222570
13062
1390776
1154946
1205142
1818776
416241
924283
460910
1443708
543460
1139324
24352
808979
964132
1566142
779663
1795389
1316586
1358006
86422
941837
1552725
1999183
1742545
746238
1033151
1152335
1474968
770013
1582168
1851996
1821850
862717
670287
1676994
965390
390012
405002
562254
1466386
1156069
287114
1748514
1621819
1456487
1456480
673869
752483
423761
1833389
615437
859115
1675408
500320
621431
1304368
1341667
600629
1437601
1403407
1661624
1857645
857584
1674861
296568
1044899
1106445
345659
1111523
776556
877938
1176703
496433
1614990
1606034
574790
673923
981979
1714520
29444
966128
1079489
1872817
1809249
1804486
210776
1813732
1750444
768012
1842633
1552725
828700
1713592
488348
81536
381732
941666
699657
502114
593586
495374
656586
362013
1978527
240438
1400442
1810800
1605236
114066
1323894
1925490
1870560
902947
297757
764264
1504233
1428259
1721329
1500103
584710
821293
1118676
1403108
1318149
800701
754188
1694532
611651
1763894
841816
66055
34627
320922
37820
168481
1212120
1795828
429570
1885381
239810
1586546
1590851
1767098
356435
1117925
1026428
1708970
319292
1977070
1639216
1126924
211680
1502110
459643
1424177
1477307
614632
1164314
255551
309162
643561
1207456
816628
1848944
1544154
1597028
1737486
324846
651242
1610803
1442418
252278
1425167
1344680
1063801
954069
6712
316003
1592647
258999
11038
1533565
1932258
1766679
1172266
1221942
816638
1982050
346962
400857
48174
1283337
818457
224162
1321519
1203151
225837
888408
664074
1709107
1909418
1255589
773738
105562
893226
1068493
967239
787069
67659
1948406
1575935
1179493
874166
1201242
467815
1197857
206421
139214
1488587
1116624
1060161
1574750
1484249
1000771
745899
124017
972507
813753
316304
837394
81988
1642969
1232908
62236
1246532
1780564
1769505
1774738
1351854
299465
747264
874870
1537498
1266188
447385
1718862
667900
536513
211318
1920977
1781363
1831195
1512724
1386805
464180
167803
827499
399692
82855
1512079
452069
201864
288390
1922159
883348
1897893
1878552
1277024
1140259
530183
1931884
91626
1773801
1656768
36580
1146429
1036118
1730554
1418754
1331722
123116
671615
1948670
132898
139567
323417
1114379
1275258
728798
167267
1101482
1781490
1425881
1531503
733469
1243256
224664
1764510
1264646
1011170
120928
803452
684685
1883208
996428
1347122
70383
593616
648592
733934
563961
939400
1382886
1834983
1766058
274212
748712
1734306
563899
1939690
395115
440107
356132
21102
1823891
781285
724600
463124
722677
720064
180482
1021360
1099941
19309
1070452
1109201
1819669
436410
48097
1985355
587603
1695491
1252522
866026
604346
1309429
1539162
1663095
588401
1896000
1376253
1614702
1504160
1120187
1323393
910224
759350
1062689
1914863
460110
1026175
57665
89785
1964995
497655
1463074
233261
381157
284307
189850
1517915
158314
1804181
1473792
1346662
669951
473039
385918
998555
699425
1819971
353227
1452443
1710877
627807
235294
570815
213464
1045335
1945414
1296389
747376
726103
1894123
1788826
211616
912890
584530
656953
598408
1877652
294264
419012
459191
189955
768577
804258
482828
553478
1014797
394112
253281
1916697
1923079
1376680
386730
1312848
1507439
611011
533005
1650429
1107315
235538
603785
1773204
560848
658088
634162
1736017
1798782
1139835
773920
1110346
39287
1964621
1404244
958072
1741401
1966656
911922
1420185
1996670
1798289
1902481
41609
1533226
1442122
769215
1841093
1481218
1240228
748716
1996743
1961584
637184
1892658
1803086
612770
1604460
694749
420349
1151385
355823
1212381
575592
55016
779266
1216321
1244336
1430554
1253649
1687908
1761598
555069
1087260
1965970
1060414
1844003
1395571
60966
390251
1353069
206310
1872060
1489905
305136
1692268
1022658
1781431
1196469
1947034
795076
1374802
53599
1065442
879974
1680510
509405
1973554
1792846
652091
1818451
264618
1506833
1463898
1343612
395563
594893
1334036
219975
1879195
847183
1711256
136291
680935
1321377
1738602
1696941
1386222
243334
1485698
1802921
1303167
1133119
1761373
405480
1494805
239223
1694384
299254
1088967
1547155
395481
116200
1980489
1042538
66226
676069
134019
686640
1331018
1242701
322197
937867
866157
800951
791359
1365267
1005982
1487913
1198921
1530948
1226429
175631
531781
1631852
1205533
1301363
99937
1116645
1370873
1824307
837621
968819
912709
1060270
328924
1878217
50145
482800
1805103
316685
1815111
166738
1210223
1702695
186702
1877505
1042019
1288650
122658
174618
40584
395318
667487
1620673
13320
709521
606393
1331884
1632080
82106
1670231
1039290
215546
530879
510773
135791
1553108
1089103
211216
449382
175330
798100
884819
604692
1035868
1840549
998746
1660276
387629
88709
116881
620611
1815362
697705
1416992
1728566
1981018
575304
1633258
1628447
851916
508626
411089
907557
348003
792828
103922
1271257
726038
1396524
1298066
61410
1744497
211517
1801784
1380744
1762774
1132450
1152323
816157
1450524
1467604
1870612
429690
1480226
188970
1938292
433375
1032728
139347
1165238
1535554
149125
1334202
1136896
1130204
776813
1208595
1039410
1214045
1393887
623766
785531
1472741
294084
1647099
2268
479143
186679
1732664
1581725
412509
96727
1150230
735941
755896
1190585
1272880
1893795
314083
1186469
1704510
22849
394814
1536643
681422
796895
261888
1912360
1837802
1181593
1734792
1972195
365011
1643905
317422
957559
15516
904834
1404625
131873
1146881
1369744
66609
852399
1611201
967512
158122
31068
73060
1327705
969176
459871
368454
244300
1148143
1183762
191326
284437
1756446
254613
1261879
979678
1751547
1965934
806998
415284
821525
1517241
102046
1807236
1041484
1698888
41624
1815363
232938
886462
115748
736962
1442102
808977
739377
754375
1456868
676828
1616802
864506
762709
588911
700282
1664018
589888
1074392
249498
206552
59545
1390856
1610475
836054
1728360
997835
967146
1478028
1231125
1315429
201473
1247030
1816506
1139516
1706365
407378
1070772
90587
1786719
1804722
919238
1326433
1796934
1118716
736399
933565
1516372
972219
868874
1975944
1302010
446637
377348
1487309
20805
1326604
637437
1454836
1890062
1120285
1407251
1560859
1578664
834528
764980
1156914
1453515
1753625
1092335
315756
667482
119977
405340
147140
1016973
1465272
1315019
405275
1820203
296013
1797442
1589513
804210
672367
648178
566318
284764
1941968
223077
1749363
1345642
454201
322254
574418
1978334
695792
495227
1683657
60684
729800
877067
1199893
16286
344163
1289043
949402
1401438
174121
518859
1405534
251118
635969
395598
359274
1548752
784961
1435857
463482
547268
1165510
1441907
1174994
730156
1654290
664134
460600
70373
643701
1499272
850089
1014136
1001635
1811645
1904693
1286101
513116
178092
1045613
1193322
1504160
742602
1424430
1846997
758699
1910804
1773516
1021509
509794
298157
797725
469506
954464
774757
341604
454608
444011
539505
1659427
737774
1182177
670020
640247
1174125
1879491
815042
1246927
1468785
1343633
1329894
1362490
1269997
37609
1099302
1674535
1464035
819113
1201183
1957338
1703125
1852760
1897767
1505247
1120128
1706957
1943461
122345
1759247
1913312
992045
844662
1282931
222331
1357647
315400
1158854
398235
746379
888421
1889665
267853
197280
1653814
431078
1694227
654253
671935
1080428
76642
1589207
1398931
598519
229583
914419
1184988
179511
658138
1205608
92931
1394315
405201
818295
1637065
361550
328594
1467895
1487722
1615926
1483621
1076
1446633
1944015
37865
1757300
9595
1239341
321897
230401
1763197
1729189
1342152
1902154
8377
1829410
832685
1306196
763845
1507406
281531
493808
1233553
1309306
1821372
393407
965862
1386141
1820425
165310
694993
1875473
843827
1774691
265798
1886543
854251
465918
695815
1224278
239829
1979222
96781
1639760
445310
339743
1654684
962245
683435
897011
728735
1935678
796439
1960302
231838
1857795
1333426
682468
921516
1358764
1156791
1598385
1576660
1279445
1120327
1884610
480224
827958
1081792
707501
981880
1209337
779683
1667464
1913273
792896
1947049
824404
1027508
1294130
1903625
1955205
1354298
466730
459799
149253
1200013
851715
1492976
444959
1263476
1580168
1606855
1519264
1977339
1732570
726609
1615649
1715478
1082995
1076826
525015
684017
766151
1763223
726527
1616932
1099548
69868
850376
1732709
1034277
80973
1323967
1653102
909179
1023440
1797002
102530
1838021
1581278
615991
1743251
719643
996052
1888464
17467
1508886
377841
456704
1822783
1407728
136818
1791762
863031
1762329
1580161
1700413
419490
1327666
1067602
536443
1002152
115088
829894
1822989
1612071
1003310
1052130
1104337
1074829
1698018
888751
1521634
1451391
870923
445075
917312
1110584
882040
1574891
1102456
1282826
1271126
689297
63288
675375
1781439
678384
172662
202138
1825482
892186
1646569
1625103
24738
1006117
347876
537922
1805480
1701478
262125
592960
1543071
1065018
1793261
1682977
1184533
1346568
419545
1222508
503252
1367091
1324088
512016
127185
151704
1990519
775811
797679
1363172
775310
371089
1537277
1265788
872184
1617116
309926
1915818
888064
1842304
1367609
105878
1219734
228970
1170507
257061
1431956
1980687
212092
1135808
1231972
1681038
1542912
1634550
1925683
1536791
1253796
1873286
358631
1582324
1545951
196954
1071682
1302946
674732
1915890
1903807
890771
823183
1221917
1720483
1944900
1043613
1541192
743927
990362
1322360
1615514
1299734
1326393
1018337
1441475
1224235
1451963
1678319
1211546
1703933
455929
1437070
1056591
168398
406784
704301
338211
1300559
1703462
1000655
560968
1189176
971311
1829086
1160663
530575
575394
1622689
1588190
270738
1025474
930236
1752328
1887225
1054517
1837459
977607
412407
459702
1587072
1496001
1089604
155109
969789
1920804
1876913
1758457
1402075
307671
745928
1495694
983079
292768
203227
91454
1365659
785860
495798
413051
1938356
492298
1324866
72853
1538161
242393
474730
1395455
268114
1406661
1653154
378757
1627294
1472974
1798068
968659
1513496
632227
1426967
1510659
457317
1688547
1521242
881272
606998
322
702089
996171
1548408
1475707
1859801
497310
1909808
967155
1656180
764167
189691
1402136
724619
369529
487353
1350085
1970136
928379
824067
321250
468971
725705
417819
15518
1667748
1658844
1958757
1842436
1944088
195692
570984
630022
1366283
761628
762744
1987110
198980
154351
1136190
176765
1559050
812378
1580701
1228861
589438
1577306
790430
1221700
332492
483475
1669277
613247
318194
1578729
888065
443671
1697274
376629
904907
1558003
793857
1348407
1843022
289177
735303
270243
102482
1058755
296922
891232
1074833
1826888
1063761
468818
1981087
146534
733315
973784
1386126
841068
327368
950520
585850
1300659
245971
1262567
319223
627014
1500690
862781
1479042
1821448
441457
1456166
1984638
1444205
1236771
1527160
1019131
1473190
1326296
1514522
250404
129540
1205212
1893015
845509
861092
687232
1170538
1835856
910700
800663
279226
124338
1411469
1953720
180712
654167
1087306
109353
580353
69583
1062745
1559800
116529
1438729
169347
916628
476694
1738344
255495
137490
1021512
319870
305914
473034
1274339
1335349
62256
737163
1384997
1028482
493938
1406624
85467
1916774
647976
281476
1630417
874096
1946481
28903
270726
143221
1910291
1294894
1572097
692522
1101157
245223
1183
1088911
1023261
879772
491397
1499975
1766399
1655358
870262
558182
1358765
690980
1612287
1162960
1260042
1513803
1034063
139529
1998416
1957623
1365340
1403087
1053648
263525
1602824
263959
1138517
1647056
1364772
889553
198622
555951
1522245
1526130
1263395
1900176
342025
806317
1826638
1256648
960877
750903
69856
1175582
15628
384420
1004600
257769
988876
578743
509435
1780058
151314
1087657
1991939
1163898
1565167
1511333
884745
1972613
184884
1914807
1340025
968470
287957
1887096
1841933
1059569
575232
1223096
1506297
26708
1141559
127171
1763748
977879
421871
1358376
577673
183421
375618
862542
262329
1009493
1773581
562586
847837
981323
577151
697605
1767359
1542484
704023
1644399
1725983
25040
1223030
1990986
1894909
1272205
207584
14413
977659
1022197
956632
1793011
1703713
195267
47202
224338
1199850
1947449
807977
1043606
985137
1934096
1956445
1732557
1608295
406685
882432
296592
511375
855774
275750
913005
300615
1062136
1988193
215546
1427691
1727458
715288
1569596
751655
268936
1036173
191968
1186965
1049173
1929469
237172
991540
1536940
1266758
23029
60839
1622904
358656
1140629
1690407
12869
174370
960531
470949
1831460
1197109
1359787
558360
1923810
1414904
64132
1474574
1490070
494171
1455059
828515
1901054
322916
511717
888337
160611
771242
1051826
745783
1488833
1406827
192740
1946828
199219
26714
290540
1624641
1972274
584530
712705
38164
425130
1027662
1176390
226861
1528556
1327475
1368161
961769
784651
1881659
600726
1778400
823499
1916144
899604
1712059
629156
688423
1889992
499832
1735762
342030
568403
515434
1406845
1292919
1039718
152682
1038245
1716747
798054
1791572
1270388
347164
796485
1264651
1527864
421925
1632161
1407221
745525
860157
1945910
990081
1224894
1656911
747053
551516
804499
1064276
737441
748310
641794
349238
386276
1850131
1760523
379066
1899133
546156
905858
727512
318136
1614560
306091
1925643
474428
342997
1816306
367789
57707
810682
568659
1341473
1120607
551312
1466010
1494038
1662936
1518788
1597351
738776
1159522
211348
361468
502258
475762
1987871
493645
666190
1646977
1817561
1913651
734285
132553
1651259
1725898
1263668
1929098
614600
867971
585594
503526
1853096
1525345
1145200
59950
882069
554717
786540
1848796
835539
879076
1044217
1915381
887462
1178979
1817838
469405
198375
1059459
1884777
148710
61155
1944103
489703
1190140
1061878
1892397
1761011
257422
682264
1277465
485231
1256229
1429845
1887744
1443073
30844
129214
1603746
1851255
1958103
1556689
94641
577371
257306
1465376
1565717
1455637
1464554
372296
1275714
1011464
1018465
921231
1992684
497988
1819486
1533714
592747
1300192
1042966
760385
1147215
1729835
9593
1062735
1214834
815607
1696323
1666311
518058
217552
1113777
211455
1371007
1154105
1482108
902537
1743504
1096406
909431
110448
1135779
1788700
1508982
1790275
1587377
1628275
66348
1567055
1154647
1231374
1859070
1020362
734880
1198415
812781
1238159
525737
570244
230254
676537
1712558
465302
1232641
73399
1126871
321349
1975422
778239
927784
1836287
697552
1059022
277954
887673
1270784
1640503
1072405
712241
1465841
1798175
733292
1316181
588872
295240
1360827
517792
703405
1690037
158233
374562
1383822
1361422
541931
949555
237978
1212469
797363
496948
1924999
1104649
1638222
1343640
749310
99902
1688949
348041
589965
1344550
827217
317335
66284
1355348
231913
995728
1149928
1441682
1431531
823782
575096
1426620
1045220
1842002
1204829
1888111
157583
1254799
1051104
745845
996604
1283091
519902
1144798
346218
1956727
1188375
783091
1449049
502450
47116
1057593
1662074
1054502
51894
55237
1889164
500629
70665
873093
873637
1232392
851206
13073
1113606
1029181
1184367
1953984
870526
1632608
620816
274397
1034490
1012713
1479517
725378
393212
133596
62180
416366
1589677
1218202
304476
1591559
1868881
997119
455779
257442
979521
443567
552590
744638
1529315
1172577
1406841
990659
1038799
796764
1529037
927217
15328
27013
605073
714922
818813
495432
603504
592125
1532731
857040
1052453
1800898
350973
1610928
1531656
1743267
149884
898743
2522
1766877
916108
375990
301243
312381
1076444
874617
1418069
235020
857280
1302853
1296035
901866
1122721
1772153
1588459
235053
910271
1223585
1288117
1458803
562705
700987
1976378
963834
777802
388939
1748892
1165351
599641
984857
1459167
944824
312577
591834
712556
43581
260990
1308541
1624524
1495337
1915766
919596
126417
807519
259077
274220
1069715
1422223
1391504
1537745
1484756
700190
1786866
706032
747041
96516
432700
742484
715927
1807896
756912
959680
132416
154084
972188
459711
1926697
338030
1057019
961305
1847376
1954669
39097
122459
815784
733784
936226
496378
550233
958080
1152062
1388046
309534
1146897
1397462
11628
392682
222009
87688
679569
881728
1826749
1045204
1004210
935226
1504687
290213
571163
1379783
219707
1784914
120401
325077
969413
1396027
1072940
1224445
349578
1922384
1013776
250006
458740
271753
1652407
699815
1798054
851448
1096581
1762437
123760
1430143
1969438
1129337
1583101
1942292
726486
1202611
214811
1412687
341601
1247785
811788
795943
1547841
1534624
1775287
1603040
1098205
340145
105164
1564612
527323
1375583
717200
1957467
899695
1793377
1619315
152853
139268
1015978
56567
1881369
1328370
1577168
858241
1862420
1229750
1929474
1231431
1604116
1903354
137789
1088218
1896555
1677437
1418274
1117535
1183069
1306637
896541
187421
75295
1876743
632183
416731
1092956
367675
480753
367607
1746302
466519
1048902
391696
467858
441779
694096
1933920
1425487
321617
955133
1412196
1297576
320184
1450755
87480
1915653
1560832
644296
1302478
1575802
321317
211259
201568
466941
1542699
888174
948688
1057781
1870483
1050479
889985
668431
292004
1335932
816807
996452
310384
1740039
1339062
89008
1583902
1808506
1920523
687066
1915280
1834614
94564
949275
860097
680105
1196696
1980546
614640
902436
1101296
1841950
1991701
1467253
553845
355032
155507
957142
1157035
1657176
1494324
1337976
688182
1697802
117356
881288
1956925
1158976
15448
1297119
618102
698693
1155597
1139726
1168714
946330
1715900
290219
996744
764920
1482512
811676
1490703
1040658
1504965
839928
70688
1898860
617050
899517
631313
394657
1368979
1183463
1800192
1600441
1393621
352411
518670
213992
44916
997947
1968685
351812
1161386
1709884
525922
1382102
251706
77229
1942872
925074
126084
494197
376059
1961384
238244
771666
256161
1769116
1229693
335103
1372815
1934206
34422
265105
1847037
994727
1599080
353656
1805967
355137
1115467
253942
1910963
1490983
1154437
1264184
116983
862818
658552
1859723
1955937
759837
801584
130262
1977929
1666406
589687
242371
1237382
303989
1192332
1634375
937027
1971876
1155440
664080
1421556
449154
1374790
904156
1156487
1250779
1030182
1459081
769415
93293
849025
1161621
644877
918036
1478585
1589871
413010
1432389
916700
1832320
1083566
303860
985401
623222
423527
517546
1291134
363449
1518895
197731
1403293
137406
1943941
1836401
1981963
250488
1261383
1180094
1113936
1944298
1965976
699238
1674595
1241346
146243
1261916
96308
1920721
610901
286443
777877
1881880
1030307
105116
742298
1935544
464604
1096965
811827
563622
246865
922341
1584980
505837
1514220
670138
1267018
556481
1342331
409837
1478112
831598
1951797
270814
1934305
1610302
1421
1356029
674715
1736658
465657
575478
962229
1600856
532140
199997
185836
925522
1030873
1131111
829388
418028
814287
921160
1506613
999332
1203302
439020
1318382
146356
736082
1483839
1720017
1373346
1629890
1803429
80802
1265719
1291019
1608529
88925
643001
1152690
403664
668473
1244118
227884
453452
107346
460984
676425
1648969
1910188
1966686
958161
926247
1217044
426747
1822179
408679
1870962
721760
596933
785210
97092
1712623
1383713
1978310
793312
1122771
978026
576711
1823115
1014913
1484774
1724025
332822
1136587
1817230
38125
1123759
525527
1201485
441582
466084
956096
1778672
1816248
1637517
765394
127656
1749106
1487387
1706728
1059228
86846
536737
1571442
1821680
1940994
1101319
1464191
210221
1648632
217677
1717224
2241
283916
591430
878622
134145
1206546
455810
708873
1171229
125194
1231779
925829
1566242
218162
702701
1243910
953267
100742
799069
301639
1524667
1493729
1753117
1429338
1285183
50573
610954
1475166
1144868
94243
620111
1393163
502149
1710001
1205072
1071332
180064
629621
1454296
766846
1901044
934642
808397
1863336
1451415
957034
455660
1654258
380862
121736
797002
1666299
1311941
435390
111629
1658445
1383324
555959
926642
518837
40450
1470838
158156
1484787
238975
1235411
1684160
1623778
1426438
1840446
134470
1267657
1985071
1489923
195598
249195
529015
1204957
1374316
1257026
1281609
757366
1103238
1534048
924307
119872
793500
1265050
1563108
1103743
284545
1892420
1563301
312050
563288
1772872
1241545
1767388
1714774
350145
786734
1450372
641357
1157202
234003
1243029
1452515
1811575
1406113
1070638
307277
1261101
463882
1427337
86750
958420
1914726
1073882
1902289
1022693
1006483
1575446
1666008
133026
1117725
1405942
834041
465702
251533
470772
1789800
88883
1173217
1095697
127659
1641009
913566
1857752
887835
182972
1424110
737845
969768
1189879
1814097
1982573
131911
1616412
1534261
6844
1375234
895043
1188870
1048783
1451373
1861393
1727886
827814
456008
1212030
96383
643332
1305827
909949
46624
1136180
1601040
1897453
250272
522916
336208
1500259
1521031
972977
16549
1235270
1721738
1796799
380589
161970
984332
1790017
1152806
535603
262167
275909
224108
1924429
114326
582268
789788
1262647
566119
773565
1775826
912392
335525
1375057
816541
86465
1062876
1708844
305831
1723596
400111
466624
658134
24552
1484078
1171689
1941752
511088
1891942
833697
554231
262667
183874
1947519
1853343
937836
296877
28914
811448
215347
785361
1621110
225016
1412062
274091
1644028
1079680
1676689
467552
800835
1503747
406673
708280
263381
1694546
1030486
624930
1782231
832190
216105
588123
1267936
1776032
1127971
1467672
1883746
430761
420171
1034348
72495
1618100
849356
1605245
1575143
449238
217496
1055370
1378951
444744
1657291
1607575
1677559
1081665
390750
1248022
1555937
252933
449975
1825636
1338917
290306
163129
1131209
39043
147431
1063419
1338249
594021
53429
1233720
428941
1250021
923300
582715
596374
1100373
1661645
806154
1360273
236737
818927
1120283
1066812
1886359
363377
1258061
1556439
1333862
1192767
1136394
1789054
200802
486632
1060565
629826
521101
1510654
1917811
1936552
508924
175035
229514
607146
1936284
910951
1811307
759745
1167293
1316445
721243
1994005
1916565
1975195
168818
1811019
54027
384343
769123
1940648
359751
850944
721475
607430
70192
870806
640456
242694
1185540
926943
69336
487016
518947
760915
1877019
1831411
1369278
514215
670585
813373
1725951
1848630
986254
365359
1785404
1782997
456148
1674108
494910
1603088
421705
1029161
1083875
587343
1502755
1475287
1833080
295605
1775613
1659265
1642515
1063008
1682717
1137836
1796597
1425464
1956877
1715613
1378584
1981836
1634193
1246583
1653162
960972
1850813
1667215
1800654
1019429
1870123
1014357
1266204
1720536
1194309
1168919
1443402
1350257
1897441
401400
613008
33663
1662759
1475709
486710
909505
1038799
1844626
1157343
543471
476287
987175
742934
142965
1555730
491790
534364
459077
205415
1519114
1124120
1286882
490769
466626
190884
135751
1935733
791082
745887
272117
963059
1402258
688779
316886
755979
268117
1327929
403995
1396020
1506376
1572519
151486
1567208
1063897
123941
310320
894048
1983777
681935
1830031
1183597
1030155
1947027
1139359
1464415
862284
726157
1326950
1604208
1686491
1236246
1793360
1965790
1879595
1062875
1397941
581022
1294081
196149
1970230
105950
1804566
872702
243440
29636
1566097
1092451
626754
799584
987710
192630
486548
459215
297786
167916
1838778
1265903
808549
1410030
463220
1107350
818565
1314737
256739
1509996
1932815
1530106
69759
1762068
1861941
1345230
1591055
622931
1802093
192615
525589
1985133
1530653
740614
621158
543896
718067
737911
1391639
162197
474271
1554242
372283
1510061
792110
1111636
1724546
1123195
1639468
1299458
707172
1855343
1026213
33045
1739840
689990
1752825
1896483
1223076
893647
418325
331206
138374
1706258
303217
1106711
1372051
810946
12005
1459384
483604
621198
1306719
924098
1036210
14567
1848901
1672286
1233708
563165
987066
846009
555765
822898
1023150
699943
376806
203589
1012117
1632314
571802
330450
1553263
995661
620589
1218031
1140711
123010
1944498
965541
1185384
1319248
299771
971743
946171
252725
1497066
495990
528942
438448
1011772
1096941
966717
432841
1212343
1551162
198212
495011
19772
1211273
1762118
1567967
626929
1851013
648192
1127711
252289
1390754
1302417
1963322
1355619
334554
1589321
465965
1846693
1925380
855865
549725
1118997
320620
474064
514217
1891395
530197
396994
466604
1330064
873526
248542
1299256
603705
252296
455569
592676
1869681
1200371
1050908
765940
1840332
983038
1992726
1374492
1766699
937971
499527
1047658
1293478
644107
19473
745156
1835766
1211951
1274553
1629909
1597756
1088871
338295
1083102
1702603
1986551
1530375
937701
1771171
1876995
1071915
855798
1899550
357098
207311
230487
333966
1421939
111076
1207821
940671
1147398
1389061
