10000
1673655
1995055
1862625
1556611
1642437
1776942
1774969
1678120
1769374
1829945
1762251
1918484
1587483
1892702
1808417
1541599
1628888
1605235
1584792
1841726
1802062
1801915
1566364
1524374
1915493
1565032
1723827
1799362
1651785
1702846
1964884
1508837
1579736
1809421
1996694
1716439
1708469
1920871
1713951
1711009
1712371
1526522
1888926
1558518
1792839
1731945
1939766
1896741
1823586
1750913
1688807
1692998
1589060
1591575
1547385
1651627
1923241
1753887
1844252
1745003
1852754
1924690
1539719
1538564
1775617
1588401
1971972
1518240
1695819
1975754
1909766
1655317
1839530
1823469
1807689
1911060
1912931
1621554
1608739
1600068
1952029
1665073
1881005
1856840
1648501
1923436
1822353
1545147
1736096
1680447
1908823
1817798
1984933
1757994
1811247
1709611
1977027
1599101
1506887
1557690
1629764
1510199
1608065
1657483
1877280
1987528
1940451
1689950
1837698
1974670
1666581
1567066
1607849
1848291
1754866
1593187
1822842
1530666
1581151
1816086
1873587
1999513
1835360
1666269
1664178
1844056
1913259
1660234
1728587
1920343
1922163
1898109
1725196
1701555
1520310
1824017
1910463
1715845
1696946
1554449
1705602
1616722
1858955
1965243
1947792
1942005
1822345
1748275
1902371
1548960
1990919
1717080
1543750
1870558
1872352
1577961
1929982
1709222
1875957
1767949
1776526
1608676
1966007
1515687
1553627
1876674
1807979
1520561
1981297
1641803
1854327
1681847
1696648
1870271
1661531
1502872
1548120
1811074
1879159
1711785
1737018
1519140
1612617
1665461
1970651
1707618
1907924
1939679
1620280
1835880
1994126
1599594
1696320
1612812
1984348
1877372
1521044
1820911
1710094
1736313
1839654
1673311
1944064
1733275
1689631
1611208
1816996
1762025
1661027
1854051
1883237
1568935
1783483
1658282
1933178
1945588
1994056
1589016
1652157
1669485
1590567
1738183
1607359
1525088
1837382
1621749
1650881
1747298
1730587
1816112
1669629
1863801
1531516
1843799
1846458
1891976
1967145
1542346
1996576
1568038
1897797
1613361
1887105
1866760
1884058
1651762
1859851
1535797
1666144
1694180
1899844
1783108
1728013
1568899
1623095
1558421
1919927
1768727
1638552
1514291
1744803
1697542
1817314
1701706
1905996
1644230
1613375
1988183
1513247
1767194
1946248
1838269
1744601
1675529
1978040
1970064
1918325
1919912
1947864
1917061
1912935
1562080
1984551
1699246
1868044
1706349
1531568
1893311
1704754
1638577
1637087
1794786
1904875
1797978
1638275
1829214
1671532
1518261
1925881
1800749
1742500
1996360
1701938
1527341
1528157
1774664
1586896
1855690
1502039
1895262
1880944
1833120
1561570
1599736
1940349
1834775
1971041
1778440
1512713
1776045
1505656
1862145
1775647
1514521
1776404
1734944
1565297
1653468
1594431
1913217
1912607
1622746
1767798
1944828
1736738
1995931
1782252
1907879
1647137
1881031
1573464
1596017
1690391
1857864
1831442
1963134
1548952
1613450
1633887
1821473
1656679
1734519
1949265
1761985
1599922
1742393
1787008
1941950
1646154
1697569
1919030
1754577
1960323
1694931
1755178
1854610
1715652
1521852
1865575
1737298
1667124
1832512
1976620
1900702
1970067
1858893
1837360
1883088
1537507
1634284
1522712
1746404
1923546
1824610
1748489
1696760
1869935
1635971
1787494
1564625
1739254
1669326
1557961
1542748
1733612
1770341
1845873
1681621
1722950
1897691
1595784
1954832
1698793
1819717
1565598
1893349
1911567
1680521
1501502
1503239
1582879
1691682
1815208
1640933
1740614
1826563
1568747
1562877
1954699
1978877
1549943
1732516
1635430
1524064
1730970
1553827
1672713
1588196
1909927
1920735
1879342
1845786
1993098
1781470
1882490
1999452
1794920
1911082
1739678
1883298
1695944
1761233
1907726
1528901
1753654
1896457
1616590
1688403
1634968
1508032
1855255
1794969
1837665
1953588
1815465
1752364
1630805
1898657
1600239
1731626
1901127
1844946
1503241
1856053
1771892
1575978
1883195
1981494
1701619
1573959
1952926
1812793
1794348
1715396
1617651
1580155
1783862
1699008
1668844
1970659
1754824
1944946
1849197
1747749
1827963
1884892
1505595
1501737
1709789
1622265
1664779
1707705
1785362
1749445
1651657
1788487
1799603
1982668
1524415
1687428
1600009
1999343
1683217
1735453
1614105
1738584
1913166
1998430
1720162
1912837
1613729
1717827
1868758
1923163
1635030
1882335
1688133
1748786
1663608
1640201
1568557
1736039
1800705
1755939
1527675
1929808
1541360
1995568
1923921
1897939
1972217
1681848
1876111
1645515
1630273
1543440
1649585
1677043
1560725
1814130
1604722
1523590
1915438
1908212
1878526
1746748
1595500
1559247
1714375
1579259
1652020
1818252
1696394
1838116
1888922
1682815
1834682
1528795
1857340
1519652
1959448
1631422
1514463
1981766
1854323
1927800
1869172
1681363
1777835
1829301
1554202
1758172
1689630
1524876
1747833
1537711
1660883
1589971
1671924
1907948
1713016
1740565
1813043
1989296
1778478
1578145
1958411
1609888
1577215
1884119
1676606
1511372
1584312
1639830
1578162
1741237
1890263
1830167
1859521
1699674
1772759
1999612
1629373
1960012
1719633
1553631
1541495
1721356
1745888
1632130
1937126
1759077
1651473
1570923
1604745
1532862
1964622
1855158
1972798
1696835
1579122
1842898
1662956
1562682
1695519
1591660
1984579
1506932
1923368
1660705
1597101
1733318
1995831
1604029
1708316
1703609
1762743
1813487
1572056
1940770
1923090
1593093
1921804
1932544
1582999
1764650
1871419
1518545
1747412
1958623
1822945
1517738
1734563
1937465
1926704
1628698
1569628
1600020
1547844
1569990
1997601
1510847
1753881
1785321
1594465
1939414
1984978
1721157
1876888
1851121
1710462
1519676
1844253
1572151
1505735
1799830
1809289
1541285
1936015
1895560
1853301
1736611
1859681
1734092
1884429
1962717
1726347
1981662
1513085
1602273
1913568
1938384
1559320
1514393
1541022
1636646
1849401
1619129
1543878
1787143
1605115
1949616
1655932
1584082
1515049
1579701
1926932
1600201
1639669
1681423
1509915
1769690
1661355
1878950
1868339
1795796
1696112
1629146
1550550
1763387
1637989
1827030
1781921
1577741
1590281
1525926
1653757
1855579
1686205
1529563
1594957
1937242
1756611
1762200
1513836
1533133
1849496
1830187
1898707
1965442
1756749
1885325
1610712
1971396
1616824
1863561
1872392
1666542
1728155
1609369
1623330
1961270
1999779
1722106
1923170
1814790
1565746
1576701
1830948
1850864
1750202
1948550
1935395
1664790
1602015
1875856
1911862
1611724
1672473
1993557
1610456
1954094
1778509
1582620
1684408
1853777
1824111
1711987
1871755
1647895
1956811
1896749
1881017
1518530
1714466
1800875
1525656
1925297
1520979
1863756
1610142
1627296
1770107
1616442
1528797
1942291
1978723
1954630
1787189
1983037
1895127
1583420
1804519
1720740
1509116
1585880
1724182
1914890
1818779
1950089
1925627
1761836
1993793
1818943
1721562
1840039
1542473
1953950
1602226
1770649
1920856
1907907
1889636
1956798
1810620
1999744
1945606
1845856
1508761
1772970
1993282
1967975
1696856
1617516
1996223
1946961
1654473
1670524
1984446
1907654
1981091
1746206
1763487
1605600
1678892
1698805
1611834
1841054
1624904
1957666
1554052
1656683
1568855
1764026
1785391
1927747
1981177
1743854
1583924
1632547
1626666
1764024
1647274
1523928
1981181
1637199
1630014
1870442
1674120
1643307
1931510
1945857
1926464
1948297
1563130
1759776
1735022
1775642
1558405
1616170
1525010
1585897
1747507
1702089
1935970
1813299
1664688
1939781
1847821
1894551
1603440
1971365
1770017
1569084
1652741
1680226
1858684
1697283
1989781
1506797
1832193
1750475
1884602
1855629
1577297
1824609
1862960
1906245
1831381
1853853
1884331
1865234
1748724
1699534
1626554
1754490
1918758
1992454
1515865
1643612
1583304
1964398
1922755
1851642
1655054
1930912
1954954
1912700
1898933
1645777
1660427
1665968
1516641
1916661
1960517
1889988
1650892
1680182
1622851
1930775
1616138
1668633
1681320
1676153
1944266
1543634
1716736
1935076
1571468
1676620
1802081
1544142
1991847
1524135
1950590
1794569
1559327
1769567
1703113
1796040
1915990
1878553
1667290
1808956
1968374
1576793
1756561
1552992
1923023
1622491
1500412
1903496
1606190
1637804
1791081
1965074
1646200
1530792
1806303
1723886
1804180
1902144
1625800
1764495
1653934
1885059
1924930
1962884
1539493
1851575
1932389
1625604
1840403
1824835
1699063
1792072
1830848
1542482
1883779
1505921
1599607
1968923
1978382
1943162
1898097
1662720
1610903
1552958
1702331
1966914
1880950
1719040
1995264
1757954
1920360
1969519
1683290
1869059
1991841
1921726
1768722
1557328
1634190
1745821
1523808
1732523
1520888
1588882
1560595
1898465
1955888
1917038
1704189
1870705
1678060
1799927
1925878
1861113
1656235
1833958
1646026
1755441
1724498
1787861
1866058
1631404
1540370
1520730
1530780
1893076
1962329
1723999
1880100
1755582
1878273
1530299
1828684
1655735
1613819
1779291
1795884
1971415
1965562
1746461
1759943
1932977
1801762
1941118
1929234
1713050
1554457
1648164
1633990
1893330
1829640
1858684
1758386
1643998
1655114
1928690
1508848
1635414
1756931
1525042
1825403
1694841
1588413
1814001
1980164
1834100
1944597
1870861
1525825
1539185
1860458
1880686
1545824
1941381
1645384
1803666
1574728
1867471
1700135
1769030
1615489
1551564
1618092
1818908
1779548
1957929
1743883
1683964
1988350
1716065
1580041
1942045
1990564
1682551
1830952
1609462
1895946
1873226
1543754
1948258
1989739
1702366
1683635
1602789
1878086
1982810
1618785
1772369
1606416
1883788
1588173
1857863
1931722
1862041
1938385
1716681
1559588
1965564
1818892
1863532
1780164
1915609
1841816
1969675
1738475
1709040
1600583
1767100
1885815
1737606
1819819
1892141
1610084
1892987
1791470
1742332
1621268
1837533
1515024
1960731
1891695
1532397
1869262
1904887
1813960
1783258
1840597
1515564
1895304
1759242
1982224
1993996
1598808
1754618
1749151
1923161
1768397
1645064
1857033
1822889
1819630
1844199
1973487
1707800
1851060
1881528
1532729
1704961
1562428
1885965
1742765
1908243
1504954
1582339
1669686
1689750
1821246
1735418
1676634
1738825
1561145
1792532
1573512
1815926
1712931
1753414
1900367
1512292
1921129
1593505
1865887
1982734
1968249
1638620
1657189
1896470
1871236
1681564
1537083
1749092
1888694
1557097
1591967
1760645
1651377
1601215
1972565
1834971
1520691
1879214
1845254
1859435
1570898
1872376
1604998
1813665
1620061
1937881
1989252
1944532
1861725
1664515
1846627
1594670
1535649
1565575
1801991
1953416
1690251
1583739
1612863
1685967
1714382
1978422
1503549
1553225
1731207
1541202
1904685
1740828
1640941
1952898
1567005
1970726
1860809
1511411
1817368
1960665
1664189
1742696
1628509
1644208
1734407
1907532
1522145
1561446
1695824
1915058
1692801
1578130
1997997
1866771
1620841
1969798
1645636
1714167
1839195
1981689
1555990
1742732
1873009
1615342
1510028
1552669
1682123
1703253
1545168
1977082
1849303
1807899
1661290
1906314
1648872
1950046
1851852
1934284
1637473
1817639
1662057
1577599
1568896
1725449
1952066
1810473
1834110
1835552
1725341
1611523
1578215
1785015
1790466
1624881
1928769
1593301
1735283
1516035
1698177
1749281
1846435
1664832
1802613
1945082
1550036
1717262
1795438
1744538
1502158
1657363
1575833
1792096
1693806
1784555
1678683
1812587
1796457
1778945
1912245
1637349
1570484
1929611
1880846
1561226
1994012
1589620
1829361
1871660
1679676
1811552
1558538
1545622
1607308
1898498
1907442
1641443
1747577
1531714
1938453
1582853
1900368
1935706
1804891
1508180
1803924
1608522
1849807
1683428
1906246
1681933
1995425
1732582
1816118
1513359
1610032
1934984
1827453
1922476
1910619
1821722
1810630
1595601
1690590
1827228
1683106
1765479
1990796
1789226
1947400
1720618
1564328
1905757
1696126
1972286
1854712
1513928
1532930
1976214
1953353
1933820
1510538
1648265
1880522
1933147
1543338
1914088
1720360
1695164
1949796
1637738
1923885
1702132
1549548
1626018
1933923
1701206
1829954
1503575
1809136
1837767
1642806
1874724
1820028
1681167
1764323
1863171
1957657
1671950
1727935
1812532
1902422
1508112
1842409
1556237
1704168
1914627
1566320
1829845
1837643
1659310
1854723
1862275
1862973
1582280
1584638
1931498
1679594
1989872
1866626
1659187
1813007
1934608
1576276
1543603
1868844
1637763
1982772
1557467
1985347
1826820
1667878
1871625
1502854
1954836
1857354
1931990
1676964
1552420
1523400
1604527
1571734
1833138
1891030
1587393
1911125
1826854
1721880
1688415
1737811
1773951
1994024
1707102
1563054
1756025
1702034
1951949
1746304
1609026
1706838
1629143
1927695
1653478
1537941
1860299
1776133
1927139
1779443
1644359
1920548
1646804
1975594
1571663
1712930
1692641
1661713
1654870
1523537
1796905
1510984
1676465
1619000
1656540
1787513
1644675
1928935
1675079
1743615
1671054
1852474
1625948
1937705
1823183
1578270
1713644
1531823
1643998
1800224
1584893
1891410
1886148
1837830
1915916
1585358
1784836
1588238
1972704
1702960
1673738
1850908
1755748
1825886
1798498
1981257
1650639
1961194
1939009
1717858
1608881
1559120
1528258
1751267
1597163
1957758
1721093
1530359
1970077
1680313
1877986
1720901
1685732
1770881
1551320
1900119
1946960
1678093
1762229
1505125
1625021
1895147
1960721
1610277
1640280
1515318
1962698
1906528
1527492
1692131
1960790
1573302
1630428
1625492
1798530
1718897
1703309
1762839
1751121
1902737
1506549
1921404
1700141
1648019
1555397
1691039
1898360
1969540
1680483
1528313
1597431
1566442
1669223
1510159
1568016
1564556
1815673
1709734
1996994
1844059
1694243
1666369
1732969
1836506
1535313
1655185
1911830
1543744
1963562
1892833
1915672
1898304
1886419
1529165
1702386
1983743
1674011
1559851
1699298
1750074
1751460
1819565
1515514
1537732
1957645
1520432
1872612
1667401
1898530
1558422
1703006
1863968
1988438
1929692
1739322
1850088
1763496
1906334
1862544
1761532
1745553
1951414
1528498
1836024
1625284
1519900
1567772
1509668
1721138
1635395
1880679
1769944
1916238
1943962
1608391
1873976
1902804
1634861
1774377
1840831
1739006
1888462
1960701
1626397
1980810
1870590
1699790
1703021
1962083
1655214
1648703
1820129
1854124
1777111
1945969
1833532
1783648
1588144
1574865
1733154
1999710
1800564
1985273
1852077
1862187
1980471
1809335
1884083
1684595
1842436
1941196
1650813
1775822
1536338
1635179
1535757
1557105
1761119
1584507
1677132
1650307
1519440
1892384
1977592
1973097
1568088
1516110
1866418
1826050
1505906
1991162
1676548
1974748
1844571
1638226
1672414
1727855
1642892
1968062
1870887
1710127
1531737
1854945
1595343
1989757
1581918
1938170
1938420
1698081
1731684
1888376
1655360
1518153
1581686
1809274
1781568
1771657
1639121
1778308
1574589
1589885
1922811
1816122
1659274
1506927
1831039
1568320
1720566
1632335
1663948
1709118
1969593
1714773
1977542
1963446
1589607
1959016
1781095
1820075
1534044
1728529
1602060
1850811
1923559
1549362
1949092
1749227
1895445
1847369
1729315
1726548
1713284
1652444
1998307
1781319
1524736
1655713
1729636
1932493
1540553
1665737
1600754
1541121
1774769
1778583
1782274
1911608
1887076
1636125
1801632
1850481
1655613
1843265
1868128
1752977
1662377
1994559
1958170
1990415
1710417
1735053
1520986
1985282
1800709
1625336
1978128
1512791
1574463
1962942
1794583
1500099
1963173
1940497
1840551
1780230
1543749
1955076
1540973
1610160
1678321
1993374
1858254
1573599
1544611
1731836
1551045
1901593
1702439
1565683
1564670
1518272
1972152
1546869
1517075
1635309
1830252
1556557
1560516
1573909
1694997
1712747
1666403
1893513
1502613
1580947
1733526
1648908
1870203
1969074
1558405
1920526
1964486
1925604
1689981
1912329
1606404
1825026
1862635
1949264
1660129
1783866
1639350
1749365
1512515
1839951
1750331
1915461
1549164
1669868
1661920
1970289
1995499
1695492
1701576
1697123
1758038
1562163
1552958
1865073
1617298
1927077
1871780
1956492
1865459
1743088
1673563
1890184
1877625
1523862
1743067
1541592
1723783
1647250
1797338
1894861
1729603
1678857
1535687
1817204
1817705
1794583
1516135
1990836
1890676
1553205
1625849
1862451
1844776
1643515
1977253
1942219
1916138
1880801
1887525
1814002
1701554
1571721
1582362
1983464
1736191
1786563
1915673
1842661
1935358
1578994
1592442
1516665
1622226
1789313
1584665
1717249
1654899
1689052
1795399
1996980
1724230
1703412
1985156
1957092
1889114
1770694
1563824
1634762
1801187
1806557
1654187
1687751
1831683
1565423
1619269
1556563
1730875
1555185
1552013
1943768
1703162
1813110
1624521
1944597
1801452
1760469
1746191
1709488
1537037
1879180
1785232
1872100
1647168
1846065
1683448
1887105
1814857
1622945
1519394
1953434
1785745
1930149
1878864
1697472
1747306
1616007
1681485
1878473
1533349
1569356
1752124
1998137
1509165
1865995
1805455
1517651
1522999
1903446
1548577
1620479
1713235
1621545
1791579
1604072
1823967
1788422
1747862
1615243
1845480
1584030
1671732
1561214
1943060
1746181
1571336
1505284
1821152
1523853
1797188
1668047
1673335
1884404
1555487
1580658
1589989
1708351
1903247
1816297
1917234
1844783
1741423
1835244
1961707
1813438
1819097
1705568
1960152
1802721
1983257
1915609
1919931
1670699
1536404
1695197
1556944
1918321
1778307
1641277
1728613
1940326
1988274
1682248
1830437
1863353
1505448
1645669
1549244
1565430
1819568
1593335
1992509
1915094
1963016
1753052
1622910
1915988
1944879
1752248
1822487
1558983
1842666
1865711
1519831
1760724
1572561
1677315
1500588
1537395
1882151
1880990
1772766
1766991
1763811
1660250
1509058
1652283
1946347
1637598
1830085
1898907
1908258
1603141
1673213
1919613
1950097
1648080
1981617
1766694
1893111
1657778
1685423
1844682
1594165
1859980
1803221
1537079
1582277
1718407
1708069
1737196
1785017
1941373
1598380
1701436
1534836
1925066
1872101
1548927
1977378
1564973
1645371
1808806
1641914
1874348
1551323
1503496
1673844
1959528
1637969
1845549
1700551
1658890
1607271
1836613
1549142
1508755
1567886
1770891
1573848
1983612
1682723
1607904
1818200
1931160
1628318
1509908
1626127
1836544
1736247
1959792
1602261
1887452
1557281
1635117
1719102
1516096
1703726
1829245
1895497
1960128
1506285
1947498
1608562
1584415
1669059
1530840
1786166
1590294
1569030
1720840
1955987
1587615
1964744
1971471
1538600
1544427
1893657
1827424
1994936
1510533
1802133
1705540
1601586
1537730
1526716
1981118
1509233
1855215
1599930
1549121
1622846
1912462
1601229
1597865
1523017
1527048
1559924
1529454
1524252
1966660
1718867
1614295
1817153
1841841
1735613
1917608
1543187
1636322
1561274
1773834
1701822
1572468
1643711
1849411
1930014
1999448
1646755
1828695
1542862
1701067
1729189
1977237
1877261
1698657
1994984
1548933
1941872
1813857
1904424
1540336
1932062
1730203
1584836
1985908
1927795
1794431
1661520
1500429
1912281
1930999
1996165
1952325
1873294
1772535
1962015
1984252
1894154
1730671
1812665
1872348
1737556
1745797
1779630
1662023
1722768
1887875
1556071
1819731
1704155
1977977
1914969
1619337
1528526
1706790
1735443
1899433
1725657
1588396
1661750
1734173
1969917
1859166
1744451
1856591
1657223
1544195
1759345
1817852
1648319
1775186
1814382
1569596
1623790
1689988
1810706
1509059
1512522
1965586
1969278
1967086
1926548
1545205
1720875
1984757
1731288
1971631
1880461
1662526
1582584
1750776
1506390
1874698
1905261
1526986
1942203
1630049
1812795
1920666
1940339
1590810
1905447
1762536
1584091
1753897
1842703
1634369
1759277
1571887
1996822
1682914
1872402
1822447
1730795
1761169
1978159
1677360
1637326
1798393
1975248
1549525
1664061
1793202
1882585
1780612
1734000
1718929
1791715
1924955
1912169
1905623
1978390
1769543
1742499
1940298
1674037
1813227
1703637
1548817
1915544
1581060
1890309
1620042
1725510
1907286
1793382
1743216
1633972
1705142
1511528
1872905
1724453
1868830
1948109
1986543
1855203
1734942
1652346
1840489
1922620
1889685
1802501
1763367
1791061
1878869
1896659
1825466
1789609
1568663
1861006
1513724
1772874
1674216
1716931
1661324
1666666
1575584
1655238
1884554
1844312
1742193
1832387
1602146
1847400
1565313
1751350
1942616
1666129
1974150
1578963
1626677
1606206
1741649
1655861
1788058
1858111
1621624
1828251
1612247
1783901
1736755
1768284
1892013
1816318
1535568
1528915
1535370
1676289
1565821
1686376
1863075
1620175
1751309
1766006
1916171
1829500
1721290
1597384
1825539
1656372
1925636
1580998
1647775
1682330
1534969
1555889
1592667
1622307
1900837
1565714
1839610
1716198
1610116
1567686
1666819
1652520
1619337
1587005
1654709
1956281
1810934
1775508
1511824
1514233
1769027
1871251
1880672
1698676
1841172
1606921
1842462
1713909
1549401
1563959
1912246
1987941
1507818
1936010
1774962
1969092
1637454
1937020
1516253
1546653
1879808
1737050
1966967
1989353
1761694
1932531
1889862
1705034
1945744
1713087
1782355
1896341
1983568
1501157
1584662
1624306
1841867
1612560
1999420
1643813
1518754
1675671
1617351
1523640
1933697
1743947
1810366
1847518
1523931
1998092
1604594
1833539
1873554
1693919
1712717
1630555
1963464
1928637
1843032
1647803
1518546
1699998
1575669
1696934
1615974
1865709
1602741
1967550
1518936
1848178
1553056
1928444
1840357
1957519
1722888
1955443
1916680
1627957
1604602
1836264
1633708
1978297
1620506
1629910
1605636
1819723
1671302
1690454
1990450
1510843
1561368
1568054
1576537
1644355
1843629
1990843
1931322
1522177
1570392
1994473
1570130
1560595
1517801
1670887
1913012
1858888
1677329
1814638
1754578
1510391
1543297
1574099
1828276
1674699
1658631
1771835
1625224
1881480
1550564
1882409
1583265
1747488
1585822
1911872
1958861
1728181
1600269
1622980
1993061
1508085
1790105
1820303
1651816
1862114
1927708
1685753
1516314
1997032
1729784
1518101
1645845
1680388
1583381
1590617
1844915
1922324
1665424
1643554
1854821
1609125
1771121
1503236
1549065
1958964
1821357
1854561
1770200
1746865
1799516
1937897
1852224
1667776
1934129
1513342
1634229
1767877
1680112
1514233
1979557
1512841
1531579
1526285
1865366
1865921
1755199
1616925
1818784
1866553
1702062
1773978
1793031
1832556
1770424
1947942
1752086
1564386
1973846
1934679
1984436
1991398
1811567
1522198
1896299
1774293
1578791
1941079
1811798
1974060
1862631
1913956
1667887
1552586
1690524
1705983
1785709
1883149
1752831
1504478
1588130
1767508
1713816
1840955
1671489
1781113
1989790
1742732
1507296
1872677
1558233
1878903
1911373
1566233
1955264
1511037
1852444
1815795
1730959
1998154
1502588
1860986
1561673
1583063
1813844
1658704
1888385
1661989
1642417
1766533
1552096
1513795
1620736
1571582
1621347
1907758
1850355
1857678
1828637
1519762
1922137
1883006
1973304
1695572
1943972
1853750
1588565
1752366
1888964
1684914
1825092
1775064
1936854
1883641
1671790
1719463
1729509
1846753
1695616
1846507
1795861
1902447
1538692
1602045
1673892
1645035
1781283
1659284
1811163
1526860
1845128
1852363
1678753
1648672
1932671
1667897
1952636
1540521
1556404
1581813
1602596
1925239
1606559
1927693
1615256
1730202
1535650
1669868
1568680
1717993
1579715
1951157
1785758
1955934
1768395
1952727
1628310
1799032
1887563
1691662
1983999
1609133
1731231
1736974
1626201
1644502
1936151
1589150
1532900
1791442
1584708
1538732
1576000
1736630
1553483
1557924
1531367
1736302
1987414
1711081
1735311
1767645
1893494
1879319
1759026
1686499
1788764
1585403
1783942
1798260
1622562
1546461
1520741
1568955
1832722
1912661
1864253
1568983
1527308
1704078
1741003
1504780
1968268
1797205
1976231
1786524
1773771
1810051
1626622
1563413
1680712
1915329
1825038
1704805
1600947
1906792
1705380
1768208
1996023
1552473
1913860
1629130
1675229
1802983
1747827
1504543
1836609
1560584
1839852
1648439
1702090
1914999
1892105
1823167
1948318
1964834
1881731
1664744
1614564
1782854
1990385
1901459
1533333
1945750
1716364
1885222
1684805
1670107
1595138
1547306
1641467
1605981
1548222
1712641
1874606
1759105
1739497
1924518
1889063
1552201
1925823
1600321
1900740
1965682
1827863
1566699
1899404
1999755
1946801
1629107
1994882
1615233
1844552
1810734
1919651
1533980
1887670
1967474
1835783
1670024
1792080
1818326
1890703
1853990
1816247
1996863
1985372
1554243
1594465
1692707
1826241
1515384
1690180
1895787
1758917
1826046
1959664
1738159
1680909
1896251
1942480
1916856
1990557
1548724
1544879
1901682
1803823
1725266
1636963
1711955
1682951
1919401
1889203
1831757
1550052
1857789
1752223
1858336
1614155
1831159
1916271
1902510
1527842
1691277
1620370
1868726
1952893
1827424
1553945
1609124
1907566
1558064
1644251
1976134
1637010
1751000
1775506
1603560
1731266
1800006
1674589
1709807
1500224
1891451
1752699
1531357
1618952
1909921
1805397
1757530
1764566
1533366
1985216
1932808
1629717
1563251
1533339
1531961
1940318
1825640
1837598
1657701
1832407
1978124
1550537
1758491
1566090
1845978
1945702
1909471
1543561
1735559
1578253
1681820
1672519
1793990
1858679
1984527
1941153
1603950
1506794
1860449
1773926
1648245
1539406
1717596
1762000
1791991
1928112
1519431
1781917
1685622
1720850
1744857
1908417
1821758
1847519
1879257
1708367
1772184
1740596
1503787
1510778
1609713
1778780
1833038
1685520
1513736
1978217
1783919
1750306
1565544
1805181
1518982
1976926
1924017
1608701
1965549
1912607
1800022
1522489
1569150
1719317
1796915
1558675
1968936
1672053
1764126
1591649
1884546
1906641
1841780
1792195
1597750
1992538
1857444
1688457
1763637
1746041
1894596
1927663
1942138
1638127
1584462
1730665
1800449
1829091
1623287
1975162
1884203
1827962
1506116
1913269
1876129
1920321
1946202
1928070
1507559
1624032
1559462
1942470
1650679
1985637
1672339
1796095
1616875
1916105
1634473
1722378
1962808
1817505
1803047
1839418
1837638
1553841
1876583
1567293
1734476
1962341
1672042
1716677
1930937
1541173
1891343
1956930
1862668
1750752
1740979
1972639
1682331
1511798
1619732
1849586
1980593
1684103
1631304
1760378
1545822
1510274
1927916
1961793
1613737
1889126
1888760
1529906
1800392
1885609
1893531
1662335
1790366
1742821
1858264
1679796
1576208
1917694
1779957
1516717
1837622
1675602
1763387
1740516
1636050
1852939
1521838
1503560
1913277
1716889
1665334
1730081
1636936
1666364
1524539
1799638
1924968
1544074
1604439
1597910
1582366
1579456
1878064
1799901
1977607
1572772
1561122
1838099
1769421
1890768
1749853
1549147
1975933
1800593
1966982
1713204
1527220
1784628
1975304
1770403
1583228
1797780
1582249
1534927
1780700
1617522
1724179
1605902
1511487
1769511
1797973
1688814
1695710
1579848
1527483
1749211
1868357
1957087
1545378
1976012
1895012
1732854
1901985
1679386
1766364
1929829
1811237
1665832
1552879
1875814
1800117
1985874
1513673
1507446
1842704
1993840
1641439
1993678
1921182
1760923
1704326
1775480
1717509
1540861
1508325
1728481
1565085
1657703
1755873
1779583
1693440
1675275
1521260
1576528
1869520
1934028
1995516
1818131
1674783
1914340
1912154
1792249
1976949
1679841
1530683
1877172
1910582
1644076
1587984
1928562
1908729
1964481
1620404
1629400
1968126
1527461
1902032
1856949
1694854
1685216
1640431
1685084
1858941
1728810
1962913
1789877
1508243
1763300
1516382
1618305
1715334
1505889
1788151
1616075
1529886
1865660
1828744
1870485
1754453
1794720
1645024
1922326
1941068
1899721
1997796
1896658
1514671
1758613
1778639
1792212
1683238
1651235
1572588
1600792
1665179
1537375
1513256
1686725
1933917
1551362
1861611
1585134
1619693
1711282
1772820
1953190
1778802
1579398
1717405
1622321
1595741
1674430
1544955
1831718
1857910
1512631
1662828
1903241
1682991
1792927
1607162
1774681
1895989
1790051
1986685
1857007
1690778
1938877
1674619
1764689
1689953
1635930
1983852
1820235
1924382
1688423
1577277
1741466
1956304
1898611
1689104
1700151
1605156
1928917
1836181
1742763
1626546
1660142
1637730
1571135
1604810
1934373
1723932
1874021
1637073
1969250
1771197
1937613
1937852
1639350
1750322
1875337
1727943
1561444
1550907
1712737
1546922
1523148
1534677
1956640
1560912
1917517
1783445
1855104
1646980
1629186
1769328
1509591
1641090
1645968
1841796
1933061
1934829
1930115
1622974
1632400
1765162
1772594
1620024
1577802
1564255
1652166
1553354
1657462
1508565
1836809
1908890
1513936
1860255
1509956
1891567
1756775
1767724
1932186
1660899
1702280
1830971
1741620
1529131
1626894
1520911
1994772
1796321
1927133
1581186
1977162
1573835
1614453
1648408
1888175
1644243
1767134
1989698
1679153
1840846
1764034
1506481
1740693
1798197
1932123
1779451
1880593
1953372
1914955
1896698
1519068
1738055
1782814
1555393
1983549
1577225
1687214
1830926
1900387
1758006
1557285
1756393
1606433
1525604
1531202
1819152
1588904
1734916
1821422
1969896
1516801
1594848
1703161
1739207
1910746
1669203
1950425
1911623
1810647
1727828
1759186
1786974
1965124
1687076
1513126
1570420
1742952
1745671
1660941
1776803
1546989
1843710
1708005
1559420
1845439
1659578
1947609
1689614
1813643
1502245
1623812
1600055
1908655
1960469
1863492
1553163
1960360
1733287
1683134
1704861
1719693
1692411
1836085
1989447
1967581
1583304
1678773
1607307
1630374
1723314
1503836
1562753
1790576
1731890
1928524
1547483
1909738
1596007
1548410
1950818
1777374
1640988
1717174
1574549
1977150
1750006
1608886
1957874
1753428
1773831
1823892
1853210
1686484
1756140
1551604
1616476
1695270
1563796
1619004
1868897
1679674
1510546
1908220
1871275
1876129
1531781
1859924
1607049
1678834
1746623
1725041
1796004
1911597
1876055
1640488
1968227
1582713
1503666
1596538
1750427
1725848
1819194
1697334
1587536
1783514
1896634
1969236
1664475
1686923
1577397
1932543
1940275
1610510
1946429
1955154
1964262
1659247
1834508
1676474
1790684
1504948
1864037
1655248
1655887
1804442
1864836
1605985
1811307
1966393
1881698
1643099
1935914
1748498
1895634
1625611
1901356
1597712
1743962
1590976
1814503
1770975
1890830
1980852
1830604
1690545
1859112
1766514
1887114
1845134
1879866
1837425
1928863
1654739
1501231
1777578
1872809
1700571
1703184
1865989
1694720
1918998
1983798
1553729
1651210
1731092
1707149
1553298
1821259
1559535
1729010
1529639
1527216
1834513
1716869
1846380
1745682
1647338
1902602
1730689
1665995
1625452
1881252
1514402
1664342
1908951
1797983
1578411
1843286
1863517
1583650
1589070
1949607
1853627
1954424
1562946
1650042
1817528
1671167
1759426
1873857
1508874
1570668
1592802
1736276
1504221
1657568
1617745
1647617
1617870
1533194
1534322
1969058
1607161
1615124
1700500
1661948
1849213
1533608
1747175
1501278
1561650
1976610
1743438
1803979
1533816
1551341
1830875
1542221
1655232
1697646
1640954
1842819
1915873
1807403
1827357
1934147
1892777
1748264
1797141
1663601
1601073
1993746
1504706
1822518
1693505
1830865
1608907
1980513
1788210
1647840
1533695
1796834
1681516
1695213
1842101
1877381
1670837
1708305
1806867
1824151
1593772
1914239
1511117
1598428
1754734
1788134
1734390
1707395
1983235
1762894
1622099
1685446
1675976
1635548
1584682
1738593
1787755
1542462
1565204
1781624
1550346
1903360
1988711
1762284
1816894
1543521
1931141
1968009
1836296
1525525
1582815
1749357
1838706
1920013
1711553
1629877
1692600
1945719
1619898
1954934
1782220
1833026
1990450
1642975
1501163
1584866
1772504
1934418
1534669
1933038
1589594
1897640
1834150
1582836
1905287
1528916
1655358
1655184
1926266
1600854
1774943
1909358
1720636
1612922
1947939
1827601
1639976
1565821
1838084
1781807
1935997
1519617
1564114
1811207
1808208
1857598
1794935
1651494
1992272
1842425
1655414
1782456
1800586
1560731
1795005
1942090
1850851
1713392
1778251
1676081
1844478
1721090
1766057
1969581
1913505
1825887
1749167
1670251
1516296
1587926
1820086
1848460
1541698
1979196
1601946
1781281
1711263
1758704
1798575
1589733
1508740
1711232
1964510
1685482
1752877
1888502
1768126
1824659
1715203
1664123
1504386
1878260
1578798
1515539
1740193
1628772
1834062
1887386
1593852
1577822
1735995
1865822
1554028
1628015
1567284
1710442
1837650
1662547
1953355
1913814
1674198
1899649
1943365
1712300
1789772
1860486
1511011
1541061
1819870
1589833
1557026
1730628
1803418
1870264
1979606
1780143
1777332
1777310
1955366
1640627
1606971
1836125
1972340
1908169
1847791
1963177
1820034
1796572
1642534
1761971
1778647
1917681
1568109
1891032
1868689
1794343
1543691
1590005
1594922
1999241
1910399
1948313
1564252
1908042
1943767
1897349
1824684
1517791
1575692
1529852
1581786
1656870
1769343
1781212
1642082
1687324
1791567
1815878
1548352
1624938
1983804
1925265
1982346
1898032
1843705
1674225
1747500
1969883
1577213
1923000
1764470
1581113
1879170
1565212
1777388
1766663
1812161
1842603
1917729
1851620
1983131
1517631
1714885
1616259
1587598
1742276
1521307
1969821
1891318
1551082
1888550
1993066
1576686
1526968
1556695
1822287
1826036
1687678
1526519
1939284
1770298
1745411
1810744
1854740
1649660
1905794
1858157
1614993
1660979
1886966
1750622
1724826
1983734
1918503
1738207
1854722
1881709
1566893
1585600
1635483
1548497
1942037
1626740
1633142
1529643
1947322
1664470
1698366
1538242
1881632
1518235
1796611
1757206
1919759
1609349
1886265
1980698
1626191
1999123
1639687
1931149
1501954
1909927
1988995
1709828
1711050
1873473
1960453
1887659
1813436
1986991
1743494
1764402
1950821
1578771
1677765
1973441
1636105
1626788
1740119
1793028
1749806
1663244
1771987
1828934
1777136
1904560
1848798
1789621
1994762
1989995
1756213
1634689
1596057
1954256
1931530
1520321
1613376
1812899
1521029
1685724
1551864
1848878
1746807
1548162
1821401
1727760
1681780
1621733
1899134
1511023
1644015
1762564
1794075
1747763
1596825
1596054
1626235
1610319
1512347
1635861
1939012
1507253
1763280
1996951
1759091
1801238
1656291
1813231
1833317
1624333
1741128
1504228
1506114
1585520
1858315
1699272
1951662
1778662
1760893
1603135
1758544
1754846
1957552
1631609
1587681
1752019
1687909
1559054
1919137
1717657
1673068
1861999
1570838
1687597
1725273
1609342
1647878
1595987
1897851
1961494
1831188
1558599
1704861
1696093
1848901
1975618
1576846
1732093
1506190
1844241
1775118
1651298
1939891
1944943
1771863
1541031
1995553
1546986
1772186
1893115
1710508
1936114
1718477
1869826
1534983
1661469
1731599
1509360
1571729
1913960
1749260
1789977
1927801
1678016
1686519
1801589
1509690
1557473
1952055
1691979
1994302
1950492
1752024
1724957
1550319
1889414
1551943
1795086
1868702
1568463
1549224
1757708
1822360
1615634
1707415
1915907
1544693
1612041
1949189
1553181
1549767
1806879
1730530
1979509
1917192
1679479
1701923
1958348
1518218
1540904
1551763
1945651
1549248
1644920
1891286
1712684
1809981
1707430
1999918
1920412
1888023
1573993
1617902
1718876
1555275
1771868
1846299
1582695
1799091
1878146
1995484
1857136
1530608
1881851
1688380
1747751
1670277
1738313
1661762
1630112
1534975
1802591
1909613
1850892
1653623
1958146
1567322
1957370
1786979
1847339
1918937
1767200
1884353
1646998
1899859
1891770
1818051
1788953
1644751
1538546
1941626
1502756
1659009
1743119
1941944
1541376
1727660
1940092
1792846
1994923
1838724
1790734
1575526
1706077
1656376
1911467
1928546
1543749
1752051
1820589
1956451
1833083
1849214
1872876
1786607
1939936
1694506
1694303
1577402
1936085
1995454
1935261
1913754
1616165
1820437
1551366
1781894
1623033
1600309
1951458
1958495
1678140
1728330
1778272
1535677
1567958
1982711
1508786
1564545
1780194
1870846
1694725
1899040
1779470
1784952
1757322
1856995
1593013
1531452
1725034
1808544
1717888
1670985
1501704
1516441
1995133
1563761
1986516
1961491
1608329
1763916
1521007
1826712
1904888
1512871
1936614
1772837
1870716
1564172
1894560
1506170
1741896
1844241
1889707
1698442
1940643
1996264
1612610
1572716
1939313
1967875
1677862
1527179
1856436
1762140
1550108
1704965
1895968
1648173
1778315
1801452
1865383
1762274
1573325
1652752
1678895
1989647
1790835
1988113
1574543
1775347
1843596
1740787
1648076
1654237
1629678
1831045
1760553
1685311
1972662
1635643
1659737
1701592
1856483
1965871
1667345
1548395
1634452
1660614
1503253
1810475
1892727
1755147
1637696
1929956
1566881
1607308
1734643
1594709
1900676
1605444
1824041
1708877
1736020
1630289
1885879
1702137
1532172
1812650
1815304
1550090
1939136
1595226
1725567
1740457
1505565
1700040
1784814
1780031
1927688
1635882
1633037
1508852
1792113
1750083
1936248
1743074
1797341
1714099
1831634
1725095
1868195
1669368
1716767
1636950
1976454
1747549
1518252
1732630
1791229
1633920
1606063
1793451
1839457
1870040
1819408
1520915
1624363
1705180
1795618
1937271
1622149
1934419
1748111
1933411
1930983
1865685
1998155
1752185
1644843
1993890
1761217
1735961
1889662
1845782
1624832
1593359
1950700
1774894
1832140
1954916
1588479
1925699
1775026
1729921
1618799
1811292
1874543
1647900
1669154
1655559
1875525
1821830
1921209
1675365
1735022
1908792
1515390
1991870
1961995
1580325
1951706
1673087
1930809
1845538
1769557
1575046
1711306
1548913
1673487
1818064
1713649
1520040
1652288
1556167
1799598
1907623
1929543
1513187
1861839
1532180
1991281
1944741
1854087
1746999
1778769
1621849
1776320
1991536
1606616
1962887
1679769
1563873
1859419
1586201
1806315
1690345
1758318
1786151
1828784
1930161
1636482
1721044
1770114
1874341
1996647
1555482
1611861
1933064
1744443
1813732
1691317
1632249
1915373
1598717
1778647
1761448
1694328
1985964
1751109
1547565
1734959
1985215
1592551
1970413
1983650
1766463
1558784
1714426
1565388
1517387
1778251
1716929
1970753
1937254
1867794
1583844
1801000
1839271
1770918
1802735
1634194
1500477
1626627
1850815
1779954
1612380
1666539
1843910
1772253
1776967
1720501
1505944
1929183
1872008
1981840
1522476
1598839
1926447
1759902
1887137
1590363
1659404
1650208
1830140
1587550
1518440
1758588
1711031
1699306
1736254
1689050
1534131
1789296
1618893
1807112
1687147
1908106
1816397
1620303
1693690
1664156
1541704
1533065
1763919
1735366
1850758
1807670
1565465
1745919
1814535
1828670
1907817
1908971
1686767
1692791
1601150
1886519
1725298
1865256
1709078
1677512
1754986
1659760
1789472
1532693
1798497
1993389
1905766
1850353
1617368
1669569
1740505
1930280
1526224
1942000
1542293
1634264
1729167
1983223
1758308
1997624
1604049
1638489
1891197
1791209
1676021
1622833
1553352
1521601
1747077
1807326
1712069
1821395
1508931
1952872
1513975
1936682
1876120
1858907
1935105
1570016
1898878
1798949
1776042
1508492
1775599
1662457
1877668
1865991
1761138
1624412
1743931
1859745
1505255
1588720
1809565
1577389
1733648
1811836
1718280
1572607
1960267
1571247
1992005
1681119
1985340
1918479
1981083
1944061
1706556
1650924
1531301
1686489
1855256
1942635
1763609
1812741
1750330
1744669
1987127
1842466
1901274
1562955
1543636
1778015
1789699
1635270
1663230
1955711
1539716
1993699
1886903
1713058
1694933
1989881
1920265
1541706
1609368
1963517
1755700
1947079
1769304
1767024
1552901
1781559
1814233
1646857
1566772
1674231
1973998
1660550
1643962
1910239
1713922
1623050
1884194
1811804
1768858
1699319
1902497
1778944
1785558
1725700
1617160
1624288
1554896
1547311
1741194
1941539
1523487
1877149
1800964
1549634
1795163
1860878
1804712
1689798
1924602
1551347
1810602
1994160
1591597
1733314
1558240
1565826
1579754
1511297
1772946
1739852
1604661
1604566
1912300
1817119
1580411
1845862
1991886
1789028
1759823
1773829
1675722
1881403
1844285
1652796
1854316
1530487
1767814
1750344
1610199
1645810
1553741
1929296
1872893
1739498
1655652
1773268
1772260
1570281
1669845
1985664
1796966
1966640
1791095
1919169
1923052
1764868
1564017
1517926
1970890
1945948
1738407
1975245
1699986
1995067
1915857
1625593
1649561
1680561
1843378
1759193
1615815
1938457
1525479
1941624
1624899
1793513
1699751
1787802
1989810
1874951
1822354
1553263
1948737
1848314
1680364
1840235
1923873
1581527
1553922
1625134
1537035
1678428
1969992
1711781
1723882
1825163
1910376
1750939
1956286
1503107
1568195
1734624
1560458
1800988
1642074
1770355
1513478
1781257
1584956
1816946
1785958
1775260
1574181
1676886
1809925
1645703
1629583
1807202
1924537
1862013
1902588
1568963
1953188
1641682
1681301
1731302
1594893
1743041
1978042
1997947
1661805
1923139
1767227
1525400
1782216
1529877
1580862
1995874
1680494
1719659
1941404
1653893
1538609
1760603
1799190
1582247
1568649
1582715
1884970
1837458
1690072
1969449
1505884
1890837
1669270
1729799
1981372
1729002
1930351
1706406
1601086
1598727
1776304
1622671
1853691
1893753
1972101
1602867
1541960
1661611
1890209
1996185
1932508
1616909
1596122
1730344
1651027
1780392
1721150
1722771
1729135
1636740
1625876
1806146
1974243
1522986
1542982
1946437
1992408
1787151
1815646
1999073
1727524
1520303
1969395
1894633
1673304
1678225
1864568
1748410
1713236
1862902
1971196
1652173
1994318
1844157
1901959
1746739
1986580
1661361
1976670
1546485
1551161
1752267
1539882
1761303
1585266
1518197
1645588
1795841
1959047
1675960
1747738
1600595
1625174
1612124
1637320
1633802
1641299
1522425
1748420
1694156
1819384
1571040
1994267
1904212
1862096
1632670
1782801
1867385
1742545
1709856
1912105
1678741
1549167
1701029
1786702
1750215
1809774
1929314
1554285
1618391
1552076
1628914
1586296
1818444
1696917
1542224
1563570
1643595
1944461
1625341
1700792
1777171
1898756
1797667
1774864
1556768
1738305
1770797
1925468
1837915
1505109
1685397
1620478
1628624
1890176
1555601
1807199
1644418
1963672
1844039
1692057
1568085
1742196
1705714
1552772
1891720
1891557
1777058
1956026
1869427
1593865
1641375
1956475
1985286
1831836
1705628
1935935
1789337
1537192
1627945
1798331
1518939
1963858
1867904
1582341
1875382
1521805
1836054
1932686
1742291
1631706
1894680
1894959
1645720
1909170
1575880
1812811
1904220
1616148
1915435
1753330
1636898
1788532
1959818
1645741
1965248
1550684
1997676
1944392
1501496
1574387
1986103
1792212
1958914
1980544
1877609
1755925
1634071
1670831
1743708
1809954
1716455
1559804
1672421
1580575
1564830
1553965
1553456
1618451
1607372
1957646
1814095
1517481
1842340
1922882
1719621
1552092
1791443
1501719
1511417
1851765
1553551
1903987
1855512
1643832
1926284
1823843
1867809
1615667
1653836
1691329
1805684
1648670
1878602
1842189
1837185
1529627
1659808
1698151
1676207
1877038
1775100
1835839
1802848
1928996
1775656
1667636
1823418
1791437
1510745
1635128
1961119
1849146
1566026
1682928
1757157
1600881
1534833
1515300
1668257
1681720
1901431
1851073
1717563
1538073
1647474
1792892
1537271
1839262
1700470
1652159
1868774
1644651
1846230
1794587
1957107
1602298
1723547
1578768
1938486
1530609
1554835
1766464
1967011
1750746
1649385
1584738
1689915
1807935
1882788
1666491
1535516
1952657
1995203
1552844
1931699
1582472
1635636
1982901
1571899
1641370
1700066
1536675
1958560
1889957
1661023
1595893
1824182
1892842
1887398
1800568
1587562
1525766
1909325
1806887
1528736
1932851
1915414
1661238
1677527
1866871
1586716
1601399
1880506
1673634
1661466
1592894
1504323
1569386
1679577
1797009
1558152
1804213
1770400
1655416
1582639
1977248
1782219
1771037
1877479
1872065
1572466
1692767
1658002
1946095
1511469
1577633
1597053
1878515
1905779
1504968
1851072
1944441
1543498
1811167
1983695
1554818
1586779
1549401
1726356
1933964
1671952
1503441
1567983
1758218
1952402
1863218
1776167
1697984
1705113
1734417
1997993
1899886
1991925
1556313
1628347
1966017
1955789
1727796
1977686
1688823
1625958
1939895
1862117
1718549
1793712
1521635
1858762
1734551
1518686
1671790
1913935
1791396
1654742
1923890
1767667
1645013
1572151
1501298
1523371
1875995
1766077
1675597
1779257
1548712
1857414
1737771
1842449
1512056
1918452
1824669
1689538
1636439
1934833
1579315
1712764
1843328
1662710
1792032
1573764
1706296
1607775
1639028
1848668
1520763
1714332
1793484
1840719
1647871
1970333
1611311
1865024
1702946
1777240
1853020
1764830
1680786
1586390
1598550
1678851
1896346
1739041
1520636
1797446
1640020
1640155
1939165
1951557
1743924
1687396
1855127
1565547
1987570
1848095
1687110
1607157
1545021
1912692
1739234
1804588
1930014
1639782
1996944
1892546
1774844
1919366
1821001
1937988
1921601
1992934
1928789
1961301
1603713
1817571
1879341
1582635
1711030
1796038
1848115
1763119
1856676
1913965
1680132
1859128
1642594
1722998
1622515
1731226
1695013
1733391
1700251
1548466
1508943
1918647
1755425
1532278
1881963
1744030
1837680
1640222
1569795
1923367
1673741
1969216
1919798
1613505
1895514
1901214
1846236
1866737
1853883
1823433
1852622
1967936
1893866
1966052
1589782
1873388
1847493
1888456
1907527
1555386
1528068
1533397
1852059
1773421
1653751
1953705
1744365
1856971
1669404
1786598
1572656
1747847
1612342
1673247
1600801
1991129
1974934
1702558
1946652
1501705
1939128
1550584
1826297
1834945
1857782
1596079
1564832
1992537
1547716
1827935
1561569
1625546
1822483
1943896
1579626
1584198
1755094
1739767
1764611
1962385
1826880
1689180
1908139
1597249
1722642
1983653
1563284
1924403
1604712
1798058
1822809
1632769
1882018
1903632
1957495
1703626
1584811
1648576
1667675
1736205
1816208
1647950
1885729
1653387
1997863
1501553
1643292
1904651
1888943
1548535
1611558
1523519
1753856
1877657
1754205
1637498
1517148
1931382
1658239
1911003
1590836
1515782
1860279
1502486
1885644
1566379
1642137
1988815
1869929
1698135
1636162
1521775
1927617
1974450
1845687
1970704
1856515
1805207
1582989
1714320
1793062
1530529
1935276
1757462
1623691
1578076
1928375
1906985
1560614
1711108
1715248
1516106
1600946
1792964
1950947
1884647
1925731
1973733
1544639
1916332
1790820
1832950
1701766
1561822
1547720
1707214
1507093
1555477
1722443
1793800
1702525
1919245
1762335
1820014
1549452
1718559
1861112
1606619
1942851
1680140
1826546
1818858
1847739
1770119
1962690
1516652
1777296
1596632
1567899
1872791
1549425
1634129
1683694
1866164
1687733
1527423
1913482
1841241
1551352
1806612
1788593
1803391
1532096
1897457
1970438
1893895
1754342
1734942
1992266
1620255
1806788
1718906
1904311
1781644
1846050
1941942
1942894
1728260
1616185
1747740
1597649
1619142
1705409
1636412
1709641
1603786
1759387
1861475
1895689
1680965
1849396
1759937
1880768
1875188
1652128
1988820
1518671
1555415
1813571
1645500
1554362
1514199
1873575
1745662
1696638
1528685
1737144
1519996
1501005
1944152
1522235
1545505
1606345
1973707
1879036
1698647
1842042
1836251
1928989
1625590
1526429
1615910
1942083
1732660
1555413
1588373
1540259
1759219
1873350
1814860
1668558
1850439
1749104
1600327
1785438
1965015
1941495
1772519
1979239
1919796
1795712
1937281
1689159
1530147
1714268
1623528
1843814
1890671
1589273
1557431
1583587
1791496
1821307
1951955
1735309
1872619
1755590
1900013
1671001
1924792
1838856
1605309
1838904
1721617
1634655
1816556
1618790
1888763
1564366
1625041
1829759
1683086
1509855
1759178
1911082
1503866
1708611
1680966
1797013
1867329
1784713
1893719
1684414
1882390
1766474
1817167
1749331
1788533
1650414
1583872
1992242
1901062
1744643
1792912
1897055
1863428
1552610
1670840
1909629
1736155
1725544
1830079
1833406
1572101
1835653
1777371
1752428
1655707
1550928
1602715
1816257
1547848
1516224
1650577
1595532
1784480
1841643
1993508
1874633
1728334
1678518
1702248
1701492
1508484
1824246
1716775
1895520
1927217
1920388
1526545
1938930
1922838
1694420
1631738
1611319
1606618
1685462
1736052
1982746
1673759
1971327
1921222
1908550
1667703
1524816
1685736
1864987
1914650
1596160
1901968
1868767
1647518
1729085
1869626
1787030
1557548
1810288
1624801
1831982
1908971
1767020
1798725
1930764
1968332
1720009
1855589
1866781
1959955
1937753
1599373
1837064
1912025
1898811
1595295
1617961
1659255
1802846
1692532
1851198
1979046
1595547
1519243
1580671
1528147
1774068
1728759
1715159
1946608
1793596
1708826
1937082
1570868
1680502
1883822
1821615
1679563
1633282
1630388
1520843
1609524
1825376
1665197
1943999
1817009
1817526
1938706
1625658
1691192
1897494
1536993
1756192
1639562
1576732
1974981
1702909
1505247
1540592
1630367
1523534
1581042
1765704
1762097
1997244
1856259
1701928
1741356
1821564
1982479
1908500
1561990
1854830
1661357
1895304
1555551
1703433
1799736
1939238
1661099
1915941
1783565
1722100
1766579
1853047
1801590
1853294
1556775
1802709
1811544
1599818
1852192
1663842
1709804
1835283
1611307
1591341
1648922
1702297
1912972
1719514
1732445
1721958
1856221
1983249
1962461
1704659
1778198
1535044
1522565
1895120
1807634
1830941
1965043
1544332
1922868
1624143
1968544
1530533
1841163
1716634
1831651
1701161
1759059
1860600
1632380
1914709
1557200
1988307
1705081
1509460
1631848
1937836
1783827
1972694
1970766
1811931
1799088
1784908
1613287
1727636
1541004
1938968
1721592
1843400
1766122
1591921
1848262
1777548
1912667
1861318
1851595
1677684
1700684
1691092
1965986
1824062
1786861
1675993
1980526
1782006
1978891
1843473
1649274
1810962
1997751
1832593
1558523
1874829
1840603
1687274
1690092
1946026
1603000
1537310
1575584
1575684
1799107
1609931
1674191
1925660
1984376
1883377
1640300
1710808
1555239
1937852
1718567
1638504
1754626
1745932
1998289
1526909
1796282
1934213
1758442
1803567
1639189
1789268
1642405
1674023
1624705
1932914
1533650
1543356
1500106
1659938
1796144
1839391
1991670
1652811
1879107
1550905
1815054
1740622
1782790
1752701
1562809
1877477
1876431
1954269
1729447
1874641
1634474
1936370
1704580
1669730
1569397
1575499
1813978
1982721
1970116
1796039
1914194
1796488
1847021
1936070
1780277
1726943
1641186
1752302
1504667
1516113
1796059
1991550
1689895
1798713
1682309
1817497
1670725
1852555
1896398
1820343
1568896
1726376
1536347
1988931
1532507
1772422
1908489
1589306
1819305
1849532
1611668
1543489
1759507
1713809
1889324
1698051
1792535
1601413
1785871
1817029
1679776
1602847
1633429
1676804
1697004
1958007
1725411
1686442
1742424
1910488
1819069
1552808
1818388
1815699
1904053
1924878
1753061
1941035
1555236
1502673
1984564
1928740
1908738
1802539
1647656
1687624
1777126
1823774
1741989
1704639
1867483
1636765
1573564
1756155
1995465
1519362
1790600
1966600
1650755
1659837
1548721
1992290
1776836
1583505
1667751
1597941
1969065
1530321
1555723
1611729
1752209
1678796
1894980
1620608
1841537
1682897
1705907
1794925
1728523
1620173
1973906
1932864
1586509
1883002
1867234
1770518
1647987
1973224
1704423
1712741
1647602
1564052
1535733
1797303
1601941
1769065
1659206
1894688
1652203
1987204
1846449
1816834
1761523
1545610
1922103
1802740
1585960
1910482
1551423
1526646
1812296
1555662
1728162
1855912
1688583
1877181
1830024
1993397
1913256
1589405
1640235
1570077
1838941
1990465
1567860
1567351
1798469
1672732
1548448
1535447
1987900
1815862
1956447
1709144
1666065
1692206
1643407
1578329
1539294
1660553
1977671
1763566
1845986
1545840
1686743
1895438
1749088
1632356
1533274
1808663
1786135
1585300
1933438
1931709
1859038
1944778
1995147
1637429
1514655
1906806
1808520
1594168
1592020
1936956
1599015
1851581
1716949
1880746
1503359
1715967
1943453
1655319
1806939
1970665
1514589
1995965
1725844
1810349
1712536
1801110
1714861
1765174
1739851
1564803
1759268
1697936
1979982
1789580
1808841
1749785
1887785
1861842
1507657
1648088
1897808
1701893
1944607
1941488
1807154
1682961
1522320
1604274
1519250
1802759
1716137
1944564
1834511
1893444
1978254
1730513
1728713
1514085
1561624
1894553
1837430
1919701
1861974
1787331
1919128
1902663
1751630
1679523
1997227
1976412
1957054
1786562
1999721
1683361
1858194
1587089
1762450
1687099
1545449
1690459
1579106
1693457
1876170
1691869
1936622
1735900
1662420
1638111
1638201
1971906
1836669
1811321
1960479
1747179
1545806
1518813
1744885
1807286
1922693
1603187
1567645
1511068
1808709
1650929
1687004
1721322
1720113
1996586
1617365
1804731
1643576
1924209
1603273
1665832
1799708
1754699
1624881
1511629
1554700
1999431
1892271
1749962
1749135
1929025
1762320
1547198
1579660
1796348
1803085
1993041
1946292
1531561
1592353
1852056
1618931
1834625
1773349
1574133
1774574
1968567
1896640
1985420
1624769
1949463
1530825
1735608
1504524
1676445
1954705
1932227
1614764
1607783
1617810
1730142
1623954
1968246
1901556
1873937
1675801
1598294
1885116
1682346
1572957
1986719
1892170
1701137
1663833
1642991
1575968
1691832
1961579
1900467
1992096
1800388
1909529
1597825
1910611
1673916
1885057
1919667
1505472
1852481
1560306
1911662
1963879
1768008
1955800
1841562
1869951
1584103
1562091
1566749
1601627
1755785
1994751
1576261
1833969
1668964
1628930
1585259
1625332
1948633
1921234
1885681
1513691
1828160
1903469
1778746
1567882
1866313
1961310
1727636
1754680
1825345
1715630
1906492
1895371
1634318
1803640
1930592
1598438
1952358
1509687
1896502
1842281
1519167
1977516
1958979
1520300
1752920
1530618
1579218
1998006
1552834
1651769
1931298
1620568
1601968
1914454
1975607
1647570
1790596
1980259
1634951
1783877
1741556
1816870
1522073
1978600
1729198
1693565
1674502
1564033
1888831
1571419
1696757
1596926
1814402
1885776
1771875
1948063
1522446
1587786
1955941
1839025
1717691
1533002
1514379
1758587
1904135
1635523
1504652
1698737
1950331
1901054
1656162
1751587
1899448
1843919
1717779
1913637
1660438
1722569
1650522
1983933
1812775
1569352
1608470
1700099
1827286
1503163
1639002
1860899
1722694
1763033
1991985
1711185
1913275
1687015
1582930
1631282
1527374
1603599
1992466
1857467
1775687
1703799
1558740
1696042
1773515
1590386
1774697
1981239
1880129
1955855
1863442
1771258
1732264
1636876
1840800
1758843
1594225
1955870
1676842
1987797
1590226
1830532
1582192
1928571
1836443
1972498
1629410
1783613
1730108
1573027
1678774
1983797
1866562
1817774
1714012
1726230
1937918
1700680
1975251
1701015
1849281
1999904
1532634
1794089
1855818
1867319
1960839
1510329
1921549
1573579
1588287
1579500
1960296
1515498
1524059
1740853
1570158
1824970
1681026
1847080
1813849
1597457
1606153
1990118
1873438
1740059
1682936
1730545
1567913
1589645
1859721
1745013
1846446
1898911
1961191
1715754
1885923
1734034
1805506
1706959
1663623
1877288
1513072
1545533
1729007
1780492
1717799
1521035
1946324
1669126
1720941
1837719
1625398
1823609
1963322
1928576
1616329
1546195
1983812
1546175
1531783
1946781
1689675
1828831
1750996
1599568
1701012
1788882
1797860
1599297
1792511
1778451
1590343
1597221
1502963
1674164
1702372
1594597
1733366
1558480
1991831
1755654
1730434
1829178
1616464
1822488
1528804
1625227
1822149
1547411
1848678
1730890
1902036
1789528
1657008
1831799
1779370
1832967
1784819
1839383
1973393
1975637
1628467
1784368
1857558
1664076
1579748
1632948
1777441
1882900
1978971
1791252
1552982
1695083
1915258
1897815
1759957
1540850
1649991
1555490
1541963
1742428
1943605
1934642
1797747
1926305
1570179
1937124
1978686
1762902
1860203
1917572
1739428
1809256
1640101
1873388
1592080
1966950
1627021
1759125
1599608
1803065
1645256
1928136
1876361
1920260
1716132
1916151
1901755
1912469
1983919
1743500
1737427
1649172
1598354
1988614
1710946
1827015
1574438
1690419
1622870
1593620
1865230
1666714
1822456
1569155
1629153
1507228
1647526
1565197
1890140
1707362
1539801
1808829
1898538
1788550
1691725
1991438
1900474
1756703
1726178
1809137
1926167
1641316
1736907
1688639
1596466
1862959
1619597
1797366
1926433
1788902
1580600
1704178
1525464
1804588
1615358
1773296
1857668
1950948
1593693
1845560
1873493
1575280
1742357
1576834
1740533
1938607
1664136
1501390
1904309
1900379
1610971
1737126
1621831
1779753
1532376
1756976
1950016
1763882
1629710
1731438
1858219
1716408
1761770
1570957
1739168
1996456
1699030
1994699
1851733
1904227
1854735
1521185
1841166
1845243
1632824
1717068
1558020
1710661
1849712
1955588
1704894
1870504
1669532
1594671
1835337
1600862
1581455
1752095
1756510
1725126
1992168
1666903
1971421
1927816
1789696
1554899
1990098
1778032
1576626
1804057
1831584
1675224
1804367
1539532
1834493
1858140
1648385
1528392
1508436
1514145
1752484
1514831
1946563
1678642
1683418
1967817
1729314
1785145
1539555
1811128
1802865
1618513
1928498
1892387
1922043
1597114
1816695
1973074
1824503
1619996
1766822
1997183
1545716
1654670
1963836
1848614
1869101
1720718
1687481
1858575
1973507
1691977
1935186
1737676
1587601
1545462
1632277
1845134
1893989
1966719
1804823
1713571
1706134
1804811
1982529
1571523
1910579
1859005
1677248
1620195
1597035
1544870
1997937
1621843
1632766
1641485
1825138
1778386
1900055
1754401
1597150
1787930
1513820
1869502
1529712
1754640
1939835
1850029
1906457
1624275
1611747
1651782
1618014
1609231
1913076
1949874
1933510
1923164
1763247
1708675
1600807
1515259
1640607
1714138
1773926
1539835
1645898
1517963
1549504
1656236
1849890
1924539
1886567
1701570
1653371
1520904
1513034
1963185
1577186
1976525
1936233
1796483
1740436
1765489
1687234
1886173
1514746
1976301
1609409
1693789
1934753
1764534
1930730
1847029
1538331
1820616
1591135
1783716
1957759
1675565
1918739
1843881
1723181
1624282
1531395
1979938
1952718
1612001
1891682
1541254
1987297
1755475
1855120
1829093
1933539
1902561
1555549
1568568
1775839
1835329
1849296
1985151
1583913
1626102
1575943
1896368
1672998
1977808
1759729
1939036
1766581
1763474
1552524
1624074
1736453
1581180
1991984
1882559
1977100
1939894
1994950
1827303
1641544
1980989
1900217
1652855
1848936
1901586
1840582
1537778
1534594
1539859
1751477
1667026
1902984
1802033
1773921
1684022
1872191
1621704
1862736
1963958
1613749
1988721
1912495
1909724
1814669
1981148
1629717
1746929
1921205
1942317
1629862
1628989
1884847
1953001
1674561
1760474
1774438
1646692
1921046
1726075
1595905
1946894
1981497
1947916
1921481
1602542
1566779
1650799
1772925
1867342
1664486
1664030
1930484
1813674
1545159
1850736
1680417
1758829
1628219
1878320
1817154
1659723
1899565
1997240
1541918
1633025
1686894
1789469
1566843
1690953
1982597
1689098
1677103
1536603
1591928
1664191
1676598
1819697
1702462
1571735
1684982
1943984
1961344
1896044
1766969
1695117
1921839
1545467
1870623
1671121
1692824
1803333
1560833
1887316
1598858
1719816
1997897
1636467
1795452
1538898
1824301
1755327
1906571
1959015
1899788
1588396
1982136
1798629
1797901
1862166
1662235
1788168
1689666
1762587
1798673
1965176
1747571
1949889
1554023
1621894
1897603
1875673
1712570
1957481
1874200
1828069
1986232
1596705
1909179
1578623
1907062
1587843
1803250
1651206
1673026
1755462
1553384
1821564
1782388
1795733
1681556
1725734
1672689
1979624
1997092
1822041
1740582
1838522
1941464
1846580
1947618
1958822
1503402
1512032
1881822
1860915
1709879
1921147
1563778
1837554
1944819
1537897
1987680
1978976
1512494
1819126
1520971
1711052
1893015
1544722
1789565
1888063
1611144
1638371
1607260
1591393
1990736
1700430
1773862
1522862
1601571
1981852
1829170
1719676
1626105
1602689
1922739
1820987
1811489
1535134
1720985
1554780
1673519
1861660
1597038
1867497
1659627
1963739
1819885
1778625
1940147
1867883
1720430
1983220
1926852
1830438
1684747
1679964
1771685
1953868
1792976
1599625
1502247
1744577
1815047
1963303
1525208
1960499
1764945
1600391
1510514
1862469
1672362
1994687
1699435
1566438
1689636
1898355
1547573
1995785
1729599
1968719
1856684
1887498
1890224
1586181
1903908
1651178
1503110
1953396
1952332
1958957
1583776
1641848
1568462
1720994
1556087
1939289
1648286
1822639
1587931
1547956
1712721
1973815
1558420
1530016
1638969
1790042
1811821
1696741
1902820
1802668
1666884
1745953
1826456
1659086
1791473
1661022
1799008
1599260
1950518
1765092
1700047
1646639
1688008
1939051
1564058
1508374
1973137
1951368
1542238
1588172
1787640
1662811
1670862
1898776
1684792
1803208
1901008
1789831
1649288
1823573
1766274
1945345
1525764
1738464
1545841
1734768
1939746
1811683
1732859
1959804
1854475
1938037
1776651
1766731
1905735
1873733
1859315
1504402
1678476
1624350
1727244
1871530
1682179
1538368
1605688
1775197
1929086
1574793
1805185
1952330
1598077
1579536
1615607
1658453
1965496
1633784
1505198
1888169
1805284
1685897
1605363
1565932
1744529
1847903
1810003
1736517
1512901
1882095
1941374
1682264
1902246
1921231
1953872
1734241
1855609
1524024
1502026
1806391
1756541
1565713
1632406
1511144
1990963
1987017
1961712
1738714
1593608
1630843
1609454
1867740
1564472
1897627
1598198
1556330
1934565
1919076
1501263
1667220
1871539
1976934
1939651
1985825
1748113
1659962
1836651
1930672
1957945
1625253
1697263
1765696
1595345
1941696
1685858
1686504
1700762
1968946
1623637
1590290
1794627
1640065
1802752
1976379
1793306
1571187
1767779
1943996
1721418
1697099
1685498
1856951
1990604
1806088
1729759
1749818
1675860
1539811
1932078
1901978
1776590
1897161
1721472
1779376
1943386
1516731
1857996
1984556
1669907
1732800
1816962
1624549
1759074
1851421
1529942
1945882
1652913
1997084
1843989
1886434
1655752
1779222
1904662
1851514
1776636
1827921
1627988
1627905
1716419
1830947
1716644
1807130
1514967
1548535
1888719
1982611
1609789
1670244
1657566
1863413
1544935
1801325
1749249
1863184
1912388
1843485
1983150
1831642
1660772
1688569
1817165
1940124
1613400
1840003
1538953
1543129
1764965
1878323
1754552
1802197
1655394
1963998
1869860
1512723
1923728
1652261
1810490
1758850
1689161
1863306
1887823
1829761
1634737
1993703
1866726
1864665
1545864
1939698
1745933
1558724
1654797
1924956
1817981
1518574
1786933
1863252
1594532
1831644
1711161
1613210
1515961
1654569
1703416
1716210
1602261
1872638
1503914
1621131
1770019
1746921
1845113
1684784
1770327
1933690
1620341
1538869
1982940
1987383
1736698
1822463
1609706
1613368
1782119
1753743
1721432
1976783
1937748
1596516
1843062
1505531
1913306
1885589
1819775
1643532
1577789
1900125
1978416
1736198
1828228
1899906
1615020
1937956
1538626
1919648
1593700
1891853
1704995
1766777
1657001
1738682
1996866
1730453
1633143
1750543
1990331
1655835
1620031
1912622
1595781
1723803
1642995
1789481
1895037
1660349
1961069
1599803
1683921
1671473
1588310
1768428
1737704
1759760
1784028
1647772
1922540
1887895
1666013
1615204
1653139
1957802
1748526
1671624
1703010
1865833
1878236
1836410
1636895
1616181
1917971
1899933
1572357
1595638
1903081
1945494
1709032
1889544
1810025
1710410
1552654
1851207
1662985
1864283
1863317
1554988
1521036
1735971
1586448
1731988
1578594
1803136
1744563
1598804
1544717
1707037
1560075
1904000
1679862
1949867
1661398
1607972
1647264
1696816
1751205
1629840
1886376
1600792
1519324
1803706
1588109
1560772
1555385
1675922
1557206
1937191
1815856
1754413
1523344
1886816
1631427
1650907
1965136
1938573
1884308
1694008
1619082
1757109
1819996
1554341
1932586
1975153
1948108
1504423
1573411
1550317
1989672
1609307
1732387
1529564
1876871
1870326
1793038
1865744
1625330
1995793
1966223
1970586
1742898
1755319
1744274
1905348
1680008
1655666
1848541
1769022
1625446
1884313
1965794
1781882
1539485
1872433
1599540
1809353
1853534
1715951
1833767
1824838
1552322
1739947
1975455
1870757
1789765
1659545
1767535
1999180
1941965
1590853
1879060
1651306
1722135
1640392
1803900
1688469
1842398
1730016
1519105
1734193
1817652
1539737
1643666
1660972
1601994
1555401
1714900
1628400
1883380
1736051
1771692
1517040
1825530
1995188
1802154
1646545
1870069
1670776
1674746
1638653
1714663
1820614
1848788
1624869
1545673
1778483
1895806
1730076
1515405
1646147
1752372
1945797
1931453
1523505
1628535
1819797
1570219
1871160
1808246
1907742
1566671
1866205
1524866
1664829
1613232
1966021
1939345
1626338
1560898
1545210
1966415
1591260
1842193
1550446
1937614
1873597
1877302
1738427
1935132
1572362
1547365
1604031
1977984
1638996
1737285
1587688
1601338
1854804
1613556
1556353
1726518
1525848
1842939
1805108
1631458
1575773
1971245
1939476
1744614
1970293
1686673
1597677
1726584
1518568
1848202
1583518
1759145
1760322
1702156
1935271
1712216
1987112
1575302
1933392
1644252
1957098
1661807
1616291
1593324
1892865
1928042
1587912
1505578
1820077
1551742
1615915
1589382
1563701
1710753
1984843
1915379
1673352
1836336
1662838
1503995
1954116
1717660
1558976
1870640
1675311
1637335
1966641
1839092
1738481
1527332
1566320
1625230
1982869
1826714
1960479
1860729
1712721
1918206
1718967
1660668
1629710
1581985
1920736
1901907
1504806
1610965
1942124
1927354
1658126
1614440
1892444
1988131
1857561
1658170
1951679
1562963
1925224
1750145
1722656
1819056
1797102
1875044
1646480
1832390
1607106
1641466
1831344
1757634
1704230
1618775
1835697
1630300
1624546
1680926
1512246
1536251
1519795
1986058
1825670
1872195
1765282
1578572
1824873
1757919
1626091
1695934
1655102
1818395
1811725
1502478
1748007
1937744
1843457
1508760
1656015
1875165
1842541
1763624
1524730
1802713
1763358
1795940
1538546
1700381
1826647
1636793
1952918
1938234
1644148
1710452
1644405
1749453
1895259
1773240
1520727
1834885
1602465
1611146
1821674
1799694
1890701
1781303
1934540
1850012
1631774
1686510
1783370
1542972
1882247
1537924
1887064
1706794
1650863
1509628
1812963
1658310
1853864
1513574
1595439
1655062
1652677
1614421
1865533
1822759
1781734
1826451
1758331
1846131
1942069
1747412
1662097
1824234
1556846
1839782
1564484
1556861
1722998
1919986
1651890
1608627
1508226
1989356
1892684
1584853
1754063
1745150
1987826
1720332
1703640
1589532
1951270
1853797
1643853
1506918
1651576
1681314
1891879
1755990
1780057
1742243
1668464
1865900
1803789
1673090
1961321
1621732
1901835
1976250
1531472
1782783
1997121
1956157
1930875
1777029
1633812
1564551
1529791
1830224
1717831
1589653
1803821
1968231
1911374
1885689
1662264
1868709
1837719
1720240
1929459
1772936
1512466
1779616
1710830
1641397
1649844
1692866
1835840
1869823
1512842
1909494
1697177
1556352
1815325
1787329
1548191
1810318
1612989
1891339
1895014
1862827
1939006
1713636
1841295
1803938
1836134
1956545
1798267
1639687
1746837
1905823
1985886
1586510
1761081
1640341
1971531
1934035
1576903
1951390
1741202
1798406
1855136
1958149
1955984
1728631
1991037
1617390
1659448
1872074
1733999
1726405
1728714
1849426
1985252
1662177
1671145
1722003
1594257
1914097
1751305
1550521
1830729
1509816
1813992
1977347
1606256
1938827
1779186
1821906
1971816
1915546
1807430
1630065
1966083
1512322
1802319
1725360
1538088
1834486
1889060
1832981
1982477
1642658
1873803
1769188
1579089
1650030
1669172
1790664
1694731
1937581
1556431
1853320
1583641
1559602
1878446
1887405
1563855
1634093
1720171
1774442
1715187
1844890
1654813
1949222
1897955
1636648
1551953
1821680
1744124
1547250
1872437
1962861
1512800
1855384
1781747
1921380
1815993
1802727
1622463
1929635
1902728
1838954
1681934
1944849
1809652
1963945
1890375
1852360
1626671
1518839
1718458
1504288
1991058
1563904
1936703
1845527
1881245
1729459
1996383
1964796
1773716
1819086
1642191
1618065
1906695
1656752
1935301
1711467
1750762
1764050
1502274
1833398
1823489
1932397
1910027
1815705
1980975
1939188
1874394
1716849
1594729
1620999
1998184
1828858
1987129
1926953
1943199
1639372
1615711
1922711
1603423
1981757
1617565
1544108
1861527
1605255
1880261
1889688
1928783
1971424
1849140
1987573
1619351
1622755
1943884
1830972
1656644
1993708
1837884
1818791
1773488
1849930
1591414
1982729
1904983
1879722
1632431
1528212
1553726
1516116
1614413
1528217
1905515
1610722
1613118
1858072
1633834
1801071
1842634
1671970
1610014
1561092
1981444
1820035
1932830
1514402
1864245
1545355
1665319
1894884
1616890
1643912
1575041
1952902
1907289
1805446
1882627
1883818
1850338
1628472
1972613
1503512
1739674
1763572
1664979
1501467
1664903
1667784
1932718
1880426
1892068
1977129
1913261
1974270
1593445
1530215
1980062
1626080
1597890
1678980
1641551
1575497
1845095
1932734
1875946
1601559
1684832
1660034
1501589
1663355
1895554
1899322
1964345
1602412
1913445
1502041
1681000
1659432
1975371
1921950
1545294
1705604
1948790
1805094
1669930
1694707
1520063
1719318
1739558
1672175
1783267
1971168
1835889
1673668
1780642
1735337
1820398
1662896
1697449
1709565
1562701
1669430
1805093
1794087
1949383
1616982
1518062
1968959
1596775
1699465
1840251
1523758
1935429
1627879
1679733
1687816
1731000
1962862
1769802
1804747
1540713
1575236
1886569
1563459
1888293
1662128
1539224
1713336
1677454
1865134
1598379
1999657
1578553
1892209
1865526
1846936
1508342
1927016
1892183
1923300
1984980
1843326
1581639
1621638
1875609
1802626
1503678
1764512
1535780
1848186
1730876
1701025
1862532
1969577
1775805
1798240
1576389
1794287
1795568
1667323
1518964
1529104
1522265
1799300
1552410
1992662
1958294
1689500
1666420
1861332
1583371
1809656
1620738
1639871
1856565
1957605
1918254
1795797
1627569
1517608
1622004
1883526
1728761
1909316
1608532
1623286
1693223
1586274
1804919
1981406
1968359
1538697
1546998
1582462
1774594
1989493
1538470
1535517
1854885
1830556
1693856
1875259
1628110
1915186
1696666
1935103
1575342
1712223
1935088
1863015
1972286
1933834
1823037
1561814
1850486
1902014
1597979
1916069
1541006
1883566
1609306
1740929
1846859
1561703
1597438
1959699
1965220
1977001
1729305
1616263
1845122
1508525
1939426
1541027
1557773
1943572
1802761
1920151
1568381
1681367
1899142
1977298
1747724
1853066
1538051
1717343
1661121
1581767
1600927
1844658
1729402
1889113
1545160
1567862
1681410
1704016
1896843
1524768
1877019
1511512
1933466
1724745
1901786
1697509
1925979
1608056
1856252
1789772
1640048
1995252
1657044
1845752
1976509
1965956
1744477
1927928
1987743
1810365
1893739
1571995
1644487
1866322
1809709
1912197
1739627
1565142
1516763
1855422
1999570
1574833
1882767
1688439
1776133
1840543
1814686
1546156
1898226
1847277
1852849
1610031
1636287
1699603
1676508
1740021
1571999
1566098
1823988
1731331
1945859
1957541
1697603
1549037
1660327
1881115
1564427
1649600
1616099
1979969
1741921
1596473
1576508
1970157
1567919
1563444
1696732
1524550
1644393
1934076
1966428
1537559
1758626
1945872
1561843
1832741
1605367
1504890
1700371
1853904
1955231
1526023
1743449
1685559
1933787
1819566
1991923
1560510
1998136
1829716
1905108
1666194
1544985
1965824
1780778
1841712
1540649
1745626
1664266
1847599
1715440
1764589
1550600
1893704
1660709
1925616
1697594
1557155
1800312
1739783
1529658
1974278
1752070
1706916
1680060
1765893
1600092
1581567
1769138
1601747
1843671
1883907
1957116
1517292
1830910
1992537
1559262
1603056
1938851
1647347
1689510
1788977
1913439
1902368
1536658
1701280
1527951
1654862
1730555
1930774
1644918
1772265
1915435
1689494
1616824
1916707
1688807
1878398
1638626
1595341
1972812
1643672
1600265
1848984
1583302
1889031
1903513
1816509
1639231
1844360
1715314
1951584
1938030
1525815
1697375
1578855
1850703
1654930
1944244
1934747
1885458
1820283
1701930
1729364
1678403
1679445
1539528
1934655
1752409
1575536
1975605
1942983
1551559
1573126
1985372
1693276
1936674
1513519
1882270
1956336
1774091
1608125
1631387
1956455
1868461
1881391
1681385
1740262
1558837
1879131
1721195
1549894
1724322
1822967
1975265
1766377
1754354
1967972
1563415
1886585
1944878
1631262
1608192
1673350
1829841
1826794
1962354
1631487
1689037
1919029
1891941
1845236
1756421
1929007
1859571
1609990
1812327
1987586
1639628
1951674
1830430
1868737
1764147
1792933
1880984
1739955
1792760
1800853
1951727
1545314
1606285
1762548
1684145
1674814
1626655
1849283
1523943
1893750
1643260
1848755
1771156
1673885
1902863
1750103
1543132
1594767
1541426
1514449
1699635
1640296
1580428
1563764
1523488
1934869
1675383
1808443
1566093
1662941
1984226
1560900
1965999
1952730
1585855
1652554
1629934
1889280
1648412
1953248
1842827
1886592
1730661
1913813
1583445
1507342
1501036
1746987
1503821
1866793
1721995
1868868
1975471
1702725
1861290
1597408
1835261
1715875
1533978
1698954
1746434
1907819
1832091
1956568
1516731
1686947
1735886
1826510
1818728
1887995
1599488
1568379
1744074
1830456
1974416
1798630
1884451
1591296
1512344
1949426
1884574
1822976
1995173
1945723
1548009
1811552
1884445
1537474
1528602
1989523
1917773
1740016
1853995
1670527
1958733
1527507
1741793
1566705
1567454
1517329
1836189
1659387
1783071
1971515
1960454
1502414
1849309
1699734
1999727
1688588
1789667
1960427
1962406
1762092
1575576
1635707
1551147
1693944
1941014
1897727
1820921
1811723
1645218
1653536
1913028
1882902
1692041
1763740
1785814
1578071
1838105
1641146
1679561
1800884
1536544
1599384
1834903
1730134
1694308
1662177
1800858
1988628
1592132
1950806
1872415
1846562
1532110
1661444
1983224
1928535
1974116
1737209
1674008
1562310
1658304
1916035
1568014
1578710
1960281
1829647
1861577
1901093
1849973
1513124
1909164
1818931
1952999
1598186
1938131
1633871
1563290
1560071
1666526
1766623
1625818
1823175
1936374
1657429
1541350
1794955
1988106
1660159
1823637
1622784
1980520
1602700
1838363
1733630
1880889
1729846
1564590
1527072
1963371
1797224
1682737
1795918
1904274
1534355
1592185
1527148
1882342
1591528
1585252
1547562
1753427
1650747
1672315
1860214
1765622
1909857
1991943
1812563
1821550
1758502
1811267
1858432
1812129
1667187
1671614
1843473
1737423
1613151
1594532
1975743
1559419
1974885
1807220
1749428
1621506
1500693
1890517
1629844
1592570
1608965
1577699
1711372
1656555
1987046
1749748
1676065
1568332
1678323
1565485
1807549
1633441
1863318
1923365
1692861
1642239
1857690
1950827
1716034
1918553
1820654
1631452
1728412
1563076
1664925
1868331
1568830
1634665
1550092
1701715
1607009
1790762
1652421
1877210
1925298
1824837
1718978
1624305
1958028
1677245
1772034
1711231
1796819
1850227
1574665
1783970
1901506
1585768
1803467
1953448
1825930
1647704
1965227
1712296
1600943
1536588
1641167
1501299
1856269
1961173
1635186
1695076
1509339
1706025
1809301
1612261
1584004
1896867
1905798
1987378
1607034
1689639
1890461
1875989
1659298
1984885
1558638
1776328
1525290
1520573
1760436
1685070
1647438
1883001
1983834
1531457
1726581
1909849
1957745
1965457
1959720
1807308
1617956
1865818
1557216
1708558
1721819
1529300
1800255
1517755
1637609
1555163
1696621
1907188
1975512
1559122
1860403
1841029
1994127
1542730
1910456
1811968
1524401
1551022
1582928
1516103
1854808
1603500
1926856
1657338
1818920
1505260
1862766
1780004
1795507
1541735
1729628
1636173
1510818
1996485
1626832
1988946
1935130
1713725
1642849
1504006
1658220
1725358
1969111
1942069
1952853
1810563
1705313
1687526
1788320
1516891
1968833
1895596
1657621
1957775
1860923
1777101
1621093
1762627
1546913
1554667
1703867
1861759
1522007
1767858
1559574
1986987
1918955
1718798
1551636
1576616
1552005
1680835
1880372
1679007
1748976
1799204
1664264
1714398
1888953
1618703
1912602
1879629
1577187
1712203
1853460
1802156
1766783
1517272
1701818
1738432
1779672
1957814
1630522
1968117
1934936
1699780
1795682
1590202
1544677
1914126
1885404
1990262
1947585
1585536
1875260
1846607
1951849
1580572
1503475
1868516
1622412
1587010
1951332
1731621
1783019
1555501
1752180
1648613
1990916
1712486
1602253
1817831
1836940
1861743
1963982
1677659
1984529
1925708
1749222
1737406
1568897
1697358
1663578
1791685
1999409
1772428
1793571
1686159
1503503
1549327
1529090
1558003
1893101
1540249
1807056
1598166
1949852
1553732
1828969
1880434
1924236
1820574
1564949
1523368
1951989
1905402
1641517
1933297
1882317
1985860
1896224
1775467
1712026
1659757
1840163
1744502
1803038
1657094
1607042
1549446
1845457
1608959
1899241
1917775
1753321
1610495
1669589
1580578
1550145
1889907
1927254
1879539
1872808
1945097
1530845
1672390
1942754
1756927
1832036
1796352
1565538
1630055
1755997
1654808
1916822
1508854
1581856
1747953
1761392
1830506
1831862
1882778
1763243
1833457
1509840
1842875
1704431
1949090
1783486
1524452
1834075
1509083
1916714
1665536
1589895
1545757
1904539
1589460
1753625
1949713
1669555
1505111
1786421
1565364
1600133
1787838
1578881
1508079
1797461
1861634
1767478
1604804
1873397
1991487
1794850
1772459
1531508
1570134
1615977
1564170
1976536
1699323
1891259
1823955
1896964
1707797
1587241
1778708
1619575
1666616
1735971
1874944
1906200
1744507
1685867
1753030
1832192
1669621
1553930
1504345
1538250
1959098
1855615
1532948
1752734
1924700
1683771
1996070
1686009
1583679
1837948
1994171
1978969
1522308
1973809
1845276
1928581
1629443
1576454
1696240
1942233
1862500
1840285
1654091
1925132
1820962
1745511
1944178
1801070
1706289
1559351
1632199
1509248
1897880
1578765
1600810
1675805
1603009
1898835
1703294
1735960
1926802
1733990
1853904
1954425
1861026
1721163
1582531
1552939
1649520
1895902
1923929
1698867
1828351
1718742
1582583
1878689
1700612
1930039
1859370
1711296
1811337
1558804
1782093
1903290
1539293
1787496
1936858
1708727
1730512
1586151
1807677
1947843
1544005
1792696
1642947
1649559
1736180
1998557
1892726
1874374
1848756
1899679
1824131
1742091
1548881
1946293
1737751
1896659
1604926
1730252
1833343
1615474
1809169
1773504
1975848
1737887
1862084
1646073
1910580
1633683
1882200
1699105
1618528
1929983
1863001
1796561
1513447
1933397
1549234
1538758
1676002
1797938
1550098
1898068
1588983
1623699
1843855
1920137
1703255
1787475
1679959
1630485
1637053
1892118
1684868
1699196
1991365
1961565
1680094
1602092
1654232
1883407
1852901
1696967
1981769
1510234
1699899
1609762
1530514
1550474
1557700
1909478
1836333
1518871
1663896
1782862
1637864
1969572
1983620
1912001
1737249
1846491
1643254
1683441
1932965
1552364
1589146
1994286
1541535
1871677
1851050
1657787
1522046
1516576
1545163
1695657
1924969
1642343
1743482
1536065
1808218
1627725
1695690
1935688
1591326
1720660
1530364
1604537
1606688
1785234
1883188
1521386
1694269
1770658
1754158
1615153
1789468
1828495
1744326
1842418
1838955
1552098
1739147
1777596
1559319
1514020
1753772
1745816
1692245
1715778
1904943
1845288
1649822
1781259
1655571
1538395
1991916
1877718
1870688
1705287
1798601
1728319
1533575
1594966
1875388
1959085
1633108
1975859
1897446
1669217
1955403
1900364
1530796
1654320
1923698
1951701
1517033
1758840
1651182
1592099
1768265
1631334
1713509
1924913
1962737
1948332
1622922
1500424
1719962
1733992
1882637
1759691
1914174
1691904
1701078
1757193
1742111
1687600
1770649
1541366
1686044
1847783
1948043
1745190
1984180
1992024
1514170
1865055
1623400
1599434
1966580
1709826
1968101
1933052
1997594
1970254
1849838
1748991
1613489
1851341
1885945
1667221
1769474
1594058
1667860
1803079
1726337
1568786
1930717
1709203
1833241
1620708
1649850
1811317
1988294
1566271
1713777
1545960
1905564
1614628
1734584
1516449
1594307
1815499
1540349
1703768
1775710
1507252
1803195
1674085
1596867
1614725
1780153
1940040
1959694
1941120
1580952
1851978
1937053
1808058
1664737
1876913
1774554
1552761
1737733
1692095
1610429
1795851
1609410
1566428
1988721
1719897
1933893
1777515
1723204
1995577
1835567
1912466
1999941
1792645
1850605
1633821
1975863
1533597
1524597
1706423
1730762
1785577
1982699
1914214
1527485
1613440
1751082
1778770
1645792
1567872
1661478
1728277
1651332
1986636
1514140
1705179
1544854
1759272
1588037
1584540
1917716
1828492
1693740
1671641
1544823
1671017
1500208
1938898
1568118
1608811
1574243
1943645
1964131
1720945
1937959
1858894
1520694
1995717
1590979
1750872
1582348
1713584
1605230
1722389
1670352
1755504
1594757
1878685
1834040
1749397
1686930
1751356
1807913
1609663
1672269
1928422
1951859
1764725
1578024
1805241
1652818
1724891
1683527
1884693
1808396
1542108
1857903
1828302
1508761
1636682
1933101
1755140
1568697
1672951
1909705
1883383
1884842
1791866
1849853
1977177
1711551
1855745
1720244
1505942
1939846
1861948
1936046
1888934
1528407
1891320
1908298
1501710
1857960
1590278
1686323
1726516
1580423
1907831
1812612
1950295
1551702
1944412
1714643
1684046
1822955
1794217
1992178
1622138
1880681
1606572
1850596
1736874
1997136
1545941
1839288
1699086
1766713
1916844
1609992
1751047
1537666
1536776
1871655
1592329
1760689
1521197
1770754
1870753
1764863
1613198
1682544
1830998
1628395
1688151
1719297
1743897
1861658
1787047
1900146
1593128
1525586
1836841
1870797
1900704
1553978
1647159
1833038
1848955
1872888
1610709
1702123
1784302
1633427
1978646
1778359
1653330
1519341
1845001
1985009
1796242
1697712
1834452
1970902
1608350
1903932
1773027
1636050
1876217
1720293
1719818
1589837
1797162
1565053
1539019
1596753
1764445
1959873
1999772
1886088
1666182
1543568
1917496
1809413
1894662
1533337
1847769
1821721
1925561
1929224
1776722
1595700
1832914
1574787
1866619
1924983
1579874
1508735
1853081
1630086
1680276
1833796
1751380
1901372
1933330
1854496
1910144
1947027
1740251
1759460
1641319
1956282
1924393
1717956
1674493
1891692
1677371
1638399
1859414
1659443
1534644
1948096
1886913
1566459
1934227
1507684
1592992
1549004
1614610
1572993
1884518
1521871
1530012
1579319
1814743
1956879
1702598
1927965
1692251
1898602
1946122
1795431
1581298
1792582
1553458
1783646
1662165
1897340
1747769
1772324
1995375
1687223
1683933
1532083
1921866
1852774
1577189
1776515
1678400
1984576
1643238
1872503
1676633
1859180
1817739
1574838
1691613
1881420
1610419
1507804
1898454
1988513
1850712
1515557
1781336
1584048
1503958
1973144
1927823
1812306
1519490
1778528
1574263
1853991
1519519
1953597
1862519
1831563
1628521
1557294
1839914
1703738
1833505
1561354
1567643
1595418
1604265
1766812
1517344
1571472
1636795
1894313
1987632
1678064
1638609
1773522
1697210
1733156
1832557
1536165
1948700
1669471
1615393
1942837
1564909
1583262
1642362
1941336
1954962
1870742
1921533
1909714
1986245
1836011
1946239
1583141
1923881
1721156
1521598
1687592
1521824
1615059
1919715
1948022
1884585
1731631
1667638
1859293
1898866
1844453
1874001
1627212
1792377
1868239
1673676
1841789
1578016
1851052
1874446
1838440
1658705
1858825
1981635
1646455
1852234
1940713
1864967
1530696
1596501
1910302
1800340
1837362
1976133
1951527
1729306
1814802
1821384
1906324
1598695
1849036
1635138
1822322
1729967
1642028
1893070
1840634
1657511
1587821
1931721
1912303
1562083
1974255
1805699
1597818
1714421
1693058
1519762
1862058
1959677
1507668
1715937
1848623
1930205
1797746
1616879
1583126
1864076
1595305
1854044
1875962
1863781
1941933
1555625
1921754
1546114
1674315
1649607
1720641
1995522
1868827
1935762
1837714
1856171
1722027
1793485
1839784
1601443
1678642
1644995
1559300
1654520
1608818
1694048
1907306
1956879
1769913
1854675
1931253
1587071
1958380
1510735
1951846
1576803
1865037
1898905
1934709
1596167
1881511
1920160
1988412
1983722
1552194
1534598
1802357
1897489
1693152
1598322
1905037
1949791
1568247
1610508
1642236
1723852
1806585
1916896
1853205
1543166
1724018
1921762
1783010
1800491
1950557
