10000
2000000
1999800
1999600
1999400
1999200
1999000
1998800
1998600
1998400
1998200
1998000
1997800
1997600
1997400
1997200
1997000
1996800
1996600
1996400
1996200
1996000
1995800
1995600
1995400
1995200
1995000
1994800
1994600
1994400
1994200
1994000
1993800
1993600
1993400
1993200
1993000
1992800
1992600
1992400
1992200
1992000
1991800
1991600
1991400
1991200
1991000
1990800
1990600
1990400
1990200
1990000
1989800
1989600
1989400
1989200
1989000
1988800
1988600
1988400
1988200
1988000
1987800
1987600
1987400
1987200
1987000
1986800
1986600
1986400
1986200
1986000
1985800
1985600
1985400
1985200
1985000
1984800
1984600
1984400
1984200
1984000
1983800
1983600
1983400
1983200
1983000
1982800
1982600
1982400
1982200
1982000
1981800
1981600
1981400
1981200
1981000
1980800
1980600
1980400
1980200
1980000
1979800
1979600
1979400
1979200
1979000
1978800
1978600
1978400
1978200
1978000
1977800
1977600
1977400
1977200
1977000
1976800
1976600
1976400
1976200
1976000
1975800
1975600
1975400
1975200
1975000
1974800
1974600
1974400
1974200
1974000
1973800
1973600
1973400
1973200
1973000
1972800
1972600
1972400
1972200
1972000
1971800
1971600
1971400
1971200
1971000
1970800
1970600
1970400
1970200
1970000
1969800
1969600
1969400
1969200
1969000
1968800
1968600
1968400
1968200
1968000
1967800
1967600
1967400
1967200
1967000
1966800
1966600
1966400
1966200
1966000
1965800
1965600
1965400
1965200
1965000
1964800
1964600
1964400
1964200
1964000
1963800
1963600
1963400
1963200
1963000
1962800
1962600
1962400
1962200
1962000
1961800
1961600
1961400
1961200
1961000
1960800
1960600
1960400
1960200
1960000
1959800
1959600
1959400
1959200
1959000
1958800
1958600
1958400
1958200
1958000
1957800
1957600
1957400
1957200
1957000
1956800
1956600
1956400
1956200
1956000
1955800
1955600
1955400
1955200
1955000
1954800
1954600
1954400
1954200
1954000
1953800
1953600
1953400
1953200
1953000
1952800
1952600
1952400
1952200
1952000
1951800
1951600
1951400
1951200
1951000
1950800
1950600
1950400
1950200
1950000
1949800
1949600
1949400
1949200
1949000
1948800
1948600
1948400
1948200
1948000
1947800
1947600
1947400
1947200
1947000
1946800
1946600
1946400
1946200
1946000
1945800
1945600
1945400
1945200
1945000
1944800
1944600
1944400
1944200
1944000
1943800
1943600
1943400
1943200
1943000
1942800
1942600
1942400
1942200
1942000
1941800
1941600
1941400
1941200
1941000
1940800
1940600
1940400
1940200
1940000
1939800
1939600
1939400
1939200
1939000
1938800
1938600
1938400
1938200
1938000
1937800
1937600
1937400
1937200
1937000
1936800
1936600
1936400
1936200
1936000
1935800
1935600
1935400
1935200
1935000
1934800
1934600
1934400
1934200
1934000
1933800
1933600
1933400
1933200
1933000
1932800
1932600
1932400
1932200
1932000
1931800
1931600
1931400
1931200
1931000
1930800
1930600
1930400
1930200
1930000
1929800
1929600
1929400
1929200
1929000
1928800
1928600
1928400
1928200
1928000
1927800
1927600
1927400
1927200
1927000
1926800
1926600
1926400
1926200
1926000
1925800
1925600
1925400
1925200
1925000
1924800
1924600
1924400
1924200
1924000
1923800
1923600
1923400
1923200
1923000
1922800
1922600
1922400
1922200
1922000
1921800
1921600
1921400
1921200
1921000
1920800
1920600
1920400
1920200
1920000
1919800
1919600
1919400
1919200
1919000
1918800
1918600
1918400
1918200
1918000
1917800
1917600
1917400
1917200
1917000
1916800
1916600
1916400
1916200
1916000
1915800
1915600
1915400
1915200
1915000
1914800
1914600
1914400
1914200
1914000
1913800
1913600
1913400
1913200
1913000
1912800
1912600
1912400
1912200
1912000
1911800
1911600
1911400
1911200
1911000
1910800
1910600
1910400
1910200
1910000
1909800
1909600
1909400
1909200
1909000
1908800
1908600
1908400
1908200
1908000
1907800
1907600
1907400
1907200
1907000
1906800
1906600
1906400
1906200
1906000
1905800
1905600
1905400
1905200
1905000
1904800
1904600
1904400
1904200
1904000
1903800
1903600
1903400
1903200
1903000
1902800
1902600
1902400
1902200
1902000
1901800
1901600
1901400
1901200
1901000
1900800
1900600
1900400
1900200
1900000
1899800
1899600
1899400
1899200
1899000
1898800
1898600
1898400
1898200
1898000
1897800
1897600
1897400
1897200
1897000
1896800
1896600
1896400
1896200
1896000
1895800
1895600
1895400
1895200
1895000
1894800
1894600
1894400
1894200
1894000
1893800
1893600
1893400
1893200
1893000
1892800
1892600
1892400
1892200
1892000
1891800
1891600
1891400
1891200
1891000
1890800
1890600
1890400
1890200
1890000
1889800
1889600
1889400
1889200
1889000
1888800
1888600
1888400
1888200
1888000
1887800
1887600
1887400
1887200
1887000
1886800
1886600
1886400
1886200
1886000
1885800
1885600
1885400
1885200
1885000
1884800
1884600
1884400
1884200
1884000
1883800
1883600
1883400
1883200
1883000
1882800
1882600
1882400
1882200
1882000
1881800
1881600
1881400
1881200
1881000
1880800
1880600
1880400
1880200
1880000
1879800
1879600
1879400
1879200
1879000
1878800
1878600
1878400
1878200
1878000
1877800
1877600
1877400
1877200
1877000
1876800
1876600
1876400
1876200
1876000
1875800
1875600
1875400
1875200
1875000
1874800
1874600
1874400
1874200
1874000
1873800
1873600
1873400
1873200
1873000
1872800
1872600
1872400
1872200
1872000
1871800
1871600
1871400
1871200
1871000
1870800
1870600
1870400
1870200
1870000
1869800
1869600
1869400
1869200
1869000
1868800
1868600
1868400
1868200
1868000
1867800
1867600
1867400
1867200
1867000
1866800
1866600
1866400
1866200
1866000
1865800
1865600
1865400
1865200
1865000
1864800
1864600
1864400
1864200
1864000
1863800
1863600
1863400
1863200
1863000
1862800
1862600
1862400
1862200
1862000
1861800
1861600
1861400
1861200
1861000
1860800
1860600
1860400
1860200
1860000
1859800
1859600
1859400
1859200
1859000
1858800
1858600
1858400
1858200
1858000
1857800
1857600
1857400
1857200
1857000
1856800
1856600
1856400
1856200
1856000
1855800
1855600
1855400
1855200
1855000
1854800
1854600
1854400
1854200
1854000
1853800
1853600
1853400
1853200
1853000
1852800
1852600
1852400
1852200
1852000
1851800
1851600
1851400
1851200
1851000
1850800
1850600
1850400
1850200
1850000
1849800
1849600
1849400
1849200
1849000
1848800
1848600
1848400
1848200
1848000
1847800
1847600
1847400
1847200
1847000
1846800
1846600
1846400
1846200
1846000
1845800
1845600
1845400
1845200
1845000
1844800
1844600
1844400
1844200
1844000
1843800
1843600
1843400
1843200
1843000
1842800
1842600
1842400
1842200
1842000
1841800
1841600
1841400
1841200
1841000
1840800
1840600
1840400
1840200
1840000
1839800
1839600
1839400
1839200
1839000
1838800
1838600
1838400
1838200
1838000
1837800
1837600
1837400
1837200
1837000
1836800
1836600
1836400
1836200
1836000
1835800
1835600
1835400
1835200
1835000
1834800
1834600
1834400
1834200
1834000
1833800
1833600
1833400
1833200
1833000
1832800
1832600
1832400
1832200
1832000
1831800
1831600
1831400
1831200
1831000
1830800
1830600
1830400
1830200
1830000
1829800
1829600
1829400
1829200
1829000
1828800
1828600
1828400
1828200
1828000
1827800
1827600
1827400
1827200
1827000
1826800
1826600
1826400
1826200
1826000
1825800
1825600
1825400
1825200
1825000
1824800
1824600
1824400
1824200
1824000
1823800
1823600
1823400
1823200
1823000
1822800
1822600
1822400
1822200
1822000
1821800
1821600
1821400
1821200
1821000
1820800
1820600
1820400
1820200
1820000
1819800
1819600
1819400
1819200
1819000
1818800
1818600
1818400
1818200
1818000
1817800
1817600
1817400
1817200
1817000
1816800
1816600
1816400
1816200
1816000
1815800
1815600
1815400
1815200
1815000
1814800
1814600
1814400
1814200
1814000
1813800
1813600
1813400
1813200
1813000
1812800
1812600
1812400
1812200
1812000
1811800
1811600
1811400
1811200
1811000
1810800
1810600
1810400
1810200
1810000
1809800
1809600
1809400
1809200
1809000
1808800
1808600
1808400
1808200
1808000
1807800
1807600
1807400
1807200
1807000
1806800
1806600
1806400
1806200
1806000
1805800
1805600
1805400
1805200
1805000
1804800
1804600
1804400
1804200
1804000
1803800
1803600
1803400
1803200
1803000
1802800
1802600
1802400
1802200
1802000
1801800
1801600
1801400
1801200
1801000
1800800
1800600
1800400
1800200
1800000
1799800
1799600
1799400
1799200
1799000
1798800
1798600
1798400
1798200
1798000
1797800
1797600
1797400
1797200
1797000
1796800
1796600
1796400
1796200
1796000
1795800
1795600
1795400
1795200
1795000
1794800
1794600
1794400
1794200
1794000
1793800
1793600
1793400
1793200
1793000
1792800
1792600
1792400
1792200
1792000
1791800
1791600
1791400
1791200
1791000
1790800
1790600
1790400
1790200
1790000
1789800
1789600
1789400
1789200
1789000
1788800
1788600
1788400
1788200
1788000
1787800
1787600
1787400
1787200
1787000
1786800
1786600
1786400
1786200
1786000
1785800
1785600
1785400
1785200
1785000
1784800
1784600
1784400
1784200
1784000
1783800
1783600
1783400
1783200
1783000
1782800
1782600
1782400
1782200
1782000
1781800
1781600
1781400
1781200
1781000
1780800
1780600
1780400
1780200
1780000
1779800
1779600
1779400
1779200
1779000
1778800
1778600
1778400
1778200
1778000
1777800
1777600
1777400
1777200
1777000
1776800
1776600
1776400
1776200
1776000
1775800
1775600
1775400
1775200
1775000
1774800
1774600
1774400
1774200
1774000
1773800
1773600
1773400
1773200
1773000
1772800
1772600
1772400
1772200
1772000
1771800
1771600
1771400
1771200
1771000
1770800
1770600
1770400
1770200
1770000
1769800
1769600
1769400
1769200
1769000
1768800
1768600
1768400
1768200
1768000
1767800
1767600
1767400
1767200
1767000
1766800
1766600
1766400
1766200
1766000
1765800
1765600
1765400
1765200
1765000
1764800
1764600
1764400
1764200
1764000
1763800
1763600
1763400
1763200
1763000
1762800
1762600
1762400
1762200
1762000
1761800
1761600
1761400
1761200
1761000
1760800
1760600
1760400
1760200
1760000
1759800
1759600
1759400
1759200
1759000
1758800
1758600
1758400
1758200
1758000
1757800
1757600
1757400
1757200
1757000
1756800
1756600
1756400
1756200
1756000
1755800
1755600
1755400
1755200
1755000
1754800
1754600
1754400
1754200
1754000
1753800
1753600
1753400
1753200
1753000
1752800
1752600
1752400
1752200
1752000
1751800
1751600
1751400
1751200
1751000
1750800
1750600
1750400
1750200
1750000
1749800
1749600
1749400
1749200
1749000
1748800
1748600
1748400
1748200
1748000
1747800
1747600
1747400
1747200
1747000
1746800
1746600
1746400
1746200
1746000
1745800
1745600
1745400
1745200
1745000
1744800
1744600
1744400
1744200
1744000
1743800
1743600
1743400
1743200
1743000
1742800
1742600
1742400
1742200
1742000
1741800
1741600
1741400
1741200
1741000
1740800
1740600
1740400
1740200
1740000
1739800
1739600
1739400
1739200
1739000
1738800
1738600
1738400
1738200
1738000
1737800
1737600
1737400
1737200
1737000
1736800
1736600
1736400
1736200
1736000
1735800
1735600
1735400
1735200
1735000
1734800
1734600
1734400
1734200
1734000
1733800
1733600
1733400
1733200
1733000
1732800
1732600
1732400
1732200
1732000
1731800
1731600
1731400
1731200
1731000
1730800
1730600
1730400
1730200
1730000
1729800
1729600
1729400
1729200
1729000
1728800
1728600
1728400
1728200
1728000
1727800
1727600
1727400
1727200
1727000
1726800
1726600
1726400
1726200
1726000
1725800
1725600
1725400
1725200
1725000
1724800
1724600
1724400
1724200
1724000
1723800
1723600
1723400
1723200
1723000
1722800
1722600
1722400
1722200
1722000
1721800
1721600
1721400
1721200
1721000
1720800
1720600
1720400
1720200
1720000
1719800
1719600
1719400
1719200
1719000
1718800
1718600
1718400
1718200
1718000
1717800
1717600
1717400
1717200
1717000
1716800
1716600
1716400
1716200
1716000
1715800
1715600
1715400
1715200
1715000
1714800
1714600
1714400
1714200
1714000
1713800
1713600
1713400
1713200
1713000
1712800
1712600
1712400
1712200
1712000
1711800
1711600
1711400
1711200
1711000
1710800
1710600
1710400
1710200
1710000
1709800
1709600
1709400
1709200
1709000
1708800
1708600
1708400
1708200
1708000
1707800
1707600
1707400
1707200
1707000
1706800
1706600
1706400
1706200
1706000
1705800
1705600
1705400
1705200
1705000
1704800
1704600
1704400
1704200
1704000
1703800
1703600
1703400
1703200
1703000
1702800
1702600
1702400
1702200
1702000
1701800
1701600
1701400
1701200
1701000
1700800
1700600
1700400
1700200
1700000
1699800
1699600
1699400
1699200
1699000
1698800
1698600
1698400
1698200
1698000
1697800
1697600
1697400
1697200
1697000
1696800
1696600
1696400
1696200
1696000
1695800
1695600
1695400
1695200
1695000
1694800
1694600
1694400
1694200
1694000
1693800
1693600
1693400
1693200
1693000
1692800
1692600
1692400
1692200
1692000
1691800
1691600
1691400
1691200
1691000
1690800
1690600
1690400
1690200
1690000
1689800
1689600
1689400
1689200
1689000
1688800
1688600
1688400
1688200
1688000
1687800
1687600
1687400
1687200
1687000
1686800
1686600
1686400
1686200
1686000
1685800
1685600
1685400
1685200
1685000
1684800
1684600
1684400
1684200
1684000
1683800
1683600
1683400
1683200
1683000
1682800
1682600
1682400
1682200
1682000
1681800
1681600
1681400
1681200
1681000
1680800
1680600
1680400
1680200
1680000
1679800
1679600
1679400
1679200
1679000
1678800
1678600
1678400
1678200
1678000
1677800
1677600
1677400
1677200
1677000
1676800
1676600
1676400
1676200
1676000
1675800
1675600
1675400
1675200
1675000
1674800
1674600
1674400
1674200
1674000
1673800
1673600
1673400
1673200
1673000
1672800
1672600
1672400
1672200
1672000
1671800
1671600
1671400
1671200
1671000
1670800
1670600
1670400
1670200
1670000
1669800
1669600
1669400
1669200
1669000
1668800
1668600
1668400
1668200
1668000
1667800
1667600
1667400
1667200
1667000
1666800
1666600
1666400
1666200
1666000
1665800
1665600
1665400
1665200
1665000
1664800
1664600
1664400
1664200
1664000
1663800
1663600
1663400
1663200
1663000
1662800
1662600
1662400
1662200
1662000
1661800
1661600
1661400
1661200
1661000
1660800
1660600
1660400
1660200
1660000
1659800
1659600
1659400
1659200
1659000
1658800
1658600
1658400
1658200
1658000
1657800
1657600
1657400
1657200
1657000
1656800
1656600
1656400
1656200
1656000
1655800
1655600
1655400
1655200
1655000
1654800
1654600
1654400
1654200
1654000
1653800
1653600
1653400
1653200
1653000
1652800
1652600
1652400
1652200
1652000
1651800
1651600
1651400
1651200
1651000
1650800
1650600
1650400
1650200
1650000
1649800
1649600
1649400
1649200
1649000
1648800
1648600
1648400
1648200
1648000
1647800
1647600
1647400
1647200
1647000
1646800
1646600
1646400
1646200
1646000
1645800
1645600
1645400
1645200
1645000
1644800
1644600
1644400
1644200
1644000
1643800
1643600
1643400
1643200
1643000
1642800
1642600
1642400
1642200
1642000
1641800
1641600
1641400
1641200
1641000
1640800
1640600
1640400
1640200
1640000
1639800
1639600
1639400
1639200
1639000
1638800
1638600
1638400
1638200
1638000
1637800
1637600
1637400
1637200
1637000
1636800
1636600
1636400
1636200
1636000
1635800
1635600
1635400
1635200
1635000
1634800
1634600
1634400
1634200
1634000
1633800
1633600
1633400
1633200
1633000
1632800
1632600
1632400
1632200
1632000
1631800
1631600
1631400
1631200
1631000
1630800
1630600
1630400
1630200
1630000
1629800
1629600
1629400
1629200
1629000
1628800
1628600
1628400
1628200
1628000
1627800
1627600
1627400
1627200
1627000
1626800
1626600
1626400
1626200
1626000
1625800
1625600
1625400
1625200
1625000
1624800
1624600
1624400
1624200
1624000
1623800
1623600
1623400
1623200
1623000
1622800
1622600
1622400
1622200
1622000
1621800
1621600
1621400
1621200
1621000
1620800
1620600
1620400
1620200
1620000
1619800
1619600
1619400
1619200
1619000
1618800
1618600
1618400
1618200
1618000
1617800
1617600
1617400
1617200
1617000
1616800
1616600
1616400
1616200
1616000
1615800
1615600
1615400
1615200
1615000
1614800
1614600
1614400
1614200
1614000
1613800
1613600
1613400
1613200
1613000
1612800
1612600
1612400
1612200
1612000
1611800
1611600
1611400
1611200
1611000
1610800
1610600
1610400
1610200
1610000
1609800
1609600
1609400
1609200
1609000
1608800
1608600
1608400
1608200
1608000
1607800
1607600
1607400
1607200
1607000
1606800
1606600
1606400
1606200
1606000
1605800
1605600
1605400
1605200
1605000
1604800
1604600
1604400
1604200
1604000
1603800
1603600
1603400
1603200
1603000
1602800
1602600
1602400
1602200
1602000
1601800
1601600
1601400
1601200
1601000
1600800
1600600
1600400
1600200
1600000
1599800
1599600
1599400
1599200
1599000
1598800
1598600
1598400
1598200
1598000
1597800
1597600
1597400
1597200
1597000
1596800
1596600
1596400
1596200
1596000
1595800
1595600
1595400
1595200
1595000
1594800
1594600
1594400
1594200
1594000
1593800
1593600
1593400
1593200
1593000
1592800
1592600
1592400
1592200
1592000
1591800
1591600
1591400
1591200
1591000
1590800
1590600
1590400
1590200
1590000
1589800
1589600
1589400
1589200
1589000
1588800
1588600
1588400
1588200
1588000
1587800
1587600
1587400
1587200
1587000
1586800
1586600
1586400
1586200
1586000
1585800
1585600
1585400
1585200
1585000
1584800
1584600
1584400
1584200
1584000
1583800
1583600
1583400
1583200
1583000
1582800
1582600
1582400
1582200
1582000
1581800
1581600
1581400
1581200
1581000
1580800
1580600
1580400
1580200
1580000
1579800
1579600
1579400
1579200
1579000
1578800
1578600
1578400
1578200
1578000
1577800
1577600
1577400
1577200
1577000
1576800
1576600
1576400
1576200
1576000
1575800
1575600
1575400
1575200
1575000
1574800
1574600
1574400
1574200
1574000
1573800
1573600
1573400
1573200
1573000
1572800
1572600
1572400
1572200
1572000
1571800
1571600
1571400
1571200
1571000
1570800
1570600
1570400
1570200
1570000
1569800
1569600
1569400
1569200
1569000
1568800
1568600
1568400
1568200
1568000
1567800
1567600
1567400
1567200
1567000
1566800
1566600
1566400
1566200
1566000
1565800
1565600
1565400
1565200
1565000
1564800
1564600
1564400
1564200
1564000
1563800
1563600
1563400
1563200
1563000
1562800
1562600
1562400
1562200
1562000
1561800
1561600
1561400
1561200
1561000
1560800
1560600
1560400
1560200
1560000
1559800
1559600
1559400
1559200
1559000
1558800
1558600
1558400
1558200
1558000
1557800
1557600
1557400
1557200
1557000
1556800
1556600
1556400
1556200
1556000
1555800
1555600
1555400
1555200
1555000
1554800
1554600
1554400
1554200
1554000
1553800
1553600
1553400
1553200
1553000
1552800
1552600
1552400
1552200
1552000
1551800
1551600
1551400
1551200
1551000
1550800
1550600
1550400
1550200
1550000
1549800
1549600
1549400
1549200
1549000
1548800
1548600
1548400
1548200
1548000
1547800
1547600
1547400
1547200
1547000
1546800
1546600
1546400
1546200
1546000
1545800
1545600
1545400
1545200
1545000
1544800
1544600
1544400
1544200
1544000
1543800
1543600
1543400
1543200
1543000
1542800
1542600
1542400
1542200
1542000
1541800
1541600
1541400
1541200
1541000
1540800
1540600
1540400
1540200
1540000
1539800
1539600
1539400
1539200
1539000
1538800
1538600
1538400
1538200
1538000
1537800
1537600
1537400
1537200
1537000
1536800
1536600
1536400
1536200
1536000
1535800
1535600
1535400
1535200
1535000
1534800
1534600
1534400
1534200
1534000
1533800
1533600
1533400
1533200
1533000
1532800
1532600
1532400
1532200
1532000
1531800
1531600
1531400
1531200
1531000
1530800
1530600
1530400
1530200
1530000
1529800
1529600
1529400
1529200
1529000
1528800
1528600
1528400
1528200
1528000
1527800
1527600
1527400
1527200
1527000
1526800
1526600
1526400
1526200
1526000
1525800
1525600
1525400
1525200
1525000
1524800
1524600
1524400
1524200
1524000
1523800
1523600
1523400
1523200
1523000
1522800
1522600
1522400
1522200
1522000
1521800
1521600
1521400
1521200
1521000
1520800
1520600
1520400
1520200
1520000
1519800
1519600
1519400
1519200
1519000
1518800
1518600
1518400
1518200
1518000
1517800
1517600
1517400
1517200
1517000
1516800
1516600
1516400
1516200
1516000
1515800
1515600
1515400
1515200
1515000
1514800
1514600
1514400
1514200
1514000
1513800
1513600
1513400
1513200
1513000
1512800
1512600
1512400
1512200
1512000
1511800
1511600
1511400
1511200
1511000
1510800
1510600
1510400
1510200
1510000
1509800
1509600
1509400
1509200
1509000
1508800
1508600
1508400
1508200
1508000
1507800
1507600
1507400
1507200
1507000
1506800
1506600
1506400
1506200
1506000
1505800
1505600
1505400
1505200
1505000
1504800
1504600
1504400
1504200
1504000
1503800
1503600
1503400
1503200
1503000
1502800
1502600
1502400
1502200
1502000
1501800
1501600
1501400
1501200
1501000
1500800
1500600
1500400
1500200
1500000
1499800
1499600
1499400
1499200
1499000
1498800
1498600
1498400
1498200
1498000
1497800
1497600
1497400
1497200
1497000
1496800
1496600
1496400
1496200
1496000
1495800
1495600
1495400
1495200
1495000
1494800
1494600
1494400
1494200
1494000
1493800
1493600
1493400
1493200
1493000
1492800
1492600
1492400
1492200
1492000
1491800
1491600
1491400
1491200
1491000
1490800
1490600
1490400
1490200
1490000
1489800
1489600
1489400
1489200
1489000
1488800
1488600
1488400
1488200
1488000
1487800
1487600
1487400
1487200
1487000
1486800
1486600
1486400
1486200
1486000
1485800
1485600
1485400
1485200
1485000
1484800
1484600
1484400
1484200
1484000
1483800
1483600
1483400
1483200
1483000
1482800
1482600
1482400
1482200
1482000
1481800
1481600
1481400
1481200
1481000
1480800
1480600
1480400
1480200
1480000
1479800
1479600
1479400
1479200
1479000
1478800
1478600
1478400
1478200
1478000
1477800
1477600
1477400
1477200
1477000
1476800
1476600
1476400
1476200
1476000
1475800
1475600
1475400
1475200
1475000
1474800
1474600
1474400
1474200
1474000
1473800
1473600
1473400
1473200
1473000
1472800
1472600
1472400
1472200
1472000
1471800
1471600
1471400
1471200
1471000
1470800
1470600
1470400
1470200
1470000
1469800
1469600
1469400
1469200
1469000
1468800
1468600
1468400
1468200
1468000
1467800
1467600
1467400
1467200
1467000
1466800
1466600
1466400
1466200
1466000
1465800
1465600
1465400
1465200
1465000
1464800
1464600
1464400
1464200
1464000
1463800
1463600
1463400
1463200
1463000
1462800
1462600
1462400
1462200
1462000
1461800
1461600
1461400
1461200
1461000
1460800
1460600
1460400
1460200
1460000
1459800
1459600
1459400
1459200
1459000
1458800
1458600
1458400
1458200
1458000
1457800
1457600
1457400
1457200
1457000
1456800
1456600
1456400
1456200
1456000
1455800
1455600
1455400
1455200
1455000
1454800
1454600
1454400
1454200
1454000
1453800
1453600
1453400
1453200
1453000
1452800
1452600
1452400
1452200
1452000
1451800
1451600
1451400
1451200
1451000
1450800
1450600
1450400
1450200
1450000
1449800
1449600
1449400
1449200
1449000
1448800
1448600
1448400
1448200
1448000
1447800
1447600
1447400
1447200
1447000
1446800
1446600
1446400
1446200
1446000
1445800
1445600
1445400
1445200
1445000
1444800
1444600
1444400
1444200
1444000
1443800
1443600
1443400
1443200
1443000
1442800
1442600
1442400
1442200
1442000
1441800
1441600
1441400
1441200
1441000
1440800
1440600
1440400
1440200
1440000
1439800
1439600
1439400
1439200
1439000
1438800
1438600
1438400
1438200
1438000
1437800
1437600
1437400
1437200
1437000
1436800
1436600
1436400
1436200
1436000
1435800
1435600
1435400
1435200
1435000
1434800
1434600
1434400
1434200
1434000
1433800
1433600
1433400
1433200
1433000
1432800
1432600
1432400
1432200
1432000
1431800
1431600
1431400
1431200
1431000
1430800
1430600
1430400
1430200
1430000
1429800
1429600
1429400
1429200
1429000
1428800
1428600
1428400
1428200
1428000
1427800
1427600
1427400
1427200
1427000
1426800
1426600
1426400
1426200
1426000
1425800
1425600
1425400
1425200
1425000
1424800
1424600
1424400
1424200
1424000
1423800
1423600
1423400
1423200
1423000
1422800
1422600
1422400
1422200
1422000
1421800
1421600
1421400
1421200
1421000
1420800
1420600
1420400
1420200
1420000
1419800
1419600
1419400
1419200
1419000
1418800
1418600
1418400
1418200
1418000
1417800
1417600
1417400
1417200
1417000
1416800
1416600
1416400
1416200
1416000
1415800
1415600
1415400
1415200
1415000
1414800
1414600
1414400
1414200
1414000
1413800
1413600
1413400
1413200
1413000
1412800
1412600
1412400
1412200
1412000
1411800
1411600
1411400
1411200
1411000
1410800
1410600
1410400
1410200
1410000
1409800
1409600
1409400
1409200
1409000
1408800
1408600
1408400
1408200
1408000
1407800
1407600
1407400
1407200
1407000
1406800
1406600
1406400
1406200
1406000
1405800
1405600
1405400
1405200
1405000
1404800
1404600
1404400
1404200
1404000
1403800
1403600
1403400
1403200
1403000
1402800
1402600
1402400
1402200
1402000
1401800
1401600
1401400
1401200
1401000
1400800
1400600
1400400
1400200
1400000
1399800
1399600
1399400
1399200
1399000
1398800
1398600
1398400
1398200
1398000
1397800
1397600
1397400
1397200
1397000
1396800
1396600
1396400
1396200
1396000
1395800
1395600
1395400
1395200
1395000
1394800
1394600
1394400
1394200
1394000
1393800
1393600
1393400
1393200
1393000
1392800
1392600
1392400
1392200
1392000
1391800
1391600
1391400
1391200
1391000
1390800
1390600
1390400
1390200
1390000
1389800
1389600
1389400
1389200
1389000
1388800
1388600
1388400
1388200
1388000
1387800
1387600
1387400
1387200
1387000
1386800
1386600
1386400
1386200
1386000
1385800
1385600
1385400
1385200
1385000
1384800
1384600
1384400
1384200
1384000
1383800
1383600
1383400
1383200
1383000
1382800
1382600
1382400
1382200
1382000
1381800
1381600
1381400
1381200
1381000
1380800
1380600
1380400
1380200
1380000
1379800
1379600
1379400
1379200
1379000
1378800
1378600
1378400
1378200
1378000
1377800
1377600
1377400
1377200
1377000
1376800
1376600
1376400
1376200
1376000
1375800
1375600
1375400
1375200
1375000
1374800
1374600
1374400
1374200
1374000
1373800
1373600
1373400
1373200
1373000
1372800
1372600
1372400
1372200
1372000
1371800
1371600
1371400
1371200
1371000
1370800
1370600
1370400
1370200
1370000
1369800
1369600
1369400
1369200
1369000
1368800
1368600
1368400
1368200
1368000
1367800
1367600
1367400
1367200
1367000
1366800
1366600
1366400
1366200
1366000
1365800
1365600
1365400
1365200
1365000
1364800
1364600
1364400
1364200
1364000
1363800
1363600
1363400
1363200
1363000
1362800
1362600
1362400
1362200
1362000
1361800
1361600
1361400
1361200
1361000
1360800
1360600
1360400
1360200
1360000
1359800
1359600
1359400
1359200
1359000
1358800
1358600
1358400
1358200
1358000
1357800
1357600
1357400
1357200
1357000
1356800
1356600
1356400
1356200
1356000
1355800
1355600
1355400
1355200
1355000
1354800
1354600
1354400
1354200
1354000
1353800
1353600
1353400
1353200
1353000
1352800
1352600
1352400
1352200
1352000
1351800
1351600
1351400
1351200
1351000
1350800
1350600
1350400
1350200
1350000
1349800
1349600
1349400
1349200
1349000
1348800
1348600
1348400
1348200
1348000
1347800
1347600
1347400
1347200
1347000
1346800
1346600
1346400
1346200
1346000
1345800
1345600
1345400
1345200
1345000
1344800
1344600
1344400
1344200
1344000
1343800
1343600
1343400
1343200
1343000
1342800
1342600
1342400
1342200
1342000
1341800
1341600
1341400
1341200
1341000
1340800
1340600
1340400
1340200
1340000
1339800
1339600
1339400
1339200
1339000
1338800
1338600
1338400
1338200
1338000
1337800
1337600
1337400
1337200
1337000
1336800
1336600
1336400
1336200
1336000
1335800
1335600
1335400
1335200
1335000
1334800
1334600
1334400
1334200
1334000
1333800
1333600
1333400
1333200
1333000
1332800
1332600
1332400
1332200
1332000
1331800
1331600
1331400
1331200
1331000
1330800
1330600
1330400
1330200
1330000
1329800
1329600
1329400
1329200
1329000
1328800
1328600
1328400
1328200
1328000
1327800
1327600
1327400
1327200
1327000
1326800
1326600
1326400
1326200
1326000
1325800
1325600
1325400
1325200
1325000
1324800
1324600
1324400
1324200
1324000
1323800
1323600
1323400
1323200
1323000
1322800
1322600
1322400
1322200
1322000
1321800
1321600
1321400
1321200
1321000
1320800
1320600
1320400
1320200
1320000
1319800
1319600
1319400
1319200
1319000
1318800
1318600
1318400
1318200
1318000
1317800
1317600
1317400
1317200
1317000
1316800
1316600
1316400
1316200
1316000
1315800
1315600
1315400
1315200
1315000
1314800
1314600
1314400
1314200
1314000
1313800
1313600
1313400
1313200
1313000
1312800
1312600
1312400
1312200
1312000
1311800
1311600
1311400
1311200
1311000
1310800
1310600
1310400
1310200
1310000
1309800
1309600
1309400
1309200
1309000
1308800
1308600
1308400
1308200
1308000
1307800
1307600
1307400
1307200
1307000
1306800
1306600
1306400
1306200
1306000
1305800
1305600
1305400
1305200
1305000
1304800
1304600
1304400
1304200
1304000
1303800
1303600
1303400
1303200
1303000
1302800
1302600
1302400
1302200
1302000
1301800
1301600
1301400
1301200
1301000
1300800
1300600
1300400
1300200
1300000
1299800
1299600
1299400
1299200
1299000
1298800
1298600
1298400
1298200
1298000
1297800
1297600
1297400
1297200
1297000
1296800
1296600
1296400
1296200
1296000
1295800
1295600
1295400
1295200
1295000
1294800
1294600
1294400
1294200
1294000
1293800
1293600
1293400
1293200
1293000
1292800
1292600
1292400
1292200
1292000
1291800
1291600
1291400
1291200
1291000
1290800
1290600
1290400
1290200
1290000
1289800
1289600
1289400
1289200
1289000
1288800
1288600
1288400
1288200
1288000
1287800
1287600
1287400
1287200
1287000
1286800
1286600
1286400
1286200
1286000
1285800
1285600
1285400
1285200
1285000
1284800
1284600
1284400
1284200
1284000
1283800
1283600
1283400
1283200
1283000
1282800
1282600
1282400
1282200
1282000
1281800
1281600
1281400
1281200
1281000
1280800
1280600
1280400
1280200
1280000
1279800
1279600
1279400
1279200
1279000
1278800
1278600
1278400
1278200
1278000
1277800
1277600
1277400
1277200
1277000
1276800
1276600
1276400
1276200
1276000
1275800
1275600
1275400
1275200
1275000
1274800
1274600
1274400
1274200
1274000
1273800
1273600
1273400
1273200
1273000
1272800
1272600
1272400
1272200
1272000
1271800
1271600
1271400
1271200
1271000
1270800
1270600
1270400
1270200
1270000
1269800
1269600
1269400
1269200
1269000
1268800
1268600
1268400
1268200
1268000
1267800
1267600
1267400
1267200
1267000
1266800
1266600
1266400
1266200
1266000
1265800
1265600
1265400
1265200
1265000
1264800
1264600
1264400
1264200
1264000
1263800
1263600
1263400
1263200
1263000
1262800
1262600
1262400
1262200
1262000
1261800
1261600
1261400
1261200
1261000
1260800
1260600
1260400
1260200
1260000
1259800
1259600
1259400
1259200
1259000
1258800
1258600
1258400
1258200
1258000
1257800
1257600
1257400
1257200
1257000
1256800
1256600
1256400
1256200
1256000
1255800
1255600
1255400
1255200
1255000
1254800
1254600
1254400
1254200
1254000
1253800
1253600
1253400
1253200
1253000
1252800
1252600
1252400
1252200
1252000
1251800
1251600
1251400
1251200
1251000
1250800
1250600
1250400
1250200
1250000
1249800
1249600
1249400
1249200
1249000
1248800
1248600
1248400
1248200
1248000
1247800
1247600
1247400
1247200
1247000
1246800
1246600
1246400
1246200
1246000
1245800
1245600
1245400
1245200
1245000
1244800
1244600
1244400
1244200
1244000
1243800
1243600
1243400
1243200
1243000
1242800
1242600
1242400
1242200
1242000
1241800
1241600
1241400
1241200
1241000
1240800
1240600
1240400
1240200
1240000
1239800
1239600
1239400
1239200
1239000
1238800
1238600
1238400
1238200
1238000
1237800
1237600
1237400
1237200
1237000
1236800
1236600
1236400
1236200
1236000
1235800
1235600
1235400
1235200
1235000
1234800
1234600
1234400
1234200
1234000
1233800
1233600
1233400
1233200
1233000
1232800
1232600
1232400
1232200
1232000
1231800
1231600
1231400
1231200
1231000
1230800
1230600
1230400
1230200
1230000
1229800
1229600
1229400
1229200
1229000
1228800
1228600
1228400
1228200
1228000
1227800
1227600
1227400
1227200
1227000
1226800
1226600
1226400
1226200
1226000
1225800
1225600
1225400
1225200
1225000
1224800
1224600
1224400
1224200
1224000
1223800
1223600
1223400
1223200
1223000
1222800
1222600
1222400
1222200
1222000
1221800
1221600
1221400
1221200
1221000
1220800
1220600
1220400
1220200
1220000
1219800
1219600
1219400
1219200
1219000
1218800
1218600
1218400
1218200
1218000
1217800
1217600
1217400
1217200
1217000
1216800
1216600
1216400
1216200
1216000
1215800
1215600
1215400
1215200
1215000
1214800
1214600
1214400
1214200
1214000
1213800
1213600
1213400
1213200
1213000
1212800
1212600
1212400
1212200
1212000
1211800
1211600
1211400
1211200
1211000
1210800
1210600
1210400
1210200
1210000
1209800
1209600
1209400
1209200
1209000
1208800
1208600
1208400
1208200
1208000
1207800
1207600
1207400
1207200
1207000
1206800
1206600
1206400
1206200
1206000
1205800
1205600
1205400
1205200
1205000
1204800
1204600
1204400
1204200
1204000
1203800
1203600
1203400
1203200
1203000
1202800
1202600
1202400
1202200
1202000
1201800
1201600
1201400
1201200
1201000
1200800
1200600
1200400
1200200
1200000
1199800
1199600
1199400
1199200
1199000
1198800
1198600
1198400
1198200
1198000
1197800
1197600
1197400
1197200
1197000
1196800
1196600
1196400
1196200
1196000
1195800
1195600
1195400
1195200
1195000
1194800
1194600
1194400
1194200
1194000
1193800
1193600
1193400
1193200
1193000
1192800
1192600
1192400
1192200
1192000
1191800
1191600
1191400
1191200
1191000
1190800
1190600
1190400
1190200
1190000
1189800
1189600
1189400
1189200
1189000
1188800
1188600
1188400
1188200
1188000
1187800
1187600
1187400
1187200
1187000
1186800
1186600
1186400
1186200
1186000
1185800
1185600
1185400
1185200
1185000
1184800
1184600
1184400
1184200
1184000
1183800
1183600
1183400
1183200
1183000
1182800
1182600
1182400
1182200
1182000
1181800
1181600
1181400
1181200
1181000
1180800
1180600
1180400
1180200
1180000
1179800
1179600
1179400
1179200
1179000
1178800
1178600
1178400
1178200
1178000
1177800
1177600
1177400
1177200
1177000
1176800
1176600
1176400
1176200
1176000
1175800
1175600
1175400
1175200
1175000
1174800
1174600
1174400
1174200
1174000
1173800
1173600
1173400
1173200
1173000
1172800
1172600
1172400
1172200
1172000
1171800
1171600
1171400
1171200
1171000
1170800
1170600
1170400
1170200
1170000
1169800
1169600
1169400
1169200
1169000
1168800
1168600
1168400
1168200
1168000
1167800
1167600
1167400
1167200
1167000
1166800
1166600
1166400
1166200
1166000
1165800
1165600
1165400
1165200
1165000
1164800
1164600
1164400
1164200
1164000
1163800
1163600
1163400
1163200
1163000
1162800
1162600
1162400
1162200
1162000
1161800
1161600
1161400
1161200
1161000
1160800
1160600
1160400
1160200
1160000
1159800
1159600
1159400
1159200
1159000
1158800
1158600
1158400
1158200
1158000
1157800
1157600
1157400
1157200
1157000
1156800
1156600
1156400
1156200
1156000
1155800
1155600
1155400
1155200
1155000
1154800
1154600
1154400
1154200
1154000
1153800
1153600
1153400
1153200
1153000
1152800
1152600
1152400
1152200
1152000
1151800
1151600
1151400
1151200
1151000
1150800
1150600
1150400
1150200
1150000
1149800
1149600
1149400
1149200
1149000
1148800
1148600
1148400
1148200
1148000
1147800
1147600
1147400
1147200
1147000
1146800
1146600
1146400
1146200
1146000
1145800
1145600
1145400
1145200
1145000
1144800
1144600
1144400
1144200
1144000
1143800
1143600
1143400
1143200
1143000
1142800
1142600
1142400
1142200
1142000
1141800
1141600
1141400
1141200
1141000
1140800
1140600
1140400
1140200
1140000
1139800
1139600
1139400
1139200
1139000
1138800
1138600
1138400
1138200
1138000
1137800
1137600
1137400
1137200
1137000
1136800
1136600
1136400
1136200
1136000
1135800
1135600
1135400
1135200
1135000
1134800
1134600
1134400
1134200
1134000
1133800
1133600
1133400
1133200
1133000
1132800
1132600
1132400
1132200
1132000
1131800
1131600
1131400
1131200
1131000
1130800
1130600
1130400
1130200
1130000
1129800
1129600
1129400
1129200
1129000
1128800
1128600
1128400
1128200
1128000
1127800
1127600
1127400
1127200
1127000
1126800
1126600
1126400
1126200
1126000
1125800
1125600
1125400
1125200
1125000
1124800
1124600
1124400
1124200
1124000
1123800
1123600
1123400
1123200
1123000
1122800
1122600
1122400
1122200
1122000
1121800
1121600
1121400
1121200
1121000
1120800
1120600
1120400
1120200
1120000
1119800
1119600
1119400
1119200
1119000
1118800
1118600
1118400
1118200
1118000
1117800
1117600
1117400
1117200
1117000
1116800
1116600
1116400
1116200
1116000
1115800
1115600
1115400
1115200
1115000
1114800
1114600
1114400
1114200
1114000
1113800
1113600
1113400
1113200
1113000
1112800
1112600
1112400
1112200
1112000
1111800
1111600
1111400
1111200
1111000
1110800
1110600
1110400
1110200
1110000
1109800
1109600
1109400
1109200
1109000
1108800
1108600
1108400
1108200
1108000
1107800
1107600
1107400
1107200
1107000
1106800
1106600
1106400
1106200
1106000
1105800
1105600
1105400
1105200
1105000
1104800
1104600
1104400
1104200
1104000
1103800
1103600
1103400
1103200
1103000
1102800
1102600
1102400
1102200
1102000
1101800
1101600
1101400
1101200
1101000
1100800
1100600
1100400
1100200
1100000
1099800
1099600
1099400
1099200
1099000
1098800
1098600
1098400
1098200
1098000
1097800
1097600
1097400
1097200
1097000
1096800
1096600
1096400
1096200
1096000
1095800
1095600
1095400
1095200
1095000
1094800
1094600
1094400
1094200
1094000
1093800
1093600
1093400
1093200
1093000
1092800
1092600
1092400
1092200
1092000
1091800
1091600
1091400
1091200
1091000
1090800
1090600
1090400
1090200
1090000
1089800
1089600
1089400
1089200
1089000
1088800
1088600
1088400
1088200
1088000
1087800
1087600
1087400
1087200
1087000
1086800
1086600
1086400
1086200
1086000
1085800
1085600
1085400
1085200
1085000
1084800
1084600
1084400
1084200
1084000
1083800
1083600
1083400
1083200
1083000
1082800
1082600
1082400
1082200
1082000
1081800
1081600
1081400
1081200
1081000
1080800
1080600
1080400
1080200
1080000
1079800
1079600
1079400
1079200
1079000
1078800
1078600
1078400
1078200
1078000
1077800
1077600
1077400
1077200
1077000
1076800
1076600
1076400
1076200
1076000
1075800
1075600
1075400
1075200
1075000
1074800
1074600
1074400
1074200
1074000
1073800
1073600
1073400
1073200
1073000
1072800
1072600
1072400
1072200
1072000
1071800
1071600
1071400
1071200
1071000
1070800
1070600
1070400
1070200
1070000
1069800
1069600
1069400
1069200
1069000
1068800
1068600
1068400
1068200
1068000
1067800
1067600
1067400
1067200
1067000
1066800
1066600
1066400
1066200
1066000
1065800
1065600
1065400
1065200
1065000
1064800
1064600
1064400
1064200
1064000
1063800
1063600
1063400
1063200
1063000
1062800
1062600
1062400
1062200
1062000
1061800
1061600
1061400
1061200
1061000
1060800
1060600
1060400
1060200
1060000
1059800
1059600
1059400
1059200
1059000
1058800
1058600
1058400
1058200
1058000
1057800
1057600
1057400
1057200
1057000
1056800
1056600
1056400
1056200
1056000
1055800
1055600
1055400
1055200
1055000
1054800
1054600
1054400
1054200
1054000
1053800
1053600
1053400
1053200
1053000
1052800
1052600
1052400
1052200
1052000
1051800
1051600
1051400
1051200
1051000
1050800
1050600
1050400
1050200
1050000
1049800
1049600
1049400
1049200
1049000
1048800
1048600
1048400
1048200
1048000
1047800
1047600
1047400
1047200
1047000
1046800
1046600
1046400
1046200
1046000
1045800
1045600
1045400
1045200
1045000
1044800
1044600
1044400
1044200
1044000
1043800
1043600
1043400
1043200
1043000
1042800
1042600
1042400
1042200
1042000
1041800
1041600
1041400
1041200
1041000
1040800
1040600
1040400
1040200
1040000
1039800
1039600
1039400
1039200
1039000
1038800
1038600
1038400
1038200
1038000
1037800
1037600
1037400
1037200
1037000
1036800
1036600
1036400
1036200
1036000
1035800
1035600
1035400
1035200
1035000
1034800
1034600
1034400
1034200
1034000
1033800
1033600
1033400
1033200
1033000
1032800
1032600
1032400
1032200
1032000
1031800
1031600
1031400
1031200
1031000
1030800
1030600
1030400
1030200
1030000
1029800
1029600
1029400
1029200
1029000
1028800
1028600
1028400
1028200
1028000
1027800
1027600
1027400
1027200
1027000
1026800
1026600
1026400
1026200
1026000
1025800
1025600
1025400
1025200
1025000
1024800
1024600
1024400
1024200
1024000
1023800
1023600
1023400
1023200
1023000
1022800
1022600
1022400
1022200
1022000
1021800
1021600
1021400
1021200
1021000
1020800
1020600
1020400
1020200
1020000
1019800
1019600
1019400
1019200
1019000
1018800
1018600
1018400
1018200
1018000
1017800
1017600
1017400
1017200
1017000
1016800
1016600
1016400
1016200
1016000
1015800
1015600
1015400
1015200
1015000
1014800
1014600
1014400
1014200
1014000
1013800
1013600
1013400
1013200
1013000
1012800
1012600
1012400
1012200
1012000
1011800
1011600
1011400
1011200
1011000
1010800
1010600
1010400
1010200
1010000
1009800
1009600
1009400
1009200
1009000
1008800
1008600
1008400
1008200
1008000
1007800
1007600
1007400
1007200
1007000
1006800
1006600
1006400
1006200
1006000
1005800
1005600
1005400
1005200
1005000
1004800
1004600
1004400
1004200
1004000
1003800
1003600
1003400
1003200
1003000
1002800
1002600
1002400
1002200
1002000
1001800
1001600
1001400
1001200
1001000
1000800
1000600
1000400
1000200
1000000
999800
999600
999400
999200
999000
998800
998600
998400
998200
998000
997800
997600
997400
997200
997000
996800
996600
996400
996200
996000
995800
995600
995400
995200
995000
994800
994600
994400
994200
994000
993800
993600
993400
993200
993000
992800
992600
992400
992200
992000
991800
991600
991400
991200
991000
990800
990600
990400
990200
990000
989800
989600
989400
989200
989000
988800
988600
988400
988200
988000
987800
987600
987400
987200
987000
986800
986600
986400
986200
986000
985800
985600
985400
985200
985000
984800
984600
984400
984200
984000
983800
983600
983400
983200
983000
982800
982600
982400
982200
982000
981800
981600
981400
981200
981000
980800
980600
980400
980200
980000
979800
979600
979400
979200
979000
978800
978600
978400
978200
978000
977800
977600
977400
977200
977000
976800
976600
976400
976200
976000
975800
975600
975400
975200
975000
974800
974600
974400
974200
974000
973800
973600
973400
973200
973000
972800
972600
972400
972200
972000
971800
971600
971400
971200
971000
970800
970600
970400
970200
970000
969800
969600
969400
969200
969000
968800
968600
968400
968200
968000
967800
967600
967400
967200
967000
966800
966600
966400
966200
966000
965800
965600
965400
965200
965000
964800
964600
964400
964200
964000
963800
963600
963400
963200
963000
962800
962600
962400
962200
962000
961800
961600
961400
961200
961000
960800
960600
960400
960200
960000
959800
959600
959400
959200
959000
958800
958600
958400
958200
958000
957800
957600
957400
957200
957000
956800
956600
956400
956200
956000
955800
955600
955400
955200
955000
954800
954600
954400
954200
954000
953800
953600
953400
953200
953000
952800
952600
952400
952200
952000
951800
951600
951400
951200
951000
950800
950600
950400
950200
950000
949800
949600
949400
949200
949000
948800
948600
948400
948200
948000
947800
947600
947400
947200
947000
946800
946600
946400
946200
946000
945800
945600
945400
945200
945000
944800
944600
944400
944200
944000
943800
943600
943400
943200
943000
942800
942600
942400
942200
942000
941800
941600
941400
941200
941000
940800
940600
940400
940200
940000
939800
939600
939400
939200
939000
938800
938600
938400
938200
938000
937800
937600
937400
937200
937000
936800
936600
936400
936200
936000
935800
935600
935400
935200
935000
934800
934600
934400
934200
934000
933800
933600
933400
933200
933000
932800
932600
932400
932200
932000
931800
931600
931400
931200
931000
930800
930600
930400
930200
930000
929800
929600
929400
929200
929000
928800
928600
928400
928200
928000
927800
927600
927400
927200
927000
926800
926600
926400
926200
926000
925800
925600
925400
925200
925000
924800
924600
924400
924200
924000
923800
923600
923400
923200
923000
922800
922600
922400
922200
922000
921800
921600
921400
921200
921000
920800
920600
920400
920200
920000
919800
919600
919400
919200
919000
918800
918600
918400
918200
918000
917800
917600
917400
917200
917000
916800
916600
916400
916200
916000
915800
915600
915400
915200
915000
914800
914600
914400
914200
914000
913800
913600
913400
913200
913000
912800
912600
912400
912200
912000
911800
911600
911400
911200
911000
910800
910600
910400
910200
910000
909800
909600
909400
909200
909000
908800
908600
908400
908200
908000
907800
907600
907400
907200
907000
906800
906600
906400
906200
906000
905800
905600
905400
905200
905000
904800
904600
904400
904200
904000
903800
903600
903400
903200
903000
902800
902600
902400
902200
902000
901800
901600
901400
901200
901000
900800
900600
900400
900200
900000
899800
899600
899400
899200
899000
898800
898600
898400
898200
898000
897800
897600
897400
897200
897000
896800
896600
896400
896200
896000
895800
895600
895400
895200
895000
894800
894600
894400
894200
894000
893800
893600
893400
893200
893000
892800
892600
892400
892200
892000
891800
891600
891400
891200
891000
890800
890600
890400
890200
890000
889800
889600
889400
889200
889000
888800
888600
888400
888200
888000
887800
887600
887400
887200
887000
886800
886600
886400
886200
886000
885800
885600
885400
885200
885000
884800
884600
884400
884200
884000
883800
883600
883400
883200
883000
882800
882600
882400
882200
882000
881800
881600
881400
881200
881000
880800
880600
880400
880200
880000
879800
879600
879400
879200
879000
878800
878600
878400
878200
878000
877800
877600
877400
877200
877000
876800
876600
876400
876200
876000
875800
875600
875400
875200
875000
874800
874600
874400
874200
874000
873800
873600
873400
873200
873000
872800
872600
872400
872200
872000
871800
871600
871400
871200
871000
870800
870600
870400
870200
870000
869800
869600
869400
869200
869000
868800
868600
868400
868200
868000
867800
867600
867400
867200
867000
866800
866600
866400
866200
866000
865800
865600
865400
865200
865000
864800
864600
864400
864200
864000
863800
863600
863400
863200
863000
862800
862600
862400
862200
862000
861800
861600
861400
861200
861000
860800
860600
860400
860200
860000
859800
859600
859400
859200
859000
858800
858600
858400
858200
858000
857800
857600
857400
857200
857000
856800
856600
856400
856200
856000
855800
855600
855400
855200
855000
854800
854600
854400
854200
854000
853800
853600
853400
853200
853000
852800
852600
852400
852200
852000
851800
851600
851400
851200
851000
850800
850600
850400
850200
850000
849800
849600
849400
849200
849000
848800
848600
848400
848200
848000
847800
847600
847400
847200
847000
846800
846600
846400
846200
846000
845800
845600
845400
845200
845000
844800
844600
844400
844200
844000
843800
843600
843400
843200
843000
842800
842600
842400
842200
842000
841800
841600
841400
841200
841000
840800
840600
840400
840200
840000
839800
839600
839400
839200
839000
838800
838600
838400
838200
838000
837800
837600
837400
837200
837000
836800
836600
836400
836200
836000
835800
835600
835400
835200
835000
834800
834600
834400
834200
834000
833800
833600
833400
833200
833000
832800
832600
832400
832200
832000
831800
831600
831400
831200
831000
830800
830600
830400
830200
830000
829800
829600
829400
829200
829000
828800
828600
828400
828200
828000
827800
827600
827400
827200
827000
826800
826600
826400
826200
826000
825800
825600
825400
825200
825000
824800
824600
824400
824200
824000
823800
823600
823400
823200
823000
822800
822600
822400
822200
822000
821800
821600
821400
821200
821000
820800
820600
820400
820200
820000
819800
819600
819400
819200
819000
818800
818600
818400
818200
818000
817800
817600
817400
817200
817000
816800
816600
816400
816200
816000
815800
815600
815400
815200
815000
814800
814600
814400
814200
814000
813800
813600
813400
813200
813000
812800
812600
812400
812200
812000
811800
811600
811400
811200
811000
810800
810600
810400
810200
810000
809800
809600
809400
809200
809000
808800
808600
808400
808200
808000
807800
807600
807400
807200
807000
806800
806600
806400
806200
806000
805800
805600
805400
805200
805000
804800
804600
804400
804200
804000
803800
803600
803400
803200
803000
802800
802600
802400
802200
802000
801800
801600
801400
801200
801000
800800
800600
800400
800200
800000
799800
799600
799400
799200
799000
798800
798600
798400
798200
798000
797800
797600
797400
797200
797000
796800
796600
796400
796200
796000
795800
795600
795400
795200
795000
794800
794600
794400
794200
794000
793800
793600
793400
793200
793000
792800
792600
792400
792200
792000
791800
791600
791400
791200
791000
790800
790600
790400
790200
790000
789800
789600
789400
789200
789000
788800
788600
788400
788200
788000
787800
787600
787400
787200
787000
786800
786600
786400
786200
786000
785800
785600
785400
785200
785000
784800
784600
784400
784200
784000
783800
783600
783400
783200
783000
782800
782600
782400
782200
782000
781800
781600
781400
781200
781000
780800
780600
780400
780200
780000
779800
779600
779400
779200
779000
778800
778600
778400
778200
778000
777800
777600
777400
777200
777000
776800
776600
776400
776200
776000
775800
775600
775400
775200
775000
774800
774600
774400
774200
774000
773800
773600
773400
773200
773000
772800
772600
772400
772200
772000
771800
771600
771400
771200
771000
770800
770600
770400
770200
770000
769800
769600
769400
769200
769000
768800
768600
768400
768200
768000
767800
767600
767400
767200
767000
766800
766600
766400
766200
766000
765800
765600
765400
765200
765000
764800
764600
764400
764200
764000
763800
763600
763400
763200
763000
762800
762600
762400
762200
762000
761800
761600
761400
761200
761000
760800
760600
760400
760200
760000
759800
759600
759400
759200
759000
758800
758600
758400
758200
758000
757800
757600
757400
757200
757000
756800
756600
756400
756200
756000
755800
755600
755400
755200
755000
754800
754600
754400
754200
754000
753800
753600
753400
753200
753000
752800
752600
752400
752200
752000
751800
751600
751400
751200
751000
750800
750600
750400
750200
750000
749800
749600
749400
749200
749000
748800
748600
748400
748200
748000
747800
747600
747400
747200
747000
746800
746600
746400
746200
746000
745800
745600
745400
745200
745000
744800
744600
744400
744200
744000
743800
743600
743400
743200
743000
742800
742600
742400
742200
742000
741800
741600
741400
741200
741000
740800
740600
740400
740200
740000
739800
739600
739400
739200
739000
738800
738600
738400
738200
738000
737800
737600
737400
737200
737000
736800
736600
736400
736200
736000
735800
735600
735400
735200
735000
734800
734600
734400
734200
734000
733800
733600
733400
733200
733000
732800
732600
732400
732200
732000
731800
731600
731400
731200
731000
730800
730600
730400
730200
730000
729800
729600
729400
729200
729000
728800
728600
728400
728200
728000
727800
727600
727400
727200
727000
726800
726600
726400
726200
726000
725800
725600
725400
725200
725000
724800
724600
724400
724200
724000
723800
723600
723400
723200
723000
722800
722600
722400
722200
722000
721800
721600
721400
721200
721000
720800
720600
720400
720200
720000
719800
719600
719400
719200
719000
718800
718600
718400
718200
718000
717800
717600
717400
717200
717000
716800
716600
716400
716200
716000
715800
715600
715400
715200
715000
714800
714600
714400
714200
714000
713800
713600
713400
713200
713000
712800
712600
712400
712200
712000
711800
711600
711400
711200
711000
710800
710600
710400
710200
710000
709800
709600
709400
709200
709000
708800
708600
708400
708200
708000
707800
707600
707400
707200
707000
706800
706600
706400
706200
706000
705800
705600
705400
705200
705000
704800
704600
704400
704200
704000
703800
703600
703400
703200
703000
702800
702600
702400
702200
702000
701800
701600
701400
701200
701000
700800
700600
700400
700200
700000
699800
699600
699400
699200
699000
698800
698600
698400
698200
698000
697800
697600
697400
697200
697000
696800
696600
696400
696200
696000
695800
695600
695400
695200
695000
694800
694600
694400
694200
694000
693800
693600
693400
693200
693000
692800
692600
692400
692200
692000
691800
691600
691400
691200
691000
690800
690600
690400
690200
690000
689800
689600
689400
689200
689000
688800
688600
688400
688200
688000
687800
687600
687400
687200
687000
686800
686600
686400
686200
686000
685800
685600
685400
685200
685000
684800
684600
684400
684200
684000
683800
683600
683400
683200
683000
682800
682600
682400
682200
682000
681800
681600
681400
681200
681000
680800
680600
680400
680200
680000
679800
679600
679400
679200
679000
678800
678600
678400
678200
678000
677800
677600
677400
677200
677000
676800
676600
676400
676200
676000
675800
675600
675400
675200
675000
674800
674600
674400
674200
674000
673800
673600
673400
673200
673000
672800
672600
672400
672200
672000
671800
671600
671400
671200
671000
670800
670600
670400
670200
670000
669800
669600
669400
669200
669000
668800
668600
668400
668200
668000
667800
667600
667400
667200
667000
666800
666600
666400
666200
666000
665800
665600
665400
665200
665000
664800
664600
664400
664200
664000
663800
663600
663400
663200
663000
662800
662600
662400
662200
662000
661800
661600
661400
661200
661000
660800
660600
660400
660200
660000
659800
659600
659400
659200
659000
658800
658600
658400
658200
658000
657800
657600
657400
657200
657000
656800
656600
656400
656200
656000
655800
655600
655400
655200
655000
654800
654600
654400
654200
654000
653800
653600
653400
653200
653000
652800
652600
652400
652200
652000
651800
651600
651400
651200
651000
650800
650600
650400
650200
650000
649800
649600
649400
649200
649000
648800
648600
648400
648200
648000
647800
647600
647400
647200
647000
646800
646600
646400
646200
646000
645800
645600
645400
645200
645000
644800
644600
644400
644200
644000
643800
643600
643400
643200
643000
642800
642600
642400
642200
642000
641800
641600
641400
641200
641000
640800
640600
640400
640200
640000
639800
639600
639400
639200
639000
638800
638600
638400
638200
638000
637800
637600
637400
637200
637000
636800
636600
636400
636200
636000
635800
635600
635400
635200
635000
634800
634600
634400
634200
634000
633800
633600
633400
633200
633000
632800
632600
632400
632200
632000
631800
631600
631400
631200
631000
630800
630600
630400
630200
630000
629800
629600
629400
629200
629000
628800
628600
628400
628200
628000
627800
627600
627400
627200
627000
626800
626600
626400
626200
626000
625800
625600
625400
625200
625000
624800
624600
624400
624200
624000
623800
623600
623400
623200
623000
622800
622600
622400
622200
622000
621800
621600
621400
621200
621000
620800
620600
620400
620200
620000
619800
619600
619400
619200
619000
618800
618600
618400
618200
618000
617800
617600
617400
617200
617000
616800
616600
616400
616200
616000
615800
615600
615400
615200
615000
614800
614600
614400
614200
614000
613800
613600
613400
613200
613000
612800
612600
612400
612200
612000
611800
611600
611400
611200
611000
610800
610600
610400
610200
610000
609800
609600
609400
609200
609000
608800
608600
608400
608200
608000
607800
607600
607400
607200
607000
606800
606600
606400
606200
606000
605800
605600
605400
605200
605000
604800
604600
604400
604200
604000
603800
603600
603400
603200
603000
602800
602600
602400
602200
602000
601800
601600
601400
601200
601000
600800
600600
600400
600200
600000
599800
599600
599400
599200
599000
598800
598600
598400
598200
598000
597800
597600
597400
597200
597000
596800
596600
596400
596200
596000
595800
595600
595400
595200
595000
594800
594600
594400
594200
594000
593800
593600
593400
593200
593000
592800
592600
592400
592200
592000
591800
591600
591400
591200
591000
590800
590600
590400
590200
590000
589800
589600
589400
589200
589000
588800
588600
588400
588200
588000
587800
587600
587400
587200
587000
586800
586600
586400
586200
586000
585800
585600
585400
585200
585000
584800
584600
584400
584200
584000
583800
583600
583400
583200
583000
582800
582600
582400
582200
582000
581800
581600
581400
581200
581000
580800
580600
580400
580200
580000
579800
579600
579400
579200
579000
578800
578600
578400
578200
578000
577800
577600
577400
577200
577000
576800
576600
576400
576200
576000
575800
575600
575400
575200
575000
574800
574600
574400
574200
574000
573800
573600
573400
573200
573000
572800
572600
572400
572200
572000
571800
571600
571400
571200
571000
570800
570600
570400
570200
570000
569800
569600
569400
569200
569000
568800
568600
568400
568200
568000
567800
567600
567400
567200
567000
566800
566600
566400
566200
566000
565800
565600
565400
565200
565000
564800
564600
564400
564200
564000
563800
563600
563400
563200
563000
562800
562600
562400
562200
562000
561800
561600
561400
561200
561000
560800
560600
560400
560200
560000
559800
559600
559400
559200
559000
558800
558600
558400
558200
558000
557800
557600
557400
557200
557000
556800
556600
556400
556200
556000
555800
555600
555400
555200
555000
554800
554600
554400
554200
554000
553800
553600
553400
553200
553000
552800
552600
552400
552200
552000
551800
551600
551400
551200
551000
550800
550600
550400
550200
550000
549800
549600
549400
549200
549000
548800
548600
548400
548200
548000
547800
547600
547400
547200
547000
546800
546600
546400
546200
546000
545800
545600
545400
545200
545000
544800
544600
544400
544200
544000
543800
543600
543400
543200
543000
542800
542600
542400
542200
542000
541800
541600
541400
541200
541000
540800
540600
540400
540200
540000
539800
539600
539400
539200
539000
538800
538600
538400
538200
538000
537800
537600
537400
537200
537000
536800
536600
536400
536200
536000
535800
535600
535400
535200
535000
534800
534600
534400
534200
534000
533800
533600
533400
533200
533000
532800
532600
532400
532200
532000
531800
531600
531400
531200
531000
530800
530600
530400
530200
530000
529800
529600
529400
529200
529000
528800
528600
528400
528200
528000
527800
527600
527400
527200
527000
526800
526600
526400
526200
526000
525800
525600
525400
525200
525000
524800
524600
524400
524200
524000
523800
523600
523400
523200
523000
522800
522600
522400
522200
522000
521800
521600
521400
521200
521000
520800
520600
520400
520200
520000
519800
519600
519400
519200
519000
518800
518600
518400
518200
518000
517800
517600
517400
517200
517000
516800
516600
516400
516200
516000
515800
515600
515400
515200
515000
514800
514600
514400
514200
514000
513800
513600
513400
513200
513000
512800
512600
512400
512200
512000
511800
511600
511400
511200
511000
510800
510600
510400
510200
510000
509800
509600
509400
509200
509000
508800
508600
508400
508200
508000
507800
507600
507400
507200
507000
506800
506600
506400
506200
506000
505800
505600
505400
505200
505000
504800
504600
504400
504200
504000
503800
503600
503400
503200
503000
502800
502600
502400
502200
502000
501800
501600
501400
501200
501000
500800
500600
500400
500200
500000
499800
499600
499400
499200
499000
498800
498600
498400
498200
498000
497800
497600
497400
497200
497000
496800
496600
496400
496200
496000
495800
495600
495400
495200
495000
494800
494600
494400
494200
494000
493800
493600
493400
493200
493000
492800
492600
492400
492200
492000
491800
491600
491400
491200
491000
490800
490600
490400
490200
490000
489800
489600
489400
489200
489000
488800
488600
488400
488200
488000
487800
487600
487400
487200
487000
486800
486600
486400
486200
486000
485800
485600
485400
485200
485000
484800
484600
484400
484200
484000
483800
483600
483400
483200
483000
482800
482600
482400
482200
482000
481800
481600
481400
481200
481000
480800
480600
480400
480200
480000
479800
479600
479400
479200
479000
478800
478600
478400
478200
478000
477800
477600
477400
477200
477000
476800
476600
476400
476200
476000
475800
475600
475400
475200
475000
474800
474600
474400
474200
474000
473800
473600
473400
473200
473000
472800
472600
472400
472200
472000
471800
471600
471400
471200
471000
470800
470600
470400
470200
470000
469800
469600
469400
469200
469000
468800
468600
468400
468200
468000
467800
467600
467400
467200
467000
466800
466600
466400
466200
466000
465800
465600
465400
465200
465000
464800
464600
464400
464200
464000
463800
463600
463400
463200
463000
462800
462600
462400
462200
462000
461800
461600
461400
461200
461000
460800
460600
460400
460200
460000
459800
459600
459400
459200
459000
458800
458600
458400
458200
458000
457800
457600
457400
457200
457000
456800
456600
456400
456200
456000
455800
455600
455400
455200
455000
454800
454600
454400
454200
454000
453800
453600
453400
453200
453000
452800
452600
452400
452200
452000
451800
451600
451400
451200
451000
450800
450600
450400
450200
450000
449800
449600
449400
449200
449000
448800
448600
448400
448200
448000
447800
447600
447400
447200
447000
446800
446600
446400
446200
446000
445800
445600
445400
445200
445000
444800
444600
444400
444200
444000
443800
443600
443400
443200
443000
442800
442600
442400
442200
442000
441800
441600
441400
441200
441000
440800
440600
440400
440200
440000
439800
439600
439400
439200
439000
438800
438600
438400
438200
438000
437800
437600
437400
437200
437000
436800
436600
436400
436200
436000
435800
435600
435400
435200
435000
434800
434600
434400
434200
434000
433800
433600
433400
433200
433000
432800
432600
432400
432200
432000
431800
431600
431400
431200
431000
430800
430600
430400
430200
430000
429800
429600
429400
429200
429000
428800
428600
428400
428200
428000
427800
427600
427400
427200
427000
426800
426600
426400
426200
426000
425800
425600
425400
425200
425000
424800
424600
424400
424200
424000
423800
423600
423400
423200
423000
422800
422600
422400
422200
422000
421800
421600
421400
421200
421000
420800
420600
420400
420200
420000
419800
419600
419400
419200
419000
418800
418600
418400
418200
418000
417800
417600
417400
417200
417000
416800
416600
416400
416200
416000
415800
415600
415400
415200
415000
414800
414600
414400
414200
414000
413800
413600
413400
413200
413000
412800
412600
412400
412200
412000
411800
411600
411400
411200
411000
410800
410600
410400
410200
410000
409800
409600
409400
409200
409000
408800
408600
408400
408200
408000
407800
407600
407400
407200
407000
406800
406600
406400
406200
406000
405800
405600
405400
405200
405000
404800
404600
404400
404200
404000
403800
403600
403400
403200
403000
402800
402600
402400
402200
402000
401800
401600
401400
401200
401000
400800
400600
400400
400200
400000
399800
399600
399400
399200
399000
398800
398600
398400
398200
398000
397800
397600
397400
397200
397000
396800
396600
396400
396200
396000
395800
395600
395400
395200
395000
394800
394600
394400
394200
394000
393800
393600
393400
393200
393000
392800
392600
392400
392200
392000
391800
391600
391400
391200
391000
390800
390600
390400
390200
390000
389800
389600
389400
389200
389000
388800
388600
388400
388200
388000
387800
387600
387400
387200
387000
386800
386600
386400
386200
386000
385800
385600
385400
385200
385000
384800
384600
384400
384200
384000
383800
383600
383400
383200
383000
382800
382600
382400
382200
382000
381800
381600
381400
381200
381000
380800
380600
380400
380200
380000
379800
379600
379400
379200
379000
378800
378600
378400
378200
378000
377800
377600
377400
377200
377000
376800
376600
376400
376200
376000
375800
375600
375400
375200
375000
374800
374600
374400
374200
374000
373800
373600
373400
373200
373000
372800
372600
372400
372200
372000
371800
371600
371400
371200
371000
370800
370600
370400
370200
370000
369800
369600
369400
369200
369000
368800
368600
368400
368200
368000
367800
367600
367400
367200
367000
366800
366600
366400
366200
366000
365800
365600
365400
365200
365000
364800
364600
364400
364200
364000
363800
363600
363400
363200
363000
362800
362600
362400
362200
362000
361800
361600
361400
361200
361000
360800
360600
360400
360200
360000
359800
359600
359400
359200
359000
358800
358600
358400
358200
358000
357800
357600
357400
357200
357000
356800
356600
356400
356200
356000
355800
355600
355400
355200
355000
354800
354600
354400
354200
354000
353800
353600
353400
353200
353000
352800
352600
352400
352200
352000
351800
351600
351400
351200
351000
350800
350600
350400
350200
350000
349800
349600
349400
349200
349000
348800
348600
348400
348200
348000
347800
347600
347400
347200
347000
346800
346600
346400
346200
346000
345800
345600
345400
345200
345000
344800
344600
344400
344200
344000
343800
343600
343400
343200
343000
342800
342600
342400
342200
342000
341800
341600
341400
341200
341000
340800
340600
340400
340200
340000
339800
339600
339400
339200
339000
338800
338600
338400
338200
338000
337800
337600
337400
337200
337000
336800
336600
336400
336200
336000
335800
335600
335400
335200
335000
334800
334600
334400
334200
334000
333800
333600
333400
333200
333000
332800
332600
332400
332200
332000
331800
331600
331400
331200
331000
330800
330600
330400
330200
330000
329800
329600
329400
329200
329000
328800
328600
328400
328200
328000
327800
327600
327400
327200
327000
326800
326600
326400
326200
326000
325800
325600
325400
325200
325000
324800
324600
324400
324200
324000
323800
323600
323400
323200
323000
322800
322600
322400
322200
322000
321800
321600
321400
321200
321000
320800
320600
320400
320200
320000
319800
319600
319400
319200
319000
318800
318600
318400
318200
318000
317800
317600
317400
317200
317000
316800
316600
316400
316200
316000
315800
315600
315400
315200
315000
314800
314600
314400
314200
314000
313800
313600
313400
313200
313000
312800
312600
312400
312200
312000
311800
311600
311400
311200
311000
310800
310600
310400
310200
310000
309800
309600
309400
309200
309000
308800
308600
308400
308200
308000
307800
307600
307400
307200
307000
306800
306600
306400
306200
306000
305800
305600
305400
305200
305000
304800
304600
304400
304200
304000
303800
303600
303400
303200
303000
302800
302600
302400
302200
302000
301800
301600
301400
301200
301000
300800
300600
300400
300200
300000
299800
299600
299400
299200
299000
298800
298600
298400
298200
298000
297800
297600
297400
297200
297000
296800
296600
296400
296200
296000
295800
295600
295400
295200
295000
294800
294600
294400
294200
294000
293800
293600
293400
293200
293000
292800
292600
292400
292200
292000
291800
291600
291400
291200
291000
290800
290600
290400
290200
290000
289800
289600
289400
289200
289000
288800
288600
288400
288200
288000
287800
287600
287400
287200
287000
286800
286600
286400
286200
286000
285800
285600
285400
285200
285000
284800
284600
284400
284200
284000
283800
283600
283400
283200
283000
282800
282600
282400
282200
282000
281800
281600
281400
281200
281000
280800
280600
280400
280200
280000
279800
279600
279400
279200
279000
278800
278600
278400
278200
278000
277800
277600
277400
277200
277000
276800
276600
276400
276200
276000
275800
275600
275400
275200
275000
274800
274600
274400
274200
274000
273800
273600
273400
273200
273000
272800
272600
272400
272200
272000
271800
271600
271400
271200
271000
270800
270600
270400
270200
270000
269800
269600
269400
269200
269000
268800
268600
268400
268200
268000
267800
267600
267400
267200
267000
266800
266600
266400
266200
266000
265800
265600
265400
265200
265000
264800
264600
264400
264200
264000
263800
263600
263400
263200
263000
262800
262600
262400
262200
262000
261800
261600
261400
261200
261000
260800
260600
260400
260200
260000
259800
259600
259400
259200
259000
258800
258600
258400
258200
258000
257800
257600
257400
257200
257000
256800
256600
256400
256200
256000
255800
255600
255400
255200
255000
254800
254600
254400
254200
254000
253800
253600
253400
253200
253000
252800
252600
252400
252200
252000
251800
251600
251400
251200
251000
250800
250600
250400
250200
250000
249800
249600
249400
249200
249000
248800
248600
248400
248200
248000
247800
247600
247400
247200
247000
246800
246600
246400
246200
246000
245800
245600
245400
245200
245000
244800
244600
244400
244200
244000
243800
243600
243400
243200
243000
242800
242600
242400
242200
242000
241800
241600
241400
241200
241000
240800
240600
240400
240200
240000
239800
239600
239400
239200
239000
238800
238600
238400
238200
238000
237800
237600
237400
237200
237000
236800
236600
236400
236200
236000
235800
235600
235400
235200
235000
234800
234600
234400
234200
234000
233800
233600
233400
233200
233000
232800
232600
232400
232200
232000
231800
231600
231400
231200
231000
230800
230600
230400
230200
230000
229800
229600
229400
229200
229000
228800
228600
228400
228200
228000
227800
227600
227400
227200
227000
226800
226600
226400
226200
226000
225800
225600
225400
225200
225000
224800
224600
224400
224200
224000
223800
223600
223400
223200
223000
222800
222600
222400
222200
222000
221800
221600
221400
221200
221000
220800
220600
220400
220200
220000
219800
219600
219400
219200
219000
218800
218600
218400
218200
218000
217800
217600
217400
217200
217000
216800
216600
216400
216200
216000
215800
215600
215400
215200
215000
214800
214600
214400
214200
214000
213800
213600
213400
213200
213000
212800
212600
212400
212200
212000
211800
211600
211400
211200
211000
210800
210600
210400
210200
210000
209800
209600
209400
209200
209000
208800
208600
208400
208200
208000
207800
207600
207400
207200
207000
206800
206600
206400
206200
206000
205800
205600
205400
205200
205000
204800
204600
204400
204200
204000
203800
203600
203400
203200
203000
202800
202600
202400
202200
202000
201800
201600
201400
201200
201000
200800
200600
200400
200200
200000
199800
199600
199400
199200
199000
198800
198600
198400
198200
198000
197800
197600
197400
197200
197000
196800
196600
196400
196200
196000
195800
195600
195400
195200
195000
194800
194600
194400
194200
194000
193800
193600
193400
193200
193000
192800
192600
192400
192200
192000
191800
191600
191400
191200
191000
190800
190600
190400
190200
190000
189800
189600
189400
189200
189000
188800
188600
188400
188200
188000
187800
187600
187400
187200
187000
186800
186600
186400
186200
186000
185800
185600
185400
185200
185000
184800
184600
184400
184200
184000
183800
183600
183400
183200
183000
182800
182600
182400
182200
182000
181800
181600
181400
181200
181000
180800
180600
180400
180200
180000
179800
179600
179400
179200
179000
178800
178600
178400
178200
178000
177800
177600
177400
177200
177000
176800
176600
176400
176200
176000
175800
175600
175400
175200
175000
174800
174600
174400
174200
174000
173800
173600
173400
173200
173000
172800
172600
172400
172200
172000
171800
171600
171400
171200
171000
170800
170600
170400
170200
170000
169800
169600
169400
169200
169000
168800
168600
168400
168200
168000
167800
167600
167400
167200
167000
166800
166600
166400
166200
166000
165800
165600
165400
165200
165000
164800
164600
164400
164200
164000
163800
163600
163400
163200
163000
162800
162600
162400
162200
162000
161800
161600
161400
161200
161000
160800
160600
160400
160200
160000
159800
159600
159400
159200
159000
158800
158600
158400
158200
158000
157800
157600
157400
157200
157000
156800
156600
156400
156200
156000
155800
155600
155400
155200
155000
154800
154600
154400
154200
154000
153800
153600
153400
153200
153000
152800
152600
152400
152200
152000
151800
151600
151400
151200
151000
150800
150600
150400
150200
150000
149800
149600
149400
149200
149000
148800
148600
148400
148200
148000
147800
147600
147400
147200
147000
146800
146600
146400
146200
146000
145800
145600
145400
145200
145000
144800
144600
144400
144200
144000
143800
143600
143400
143200
143000
142800
142600
142400
142200
142000
141800
141600
141400
141200
141000
140800
140600
140400
140200
140000
139800
139600
139400
139200
139000
138800
138600
138400
138200
138000
137800
137600
137400
137200
137000
136800
136600
136400
136200
136000
135800
135600
135400
135200
135000
134800
134600
134400
134200
134000
133800
133600
133400
133200
133000
132800
132600
132400
132200
132000
131800
131600
131400
131200
131000
130800
130600
130400
130200
130000
129800
129600
129400
129200
129000
128800
128600
128400
128200
128000
127800
127600
127400
127200
127000
126800
126600
126400
126200
126000
125800
125600
125400
125200
125000
124800
124600
124400
124200
124000
123800
123600
123400
123200
123000
122800
122600
122400
122200
122000
121800
121600
121400
121200
121000
120800
120600
120400
120200
120000
119800
119600
119400
119200
119000
118800
118600
118400
118200
118000
117800
117600
117400
117200
117000
116800
116600
116400
116200
116000
115800
115600
115400
115200
115000
114800
114600
114400
114200
114000
113800
113600
113400
113200
113000
112800
112600
112400
112200
112000
111800
111600
111400
111200
111000
110800
110600
110400
110200
110000
109800
109600
109400
109200
109000
108800
108600
108400
108200
108000
107800
107600
107400
107200
107000
106800
106600
106400
106200
106000
105800
105600
105400
105200
105000
104800
104600
104400
104200
104000
103800
103600
103400
103200
103000
102800
102600
102400
102200
102000
101800
101600
101400
101200
101000
100800
100600
100400
100200
100000
99800
99600
99400
99200
99000
98800
98600
98400
98200
98000
97800
97600
97400
97200
97000
96800
96600
96400
96200
96000
95800
95600
95400
95200
95000
94800
94600
94400
94200
94000
93800
93600
93400
93200
93000
92800
92600
92400
92200
92000
91800
91600
91400
91200
91000
90800
90600
90400
90200
90000
89800
89600
89400
89200
89000
88800
88600
88400
88200
88000
87800
87600
87400
87200
87000
86800
86600
86400
86200
86000
85800
85600
85400
85200
85000
84800
84600
84400
84200
84000
83800
83600
83400
83200
83000
82800
82600
82400
82200
82000
81800
81600
81400
81200
81000
80800
80600
80400
80200
80000
79800
79600
79400
79200
79000
78800
78600
78400
78200
78000
77800
77600
77400
77200
77000
76800
76600
76400
76200
76000
75800
75600
75400
75200
75000
74800
74600
74400
74200
74000
73800
73600
73400
73200
73000
72800
72600
72400
72200
72000
71800
71600
71400
71200
71000
70800
70600
70400
70200
70000
69800
69600
69400
69200
69000
68800
68600
68400
68200
68000
67800
67600
67400
67200
67000
66800
66600
66400
66200
66000
65800
65600
65400
65200
65000
64800
64600
64400
64200
64000
63800
63600
63400
63200
63000
62800
62600
62400
62200
62000
61800
61600
61400
61200
61000
60800
60600
60400
60200
60000
59800
59600
59400
59200
59000
58800
58600
58400
58200
58000
57800
57600
57400
57200
57000
56800
56600
56400
56200
56000
55800
55600
55400
55200
55000
54800
54600
54400
54200
54000
53800
53600
53400
53200
53000
52800
52600
52400
52200
52000
51800
51600
51400
51200
51000
50800
50600
50400
50200
50000
49800
49600
49400
49200
49000
48800
48600
48400
48200
48000
47800
47600
47400
47200
47000
46800
46600
46400
46200
46000
45800
45600
45400
45200
45000
44800
44600
44400
44200
44000
43800
43600
43400
43200
43000
42800
42600
42400
42200
42000
41800
41600
41400
41200
41000
40800
40600
40400
40200
40000
39800
39600
39400
39200
39000
38800
38600
38400
38200
38000
37800
37600
37400
37200
37000
36800
36600
36400
36200
36000
35800
35600
35400
35200
35000
34800
34600
34400
34200
34000
33800
33600
33400
33200
33000
32800
32600
32400
32200
32000
31800
31600
31400
31200
31000
30800
30600
30400
30200
30000
29800
29600
29400
29200
29000
28800
28600
28400
28200
28000
27800
27600
27400
27200
27000
26800
26600
26400
26200
26000
25800
25600
25400
25200
25000
24800
24600
24400
24200
24000
23800
23600
23400
23200
23000
22800
22600
22400
22200
22000
21800
21600
21400
21200
21000
20800
20600
20400
20200
20000
19800
19600
19400
19200
19000
18800
18600
18400
18200
18000
17800
17600
17400
17200
17000
16800
16600
16400
16200
16000
15800
15600
15400
15200
15000
14800
14600
14400
14200
14000
13800
13600
13400
13200
13000
12800
12600
12400
12200
12000
11800
11600
11400
11200
11000
10800
10600
10400
10200
10000
9800
9600
9400
9200
9000
8800
8600
8400
8200
8000
7800
7600
7400
7200
7000
6800
6600
6400
6200
6000
5800
5600
5400
5200
5000
4800
4600
4400
4200
4000
3800
3600
3400
3200
3000
2800
2600
2400
2200
2000
1800
1600
1400
1200
1000
800
600
400
200
