10000
418472
568642
571355
1244716
67963
37907
346532
457317
349752
205795
1166791
700934
1336528
1350152
1114724
1887773
875530
402929
952898
971696
1314868
1307419
1039578
798587
766610
1512800
1107802
1579863
952214
888928
361623
466992
1497840
874576
1753191
103647
679822
1577794
1634816
499011
1085231
1064081
594487
200068
497608
309941
1819849
867049
1567814
794259
897154
857774
1110390
421862
202151
64737
511531
1672146
969004
1107994
772051
162748
139651
37117
1608178
311337
548269
794329
1881072
1445355
215108
468092
64490
1559026
930703
1224120
1996276
1364960
1788453
281405
1741904
557612
1105222
1827803
1421629
192915
1167998
1132073
577342
1500611
1316273
467847
1362803
165608
958685
1576097
1374402
390051
915273
88456
1637987
1549739
133650
310192
1857182
1864703
1085526
1971268
578605
538466
992288
567696
29475
1252383
1909902
76070
1919483
1223433
483290
1073058
487277
1095658
1187691
188486
1290506
211511
1660880
1675682
1308344
790488
1643579
1728
1476269
1850219
778742
1930900
1559297
372745
1253218
161592
184755
1553234
1700840
1752854
1390423
283737
747865
767882
903978
1928887
1652348
1422407
251064
309549
1962636
1195083
961297
407714
272756
1215194
1084705
1810856
454103
1936421
1706523
399635
293892
362963
1427947
1027317
1519558
1287216
1344538
1872306
1894708
454703
476464
1102121
970211
1991975
1765962
1244833
1435860
506529
230401
747182
1672414
370706
1107388
15960
52371
1460055
1027751
1893766
1826446
1297507
1593093
269287
884068
1775755
1495656
229145
863053
1813993
910237
811310
1993584
154776
648207
483773
1900860
1352899
966808
703452
465153
49748
1725632
1023128
582214
496793
1043772
1879830
117681
1191953
691604
1129382
896879
11480
151881
201302
989388
382960
1574206
205452
14270
891892
379622
1608158
598929
1941780
197776
954288
12231
175024
1103103
363835
355601
493245
309720
1171045
1150763
1407279
825115
1210750
1826699
905993
204202
739674
1166420
1219296
1161088
72821
1372086
424217
484349
113248
206122
1485132
428023
1089786
709958
1276727
958282
1709280
1304754
654715
1953303
461477
964650
374202
63867
1015209
301081
14969
1129406
888932
382990
711334
61473
556059
1931450
1038422
1664308
1501347
30015
201634
166555
229492
1219036
1809709
694345
1777996
1248293
1684684
30647
864790
778294
973498
557378
1731267
1612662
1291126
1353386
1852677
1201710
677295
1783759
785858
611841
229691
705113
1486945
1145730
1874725
856051
719345
1291544
661871
797252
691652
1153455
22443
1878027
381681
731361
107148
787287
566979
192406
646287
879044
306768
1463217
185745
148690
1794813
1734486
1494598
1991197
896081
1797552
8909
94321
1393129
888066
1167405
1754481
286996
697197
1380312
1064589
1962446
1907250
531807
1775987
1056109
151376
736521
1005879
18770
851310
875591
1608687
1523821
919979
549921
797944
1903369
288673
325722
1752356
492909
811437
1819291
1953947
940244
338746
396819
1380219
854759
1075867
732168
777451
632601
1389568
951312
199912
1955376
1202472
960923
107473
83273
1976425
482220
1199532
1490101
1381941
758797
1343225
1293054
1132037
1642559
1010916
1877460
220072
1929723
1501433
1746552
1205208
43158
471750
311062
431220
16653
1590491
889460
6857
325095
668151
100086
528051
1922711
1995454
1841586
697069
1409994
1735098
1024603
509354
184944
3258
889502
1511851
309541
100344
535045
96151
626657
1496213
1940315
56781
918371
1343284
654524
111784
649989
1899627
1048503
1262357
619135
1942161
117264
1710903
1752002
554886
821961
1478602
1322793
1674450
173146
1664919
1886992
179196
477797
1273705
1220532
785932
1782734
1672970
213287
1286901
1650222
1056553
661693
1522995
1449381
1889028
1766279
1155733
412728
1441060
1715162
290076
901390
446356
1470343
1864820
1295559
1868093
239594
1841
338069
17659
1274455
584717
756515
912560
701322
1212104
403009
1914851
107734
649040
934764
456790
236734
80589
1704279
708006
1518376
169878
1740160
1401556
1158085
1516282
1774674
879976
1453832
1957120
1713187
1347131
1139470
1250367
612567
1557359
1807478
998640
210780
152232
354766
863960
1775539
484423
1393063
781491
1115434
1132698
1605584
141293
1699507
1676749
939587
280874
1892901
740004
1833553
1783283
192656
1045237
704349
1408691
1503164
1362307
1222307
12698
1097887
561601
1003290
66703
929121
1107988
1800501
785098
926870
559951
1197983
622356
1972010
545074
184654
1704132
1511173
624410
1589071
1300638
1486479
5757
1845919
209281
454020
104808
442246
1999152
1188299
1964090
1423072
821937
1643442
913355
1330863
37274
41181
669738
977825
1961162
1960585
1053075
1993062
1979802
358395
1869484
1843183
1090967
1756457
1032751
1226481
1415438
1384691
1618485
257806
250869
476736
198339
1145273
1628136
1893015
951268
898532
620848
580052
1519271
966228
1970595
1080575
782127
469564
114339
1455832
801185
1267047
790848
1666421
128405
169472
1295847
1373998
836199
441541
9974
1214149
632950
1986168
83762
220137
245733
1690187
1996651
596727
1208471
129854
1826626
1758763
619540
298102
1284850
1869993
1134853
1487508
291160
1101002
39133
494985
728790
1494753
363199
1678718
981934
1758896
1661985
1261881
1802071
1960324
309901
1287890
1374113
864928
691294
1984326
811095
288107
1753823
1913408
206510
80050
598410
318823
512417
1284359
636675
234642
849962
2822
150454
276901
1486568
1924212
1547054
1668751
671501
400364
1309995
319774
487170
1173305
473450
389528
1359484
1283898
475846
311759
892876
136574
330047
1290141
1276791
1667830
1115682
804419
1254347
1148491
1615699
124964
1323942
1472531
1235712
972026
1822876
480616
473844
1088009
1971311
922131
495116
296538
728771
1948150
797898
1807423
450103
1817055
1860956
1924226
390922
1680937
741710
1617202
487898
594681
310700
1221742
1780745
1905561
1806239
1902990
1474052
430658
1084346
788357
3700
1589851
996484
1094389
1416195
1883162
114852
1716812
189328
503526
1853881
1066705
755422
1155802
1094948
506800
1739856
873707
335350
704318
1279870
493786
102047
941451
1608320
1220295
501136
1115574
755813
331645
506958
1327175
1185595
1770674
1766552
1031172
146629
1223287
1605948
1814678
1369568
128288
1464775
1442808
1073120
1903456
1240405
344515
1575044
889966
1691398
706797
1968979
139397
812839
382483
42693
1977096
1040548
1551691
1227700
309591
1263126
37492
1007755
1202932
1902911
1000772
1680863
131810
552281
663698
305293
1765815
1099122
1564714
548153
190591
232340
1382239
110148
941727
276503
163016
1021119
550114
1159785
1498769
1079548
1031509
58097
1694849
141054
90409
1014738
1266011
1957655
1516736
1607796
1412266
255051
309028
939356
1634794
779670
847122
1683543
1765959
1251144
559252
525345
1165973
959051
1363795
210185
237805
267259
1845916
383695
463797
1183205
106402
1191224
1621071
1082234
180887
1051389
1062867
1491563
157520
1604959
1250966
1358984
1333176
620511
840623
1830045
792153
335429
1443496
1308367
1423463
282832
641119
487183
1195585
1324926
1674482
362256
319170
1167033
608270
218735
742903
1961934
1519922
1019969
1442198
1581865
1782991
1426437
398556
142198
1329429
849465
1323312
1668645
1501516
1134449
1165352
1521926
1213674
1097199
1598268
1601715
1004646
745100
1886991
733068
71834
264704
357139
1282202
1401217
154168
91328
1123365
1770347
1142778
1967048
1701322
399460
523732
599162
540980
1591340
1922823
927823
1190168
1569624
1184228
1846227
1067018
132738
1203726
376017
394213
634649
1537400
1201507
306174
1994704
1502938
1241470
480552
208678
461516
946123
1482594
1874793
1934775
61720
1747438
1193043
326200
1094601
1249999
573524
1010739
1077615
1193640
1526301
1117674
1371124
1875255
392996
597197
1218499
966092
1596393
345517
1501964
305762
1198855
1650159
1828623
227219
1378253
639257
889979
1103435
589271
632284
134710
5720
169829
1969819
285568
1898250
1799322
1908891
1863827
634371
143948
1575740
1065053
810440
249648
674511
1964268
1914414
363561
1161899
1842815
1939883
1700229
457723
1449607
1737563
197921
1449280
1062518
955764
782861
439816
549501
1847095
244019
540126
67753
169634
859567
357136
1856117
1012802
967151
1879300
1667301
1816912
962158
548548
338887
1612435
546794
1005260
241263
204805
662752
670174
1173995
19439
963534
1878414
561788
391557
706321
66888
1773022
410561
1666363
1660225
1787354
1460187
1388039
566016
974796
813912
682264
1923000
127983
1197371
1442913
114392
840633
631599
284038
1421672
663669
1745699
317101
1753579
1655438
1447120
286614
110971
1799449
1046362
281138
338413
1557492
236890
1909137
328754
1030768
1703565
1847460
346068
626241
627366
202176
709806
1598984
833521
1939999
506824
1596995
30604
1495699
1113751
1299619
1123353
1761039
837966
1278720
1863414
1728650
856035
1832730
525469
1936932
223837
1710345
858802
37551
815847
1530338
1782621
1898903
321862
844691
1218968
1137217
1913407
1814876
938558
1243208
1710941
210275
1348621
1605944
174402
357749
1789891
651700
378225
297224
854448
480375
1882468
1574981
1087403
834345
866808
451871
1206365
1160524
1159935
632237
112298
827284
811996
893583
1494772
1004235
1238676
1937346
1675780
1440035
584957
768196
75762
1371500
523647
1169710
1008801
248171
1712404
1783289
1802376
1487712
1462080
543323
1968131
81585
1016198
1469494
393245
182599
1290863
1244729
742861
1773234
1093630
727135
781218
820294
1239680
1690009
1937677
1556593
13832
290040
823798
766455
1922322
235957
825741
1568516
40167
1135218
1894171
169593
1308786
1146049
1372036
1153857
1145089
369880
610242
912172
1961976
759130
1845678
1467627
774659
985962
1078663
738419
843495
367460
942578
54429
1284440
1128651
671310
411517
1107873
185308
1374895
674759
1395230
1039426
856092
1723759
1629817
504491
301197
65245
1281072
951144
246399
849719
694952
1772090
1140394
1180989
1136200
1935968
1713796
445377
1906501
1163534
1997545
1991308
1770842
1114199
1311600
666491
1441822
1910510
1505653
57395
779057
238438
1115650
399922
31963
1108964
562746
1616930
1210265
1974418
1401359
539081
624646
480807
1154178
814734
1155826
287871
451042
538876
592660
1643761
616096
675880
1888047
277088
1867107
1854013
1744003
143497
717650
564801
469562
678793
1526649
147455
682666
1702697
628296
829617
178003
258073
1140565
1116164
1921149
853200
1487663
1721162
913990
492768
1617877
1698420
300894
1961660
836144
798586
568398
1405854
16962
1896491
1014131
533872
857134
77447
1405678
1033120
701448
1519172
1456933
1385925
233456
616928
1226047
1958924
810664
1514078
514500
1412194
210099
1241509
1733626
371219
438839
1794511
594348
1171635
130796
305847
1206972
1615769
212728
1663456
472286
1653045
745441
1651319
68952
21050
405413
410354
1752848
965951
795563
183269
702707
1345599
344588
233148
647663
164969
1571652
100014
772799
567623
365173
1946394
1454356
1216141
325995
889762
595113
766225
508794
289680
1398925
819384
338605
679379
1127817
1367887
1129477
1597694
1905526
325782
1193487
144562
1563511
1281920
924326
491569
808982
593477
636431
1564155
357880
127481
660300
812606
1723556
1320202
1217023
599657
981528
1102316
729936
1368359
370321
1127274
676177
685325
1113549
399536
619161
1582813
129009
1464760
1670809
847138
1144192
1312552
1835714
118215
476143
1798285
555127
1147199
760403
797000
139132
643482
953235
1391455
281156
1132733
1432405
908945
730270
241390
754088
1619001
410114
1909406
1068602
374406
1838399
97937
1193607
1566574
464800
1557212
876635
1621887
837141
194832
1477827
323516
1304038
760422
150914
210368
883376
1144853
523372
1297773
450933
887025
1540575
936814
1796173
229096
853227
853491
423871
774866
1745992
474753
999346
152447
500129
1273320
358257
194467
959104
1284644
943713
570702
1002892
321066
529876
567960
1040925
1092791
1474262
782061
1988528
1675801
774468
1930448
204201
1724323
1665753
1847630
138482
1924176
1298438
1455818
1625259
659703
597514
111644
1148531
950698
1381309
1426788
1242683
1719084
1174477
1493153
1234904
98431
145721
294549
126137
1261106
893095
1934159
630784
683371
1416578
1251472
240043
327618
988516
1951549
1556043
1773417
1107506
406284
21236
895489
71096
153219
1016889
1162004
865249
252596
1734989
1150583
1324269
1504328
1871047
40384
1689821
1880616
1065320
1526589
490931
653620
823664
974490
794923
1580695
1086476
40651
1350319
770101
506638
442355
1440454
171438
1944992
236619
1348080
506213
196569
315457
585692
1410940
1778338
583404
702137
1406095
725697
1639377
1390944
1658574
1329147
77155
1929063
1455338
306398
1323626
443422
1267832
1521455
1757519
1629942
69421
1287725
1695605
1372591
239236
141980
203722
465632
1674947
53657
901397
1816564
933297
89502
1719020
1666055
251285
1060333
1962537
1586110
1925250
817557
1630561
1507516
749722
254438
881770
160146
1685029
40957
1159974
205249
1723256
1869567
1792564
1318468
1463723
574150
1510246
266888
1837238
448648
40886
702968
724553
607643
1598637
1483165
219014
748029
143583
140029
518857
844964
1246790
686395
1093910
1674166
405024
1244148
1185344
127866
622272
260147
181315
42272
752283
1541361
838558
1703789
985123
1751498
1547237
1513784
1845498
961810
1114163
244267
24115
110698
91488
161636
1598813
505874
1280084
629097
1055268
774131
1675757
751531
1059265
366924
1184747
1897037
1736281
175717
673903
701158
1242536
778682
245611
50033
931804
1425318
1503316
548452
1375347
1435623
187561
1362696
265754
619236
1315234
221827
1718374
787959
280903
1167723
1698797
1348206
592901
993636
708432
845494
1017683
211205
178420
1315068
835786
1895019
314385
1556536
77942
1372039
165832
27945
338011
350093
188215
550433
205598
482170
579024
352445
1157134
1972997
162392
1944676
785842
1245173
1702476
433704
1962606
1700381
1355932
1540834
1122812
1210868
253420
820924
384764
1906473
1591749
1687766
1434693
198063
468475
1563196
350852
714991
938769
1516023
1120090
1569952
321328
880433
320870
1166882
848271
1580261
807954
126198
1168185
1248249
346128
1842287
1713430
800693
1563000
1082307
1498669
1801047
720302
1683983
1459039
123744
17452
633472
1623276
439675
136204
767766
1985045
1660781
1113143
1380166
1582645
707882
1249329
1059798
1326155
548671
678972
606618
1218217
871602
88544
855950
1911873
270724
1993311
499853
963329
1703722
207858
944474
1578161
94999
1061188
1713850
1512455
1204699
931845
1905318
1429266
600654
1562547
868766
49989
1298784
1202495
231900
249071
1214378
1897350
1915037
860604
907599
447582
1319746
751611
103340
307125
87054
367409
29952
1144536
1151575
518910
1162235
179412
1745439
929520
1208668
327760
1964902
357405
1545814
1891854
1461887
1452080
626683
507425
1726556
1672192
26110
1670703
1947150
147344
1972870
1573628
639977
1729878
1635753
431146
695747
1451906
156481
2949
1000196
338292
1022308
1594026
133432
942770
1517066
1495596
1448885
984163
1356773
927987
1591107
374222
1374722
627712
1133192
1442224
1066784
468009
1157099
1669047
359511
427397
1749953
1034737
401175
1465797
1189621
339317
195569
987693
1106962
344838
706011
1635136
498608
925928
955349
1811272
905437
1831112
715631
1592355
1043909
1747922
133899
546730
1225699
1577615
975549
1571498
267709
392024
949854
1579389
348824
745711
1851375
1160585
1202063
1353397
1069365
1242981
1697011
429303
602900
33551
1340862
1604
1464091
473622
187409
766906
1981352
1884685
1874859
1354439
1133932
460247
1185347
285469
1821541
1589095
976441
444985
1083528
1078509
1448754
1870261
1892490
681242
1125357
1820108
637166
208748
1868749
986595
556979
824513
815151
501942
606342
1789716
1341102
1230861
819108
1389086
378321
466730
451875
1475225
1830110
1724439
1021545
1749373
1986119
90110
150154
1563669
958309
1023221
691243
389066
435585
360615
1494807
922778
905140
840744
1040077
926634
101594
511413
1975864
181833
924587
1355049
1214909
1419940
1639885
422578
285631
101967
240826
1046875
172733
570298
205001
1160948
181882
626254
497502
1580905
1461879
1893085
1988667
1258712
776989
152054
796546
1905312
678110
1408555
908326
340244
1395702
1943212
1368399
711952
468564
71822
254878
884396
1212144
1131138
820557
242437
871321
1480028
1869792
1880575
504027
876893
106322
638820
1990517
1321447
1319890
776090
821692
797633
443857
713792
1150401
591362
1641400
478842
633720
1252225
203072
112811
1102565
854318
1367711
1547645
1720067
1354225
396940
82211
1096714
1682474
713334
782194
1712127
131779
1430116
89031
964141
127698
341035
1885016
748403
169271
1970267
904278
768056
319147
1086839
917119
562273
359482
36619
898799
507350
1198561
569228
572469
468678
974973
1800548
1406179
54988
805840
99950
1281473
1657028
644071
461898
96324
1671608
1392358
744989
188486
1760874
869495
915709
968522
921683
666487
903654
822786
1010989
96700
358681
670781
1972052
574390
1382292
1427169
1192575
295093
1489182
1148993
1363022
1303539
991337
864684
410837
151611
1484606
1765266
1547670
1762007
1624843
1635222
757777
1388084
1025091
1370030
527311
1656507
1179707
1811913
1422279
123032
456110
972619
304008
531116
1596559
200727
1688064
996681
1179672
1570687
1360967
140940
1717468
1852615
1231774
1049162
1238665
314050
495606
556434
1242338
1746017
761961
274148
271836
1159670
1660482
893640
1391462
778661
308596
672233
456722
1382950
610376
175606
1119075
147324
351347
1702896
1842284
84769
1232365
913045
104292
915382
1673301
1544458
1496926
814360
732597
960155
131709
1685668
721460
1842103
272709
1694094
976865
766707
1514211
1336290
1963829
858777
808800
1366851
1488186
1717860
1238763
477223
1872459
386266
357819
243215
510402
409227
614433
989414
1199124
1056555
1985122
980212
1350850
391736
406662
1647349
1648763
586392
1603143
1292827
575262
1950898
1906620
1552402
1474132
1122148
631850
71576
1014059
1512140
23578
1314669
1366181
908677
1986462
937340
227715
1323610
1548667
1529807
129445
715881
643059
937968
1570782
783984
762731
856912
1072867
1598897
1955122
1427501
1864852
1206798
504212
1761336
1565405
1361423
1111576
264586
1832583
744644
439466
781105
1665731
648853
63901
1380168
845285
1605294
1374547
729189
1347521
1024366
11071
540563
280413
1979663
1642733
1747858
1526514
29778
1586065
1415672
545635
1985140
1009628
1110403
1994646
1556775
781078
1551737
1320946
1729221
654053
1420322
1633339
711422
943372
1746947
532784
1158614
1471195
1849698
1888973
948985
351528
1136254
48586
1053209
404226
1127040
397331
1849833
1195978
612177
1923125
591246
1706514
1056398
890950
177519
1591982
1176912
1442555
1600403
894007
284854
653563
422526
513872
807277
58450
700122
1018987
343296
537986
205047
99930
209293
1909119
724790
4143
1402443
610788
838096
1034426
1001935
1754845
721331
900933
1269994
1742171
1133436
669886
260550
1133169
417756
433146
963233
504162
803689
706744
636636
826728
1551624
88425
567497
876501
786276
419833
1713572
1141173
171722
128859
665897
1728116
1701267
1676466
390265
831607
407151
1609166
698257
603470
1035181
947710
1284939
1787117
242038
1661755
1475391
1384662
523345
47856
1372011
1286025
720428
1956712
458707
859115
52998
1926181
1284044
1685745
379015
1569070
1400239
948744
503491
843692
608782
169320
381247
1723524
1446162
1965003
485009
365011
164662
435108
769373
1133431
1895945
82940
1721705
1499817
956666
1082954
106375
1161849
1379290
213905
1940550
1211292
1167315
1740733
1753948
116144
176496
1798414
1747006
830710
394577
1986723
1592856
1204392
1166306
1786906
126314
1853921
817190
530656
447751
1415890
556989
1557996
1702382
1245325
1993995
577896
1945274
58155
107429
1018009
1607824
237321
1490196
1660870
1645585
233945
418463
1162697
512043
351895
448614
689517
1210012
223936
889954
30882
1476235
1704977
1912519
1876473
1814838
1107171
1068598
1247803
1827248
160644
449043
1215250
1396575
374086
1709910
1549766
1669679
918323
829641
1978658
1503738
1922301
399140
1133649
1573860
147523
1406868
27997
724539
1048810
963833
22621
32247
449155
1244185
458281
23923
454601
997046
1885420
1377604
346957
1269029
755257
85920
589480
1609752
799399
1789129
1043976
1317928
1792335
5846
183472
868866
637361
1900470
1277015
1518626
612581
855574
1214444
1783921
554005
992085
1947995
562879
1924988
1821930
224025
1291534
1151736
1935337
1739491
507327
1304705
99047
982508
758743
774529
1114188
1959785
1574397
1427962
1775134
1691539
1029900
1854924
666883
1022752
137606
1954711
1289985
414905
208154
1813520
1369209
1741577
1988421
1636689
1904206
1653086
1310032
571138
1765619
140770
1731659
416180
112997
187219
1082512
953304
1800661
641303
1563324
1967389
349224
1482794
1655910
1815166
1506337
1253452
1791048
1756994
1086381
824450
1155987
763598
855617
252662
1003966
985850
1729974
789967
1527894
807477
1400526
1070863
86708
1019165
1728869
1381036
1455095
850183
1921152
1613169
1625272
392934
1921432
690855
1507390
408858
740026
1032006
1860729
1032395
977488
1872872
1592478
246067
997732
566082
850683
1125701
717333
739911
440119
439787
994198
750430
1924469
224582
1201966
1645643
331669
403529
1636406
1841268
408440
628244
1620146
1974879
1114561
358631
552828
105924
307635
420233
152823
1837234
296405
550287
714079
1476684
1123348
1898451
982891
146651
361629
1383570
641294
892276
1485045
636634
1443462
157188
1626580
1773065
1523777
443500
713462
1807448
1663738
14419
779344
248267
1973735
893131
1759934
250235
1060627
1131007
1425794
903057
587698
568842
1713290
67259
1731065
1093053
540903
1592551
1559625
316568
613916
291398
295820
750215
850694
232368
1214162
242928
1200035
985666
66410
98989
28109
1423703
269562
1829892
971799
555294
117819
1759280
485839
1195381
728711
869155
917347
214070
456470
193738
519283
1759478
1891198
1419552
759619
959171
1155994
1118464
1582298
1058690
1884287
285451
930338
1108263
1970261
756174
533314
1698103
463745
364443
1069205
795328
96348
623938
1797914
83730
693858
1934427
112365
766492
428190
1355625
379494
1741717
1346762
1622731
703159
1184374
294051
400329
931383
1401354
1643608
660596
462555
613618
693624
1890812
1098879
308620
1083643
583251
1440478
503813
671953
1740014
682995
829715
1886195
310721
1137105
1211891
1321014
1884808
1309313
665651
1971793
279673
442424
858491
923781
330051
970219
1949046
833156
932810
1666387
861612
1681095
723616
758790
321397
1106275
1412357
827309
1687608
107715
1721402
1433934
1895938
571512
590115
125629
1810217
916913
1887160
37524
551808
71459
1487827
890670
598120
1989454
1163743
761898
295163
1218953
521622
79056
628485
979431
711932
1967598
794713
17887
975076
1958845
966195
697441
543825
1563897
540629
1871878
1645138
1855844
1727964
149676
1086447
1435944
734880
1230215
1987578
1283297
976750
706454
1483303
805008
1637977
654051
1019155
191191
1487607
573097
1149720
1733993
77620
1332871
1725053
332381
92300
1466140
969490
1298300
543565
541197
812345
134856
714855
515142
551216
1001698
785261
1940426
493427
1237907
1972298
86846
617530
559663
3607
1466779
1985996
320414
836084
794894
993839
1870724
1187645
1987112
66664
1102196
181987
1336838
792358
752705
878169
259185
628286
1693382
1805281
1322176
715632
1698744
86272
542827
988327
1788265
1525533
1181552
1590565
743002
1624658
1952576
926912
1179335
579648
1794864
1312658
1316162
405049
1745600
829798
761863
852200
1358947
1451460
631906
125143
345109
1655083
1631403
827781
1497126
910307
954509
1448694
1275053
631519
747062
976920
1559479
332598
305516
1442952
437139
1896179
212369
205688
533797
96118
828728
1484453
1970075
1449628
1161227
1248331
1699493
1985212
1283738
1148966
324564
1379151
1143744
1037910
176532
1626020
1437130
1825269
1262124
1653994
1483855
589944
1515077
467569
477921
1346073
881628
285195
527872
199928
1442166
64862
272739
775104
45891
1088016
1524983
825457
974770
1549783
1464627
1969682
1387809
1638092
581069
204783
1113893
1514796
1723795
5119
1403817
1725343
1400600
657200
156529
920586
1185951
1270924
676748
1498515
1436981
814076
1891845
755751
926684
1398953
1059640
1347986
287098
1893567
1346406
759619
459500
563741
421042
407350
1201947
117269
415917
435339
263733
704535
285561
605206
1854190
1648490
187406
344019
1456516
1266679
1548554
133590
636880
1648117
1373276
154883
926187
1000334
956788
732199
641571
810129
403982
231790
451375
1842952
19705
1794904
1786779
1388034
1569143
1545315
732425
1516266
789667
507212
183542
383839
1797412
56177
231302
334889
1259883
1647642
459924
716406
1634348
771519
505649
1540945
1801924
1810869
1131000
572490
313014
73946
1234225
724029
1455015
1706910
150914
556622
1326561
911154
295038
1242410
1033185
621446
1714402
1038806
1790292
681182
1255971
481192
1068340
761895
881230
682895
563690
823843
1169230
453689
106105
1490035
1959291
329396
1648687
759502
1442779
668524
1816826
1104180
273911
1609363
1500066
58482
200398
689574
1425649
1612412
459890
1499480
1879482
1141270
221349
1491655
933309
1539174
372684
948381
1251349
552663
837045
412409
811452
1377407
1468498
971614
335175
263678
1140042
976725
1852183
536918
359237
1165653
1588089
1014978
1046236
533031
1923613
247933
1524039
1754889
275379
958378
897166
1279026
606121
960895
788549
11620
1482250
1548662
1115904
167269
854498
1207976
369986
204723
1800091
782831
1252483
234602
1827909
578578
782652
1775395
1715204
1616600
1049711
590955
1042239
744960
1421729
1611592
1410835
1073753
175616
173439
980194
1731666
1233482
42493
499001
597018
566144
1464640
1598048
1575657
1596201
1319520
535638
1780373
1378484
746279
93095
208030
327333
1362780
1667704
18570
112242
1898650
957560
1756117
1479261
1203260
760579
50563
1876793
1612613
292394
1630049
727705
1413357
1459738
1784458
71238
1237562
872424
1370561
1474731
1132634
594899
661771
1650338
1861206
489266
1109946
754341
1344646
1125270
128658
492315
801390
1786019
1988612
1642962
626962
1893307
1137919
1967720
438520
277127
743062
1880912
528279
1284090
68283
1389884
1153738
604088
1128240
79462
1443763
1589570
1234737
456574
343761
1336142
630092
1334276
1725573
246327
792843
651439
1948578
921547
633528
1824194
833323
1451530
1181043
682601
1411347
827564
1015453
1226785
617994
1306556
258833
1804633
874506
913403
1254777
495562
1237563
1768777
291006
1517573
725687
1209128
1137477
289193
645741
1028217
1005399
1289712
1965383
117176
1555251
1627334
1217741
877915
130624
987666
290159
1209614
165227
1995864
690562
182593
1557054
559396
1912051
1293435
953065
183679
864373
849314
574670
100913
337463
230904
1944199
1208081
1349191
793351
1354711
1398794
1725838
548967
1337879
1662008
582086
1363197
789744
755839
1207300
1703967
1559369
410901
1854777
214205
642668
1494420
1161446
1777223
857434
741833
493855
841697
448979
1142754
1977934
1819423
1948546
1867658
770226
384159
918818
557724
1594520
1631953
161932
510268
1897497
170007
1398984
564660
1205165
1472819
1033010
246906
700801
780466
882628
502389
806367
1454064
886578
1562342
1780460
631672
1878567
1101019
303598
1554884
1993393
1687956
998878
1041212
86056
84245
1442465
1326667
1144816
128752
934517
1288539
165368
1649948
1236117
1477188
125122
320810
1417665
971146
794600
1380687
761041
833306
110525
528770
1763905
1174692
498571
954018
984908
343175
69476
1556423
1244798
221037
662524
531253
1793315
1026521
1137271
1530605
607239
418928
674422
1412558
1321844
501892
1066092
354350
1017366
1751439
580531
24692
1875901
1130760
1118589
1537648
1891743
282686
312083
470444
1053921
1223416
1001332
286327
975677
637585
92626
1088274
1423648
1213356
1133684
1952551
180653
1283399
415573
1304116
1319654
132438
1822677
546339
1315644
361238
529673
1560590
1969351
421883
86289
920734
970165
1477588
502373
273195
1403092
489379
1863106
1525766
1194578
1603485
816053
1073293
1109788
1082502
312253
1819003
1864109
778385
1003114
1224188
180446
1802076
1402167
975434
1883916
1134414
1483553
360804
1160435
1437960
1468887
1625566
1762973
851796
1722961
99133
1055956
1565193
673195
813155
1416608
1696249
1827192
1038662
1974809
263346
846979
380919
1918783
1681625
413504
835622
980659
895862
462653
503583
1767690
338803
1849869
383548
1468021
945369
444780
997440
257108
470820
1080095
500692
1347845
691975
1506050
1314880
1818171
732828
1936607
453140
519495
1098544
965036
1511401
151162
1746205
1550797
1029185
712828
932527
267672
818676
1906815
836863
1341109
1715163
735988
1049313
1980900
1442427
606287
790975
562646
1397636
497777
396010
1309010
1332646
1555043
307570
587677
167781
1422507
1606302
1274314
1012597
830110
1964299
809251
533029
321973
1835120
1463158
1864458
860616
1905527
1425603
300436
1640886
1931350
1741583
361723
1368003
146088
1097256
426679
392624
346011
1911328
341626
120537
1783584
1629452
1984307
631156
207386
1156985
834257
768153
1365084
1702034
509063
432446
875366
1549069
323228
1040673
684497
1627382
225826
1521107
1247337
1220131
1399110
209925
562776
735233
1603821
1741383
344372
265518
402469
1135254
1453703
1742257
973824
1031862
927462
1327714
1534005
114451
912705
1174252
847868
1946503
1995185
1681146
609341
1330984
270507
1251059
1687033
273619
575472
1330721
1428459
1145556
1164746
1295405
334713
1787021
1155222
1310770
382329
274647
1179491
874002
1879464
1062203
1028502
895997
770528
1789242
1159375
1214606
1833903
1206135
35725
73731
1947013
1818215
1860746
274641
1879018
1595359
857055
107680
813989
1439071
1550882
1488109
1591028
1432226
538694
41518
98346
648486
134775
1650860
1697724
1091250
1539762
414661
1727465
1424562
600087
1002825
1834163
1934811
155086
1565601
1260789
1136047
117368
834689
1440637
1932463
1389895
1727313
1408554
448057
1560396
1203272
448910
560405
1376036
219937
596629
819704
1332519
667645
1094079
306284
208123
563552
1679517
724577
1623538
1315709
1510098
1069181
385851
480535
673889
1703118
890015
1499473
1997005
1011119
1428064
1499550
232761
1686154
1871136
1079870
217019
852491
1180100
1831931
1702413
1849255
1038524
600241
1416314
259427
1990715
49247
1174612
1945204
331871
1970081
1126375
690886
1102514
1602248
591241
446716
998251
1064673
89816
634530
219630
1179198
1643849
869535
1008388
1905446
417010
1427838
1433514
590669
110876
1062274
1170092
822025
14158
298323
1238833
33851
602567
64319
147251
1063987
611206
1969061
307424
1785652
1473090
200159
953933
23927
341570
1666572
28272
1632170
1640694
1228056
488073
442727
1991059
721908
1315373
545949
1120493
1283204
1302312
145743
60562
1677203
45652
831524
476496
115714
1523744
1272466
1149609
1247017
683316
242489
1126424
292335
1264575
113655
1295971
797783
1279442
1815819
358213
236881
400673
224836
1558416
1270077
1852608
1307469
1895233
505179
858276
1823074
1924209
1377882
742118
1912927
1602959
1745323
50665
1272891
1331688
1941777
215650
1987863
312736
829773
214420
260214
751776
1938968
961836
723031
1823422
1697640
1565309
1168835
1910203
1892791
481359
1558593
842732
1363180
1673219
1276000
783258
280348
1091406
1352821
1113706
586986
1574996
1956545
48611
1709512
184122
558852
221164
748800
1978833
789832
1466980
1110996
10039
1427122
485363
338701
1120530
1555336
867239
610828
1862965
17437
1922512
776557
704128
138722
1420933
1609522
1606572
850788
1372243
132866
1738532
1597918
1003645
1286171
1137621
1208606
1761862
460513
1125428
117235
1681913
402927
1231733
1747540
1287521
261163
1764209
799562
1664794
1856121
95836
914762
642463
1547382
1214635
1268597
921383
897494
1683453
1213041
114059
39042
1145393
1717842
1739642
548857
999132
1081486
1969361
203418
1640434
1267505
1119326
1183650
1339120
1236239
1673951
794097
16559
1492294
431089
935897
1547095
447553
1819107
727661
762371
997194
109434
1263936
1371478
1128311
238513
238543
955549
1194551
1986390
1703677
1316724
1037592
1345476
677073
766070
937203
660879
311102
946868
322698
668284
1690534
329287
155458
623867
232825
338160
417413
1729899
694640
1720652
782457
1854205
1601402
346876
310324
1367574
1613114
1486960
710346
586024
114665
199285
222021
1394017
1202316
512916
626157
806846
1196603
705005
898855
1250519
1687547
1958711
1935169
1980626
1317962
1034773
1272933
191764
337828
1906585
925351
938582
1675840
883368
223388
1805554
1424107
1997420
1958989
1397090
1026870
1855008
1457460
232594
21379
105122
22690
1963161
1525455
1218521
1148067
402041
786811
1121935
638875
1771621
609520
1862997
1416418
1991335
1453082
1955421
1972355
1740201
1429355
991101
265803
1992511
1101262
1875000
1838320
1352700
113037
657036
24574
326263
756161
314903
783113
1903615
750169
645394
1111318
1156267
540489
1044630
898626
421190
1074807
1885031
1864216
301306
1036041
1902603
91444
1946665
200087
75749
1238530
1634130
1372590
1469407
650446
819858
1669796
1971804
1152724
1456310
929385
298180
604954
759956
1415770
1714995
1468820
251847
692460
462976
1365173
956995
1570310
695165
1548588
1169888
62591
1632225
1099567
1749009
766136
1658675
35405
1861409
1079788
1945048
1303678
1959590
1218009
1550016
85671
819049
406684
1196793
1511918
644644
1449494
759440
946553
1875933
1745381
76084
1429321
347836
941372
97155
585276
402161
1621267
728781
182547
1983319
1429403
1123063
1165379
851977
247232
1510720
310778
1440737
1454014
1211442
339059
1592365
1960599
1920191
159065
1835444
1121050
1817328
1030242
1240538
1131263
1758196
86712
1228050
157075
703382
1624012
198463
216205
390755
1896014
1627820
1262190
394998
724730
167388
1936428
253872
684538
742342
454078
471772
1923799
116018
517495
654332
1549478
369379
1275312
555203
415136
1766975
532645
300617
1574975
383314
1204702
1918385
1873905
1899057
1849716
51177
1095095
365335
1754101
1763546
845569
259828
1110024
364352
1212923
1908708
373623
1390938
1086532
318021
768794
1662996
56316
918072
904046
1972352
167887
897509
1103366
1642459
566992
1464026
461604
590416
1729833
1487592
1395836
1501605
1018559
1358887
1399251
1523052
592106
198611
577724
827269
44258
1230034
1697250
315194
355522
140244
88074
1073099
695999
295209
903330
1052011
385928
1808695
889624
1192093
1547110
978904
1524510
1944712
1614143
846721
828647
716055
541549
222774
310455
1819214
1398587
1184861
1840526
1791648
962181
1222843
1170341
1345566
1100609
1796155
1472952
1192173
1945060
293467
174214
249617
1140717
1276726
1390601
1483410
1195285
22899
1562195
18949
421436
1574906
1281585
1444350
361485
455866
1545810
338806
374984
27407
1039682
828254
1394963
1511697
1420483
1116368
1273131
1541204
743896
1016815
530830
63981
87045
1291787
422882
923456
690867
359534
1270597
1593458
906975
830429
1134846
1592650
1455019
1276789
1296833
1095577
305438
1941438
687412
1021400
784100
873172
1650504
797657
1292493
1941165
1235709
1060658
1708823
383470
91449
305790
515551
1142741
362978
1310936
462548
1472262
1853329
1124821
1546805
272214
1300386
1085796
309764
1380733
1983706
131161
226478
347382
17285
29330
1099027
378835
1077491
521320
163148
917986
1828482
1389409
841415
439474
303066
1170168
1583456
759235
707479
329971
52330
150702
82994
1856917
1363304
1322530
43641
46262
1066826
781401
717529
1010135
1725991
622265
460813
1043743
152775
975079
1305696
1882364
360704
1959791
713700
1251896
439958
1738751
1307218
50917
434502
900973
755571
170355
1142437
346143
746169
927607
956679
349141
114104
784904
374118
1120737
1927137
461802
1271817
1848897
677150
1896293
1111570
591588
272399
451616
1364989
1157922
72700
1762567
1699582
1588088
1784150
1177480
419148
1690105
1511527
1799353
1148619
586775
1807502
746170
581267
941522
224056
399099
1375175
1065958
1676136
919533
598491
1652174
1565059
828026
1130496
344285
1243087
703749
1997704
329994
1933369
909723
1086117
862879
1630856
497908
398937
981865
856589
1808787
1576318
1530916
275623
494106
1802090
121620
1940547
394558
1213047
1836491
1211421
1220785
1825825
1032674
915724
797523
314687
761671
1331793
771821
1844850
671339
568477
384752
82369
1005226
521560
768696
1256828
1341776
389124
364428
65102
1091448
1917043
1867594
66269
380211
1545025
1362086
254672
211631
633199
529567
476668
1191989
1390950
1645390
894426
1263402
1223442
1788461
896979
1875577
388758
642358
173369
1114956
63850
1983212
509968
785784
1183671
836555
326605
175731
378066
1395802
1522552
1422592
44103
1472165
304635
878311
1389451
210034
205122
381653
719838
1256832
816816
60656
629289
1318904
187091
1376076
1126936
563127
17361
1121752
1370978
547038
922743
937264
1642352
612146
1226784
1626977
370557
278687
752411
1982267
1806639
1300447
881335
1508792
1316606
1430358
299869
404991
1619007
1983652
1144010
1401272
1330347
1979733
1075907
1240595
1295249
111163
108465
348181
1255985
1390160
772470
85595
534194
1791891
582260
1154544
318646
1229324
1758933
889575
1211597
1918050
1528872
169995
52805
691984
1801443
1375649
836585
1088674
815391
559533
803503
280223
1304537
751388
835305
1700202
178710
970458
1401014
1501847
1218908
1750346
358874
1710015
563936
1326964
1085624
1704166
1496977
1653646
1669122
14056
1375351
1819407
1631789
628053
1201107
29442
1015689
1996747
1663905
1878252
1531021
1306465
72386
934283
1833425
1318058
1557533
1827756
1129197
665520
1124346
386434
1719389
576780
1979443
332375
1528785
1304799
839132
1416114
21290
230539
1811601
968350
1159819
664204
462275
857180
359918
832404
506695
170486
1174788
1156449
1761896
17895
121926
1065997
1121815
1761327
1826497
291732
1389145
1353794
1834970
203527
1316696
826397
1501401
1070471
1143013
1885465
1626697
582094
1376542
1132324
94957
186973
1158574
1653717
1651411
639529
422939
913727
862382
1568177
1408388
1221566
1369122
1003526
1192446
1517147
1200615
962617
1129704
717130
616697
327627
1236468
654479
155301
239052
1792278
1067832
1908749
950164
214051
1541292
389766
960686
1532764
18964
526982
947196
857141
718203
1194770
1922622
130616
1046644
545208
894931
474027
1094843
378959
1672766
1869218
853766
108699
369155
562808
1340342
1725183
872670
1174353
319530
1993812
477897
256047
979726
21604
122248
1552027
1167947
1756435
494355
342879
1428174
1785980
764030
897570
55369
470136
222717
471207
321872
674316
290553
1476380
1513415
768221
1595417
1685408
161287
1441137
794404
294420
48117
936971
975798
608947
1358651
572316
908143
154336
1773543
971736
789119
268054
492831
1019583
193756
1590201
1274118
1001877
1305353
140027
1159474
1718389
90434
876741
124332
1183303
1652029
757569
1551697
653166
531349
567606
1051059
611671
1441543
125703
1874184
1177122
433537
1247310
947686
392724
1658591
1845345
1707793
1861968
1835910
1877748
1165367
1203490
1313201
1403112
1999719
1022455
1730220
1142462
1328705
861299
170044
294272
1822770
388457
1936119
644376
1127732
486849
1327006
1404257
1461888
1652622
1209365
1521450
1280967
1578309
1528550
525746
1126156
1984364
826049
1657251
1801335
1302331
1901756
295846
1613410
838349
798517
1006275
1381210
447339
1616975
1439679
894980
901384
51391
1277400
1514306
1894311
156129
1492453
187987
1535334
1937125
403955
1813195
645944
267750
128029
1342698
514512
1227389
641475
1101700
1469344
1757727
1428660
1160118
1322017
1019951
576914
1597061
1177527
1135918
446206
898714
1828418
1353724
188305
1844873
1850365
924591
206303
666417
1095399
49632
187777
1660201
1436432
1784268
1620501
203045
1682119
658900
1082070
704430
1362221
1823587
623720
1476116
546286
317918
1441331
1119607
1836473
1724504
1038861
1650402
178114
266771
615218
245666
1803713
1580749
1687460
694591
387069
1528544
799429
476977
741844
856922
551090
515160
1872156
1848388
1376989
1295952
644249
508064
1992147
206739
512509
731232
1812914
327552
1123007
1957765
1483642
379627
856601
1479231
1711644
1389399
652647
409381
1885658
1226704
1676741
978174
1027987
1034719
1810917
1839644
1549034
180086
942265
272905
727452
1742085
646585
150620
1259952
483339
265338
1578495
226236
1200018
261795
1034561
504776
102264
1914046
204329
1738619
1163062
1048208
1784877
1502625
1233148
484562
439591
996347
1364309
308763
1155662
958693
1092080
1172470
905802
1149300
381593
1269309
709873
734526
1657554
363495
1066319
1948802
450630
54677
1413724
810406
495468
1723252
780151
531278
1613397
502868
1051306
1331686
1131587
451616
376421
552379
1643013
1280722
1241289
559916
1917323
1428305
1144083
116501
70411
541891
475925
8924
25407
1050537
652437
1472977
678266
480314
988856
1940534
637802
1293524
899202
1642935
1534291
742003
1485764
211198
1746796
1878735
827920
536257
46773
1946755
445329
1701467
899924
726523
1778875
1807441
669208
245350
398792
1317693
1076069
1596331
479050
467466
803706
830005
1870323
147516
1712930
1358325
1528160
1278000
1498189
504843
1956749
186603
588380
1900620
1123761
582214
1829422
1041026
957191
1939867
967893
1560304
658517
638884
1008963
1318081
566050
1375551
747112
60468
202789
1095932
1997292
216347
915762
57356
1807236
110253
1180967
1541389
1585054
827778
423575
842663
1485766
1739307
636572
89217
1338537
841201
1311101
1014546
80098
1452776
1893325
900403
1346580
1757721
567951
1554942
1466594
533830
12935
1118654
1540273
691403
510406
1700308
1968536
10931
53797
758161
1694901
1019488
445467
398257
1731488
1011054
423170
687501
644821
404572
1389960
1637350
1895721
1287148
962129
1840651
420511
691622
94512
289400
1105630
612498
484998
1456787
1378271
1326610
1607676
664216
76105
704756
230313
1400267
590049
28596
575143
1877498
228192
1968713
1508310
1186121
1389182
215658
1156648
1045908
390555
195429
270371
1799946
665097
1871593
592413
465417
989759
211836
1019012
1141154
1947029
181233
1486431
902996
1636703
1091811
840083
459564
208810
798832
1255625
1958609
1861054
495875
987311
872627
523577
930987
1169033
1642521
40053
312952
797139
1782769
496565
962121
1677911
284195
614333
368032
726422
1425133
404081
1838588
261630
1352941
124440
1999035
990194
992767
1743702
1656647
1157723
1011624
1542415
1327328
703433
48372
278807
1246343
727059
707179
275586
422450
1555135
893089
954604
278463
1766915
810283
1376078
15175
1283591
531479
389987
1297669
220223
1706691
1714479
835867
97468
199122
265051
775334
570738
1210728
9670
1780072
451131
1485297
1494026
95763
323330
163558
1672100
1524523
1842718
1932975
1322170
162501
1528176
392860
1703510
300309
935393
592029
887498
723123
1690470
558641
450346
441241
884821
1156691
344814
1362869
709617
245
1498437
727662
1418329
1201561
1862233
1777448
1964536
709530
1320380
837710
1688193
235201
280608
165886
433560
1842938
390694
1407594
232623
1085356
976611
1026606
15492
830819
1555625
1402982
227364
1619116
83848
677297
1373017
432186
799236
1473113
420037
506262
1651849
886244
1736815
414883
734637
86478
1948362
1757823
1667666
771223
309682
116931
1237515
668077
1220790
1370030
1999646
1406189
307565
639575
1072766
756782
1409718
1599486
133170
350638
1431085
1813112
168295
1064596
952112
177427
1508255
83285
1944934
577084
975186
1959584
1524099
610128
1023239
1258884
1490784
85032
485815
982261
874638
249135
239095
1948901
1335987
370904
1401664
385240
880434
1207041
918116
779445
1226676
505095
1322670
332430
33367
607104
24848
531252
1505481
391257
1059936
146023
1889199
782310
950487
1673892
778347
61169
772029
1408914
1745985
1148931
1469589
613123
1196106
81021
517092
496300
390416
851262
590446
901896
9747
770492
1604695
1529768
1562542
874110
1071822
691829
850218
1168585
333046
802049
1435067
1909078
355898
1355492
1685227
1226615
1310858
543319
73007
1809647
1249224
14398
949497
1956682
1183049
1259737
1483564
602387
744043
157089
1168379
1765549
1715526
1685033
161969
1082510
151003
599530
706552
1849362
1930940
748548
373237
1283322
1091443
701890
199206
89218
1319965
846198
678525
1143763
1564286
450611
773126
858229
1735851
140971
1748328
151897
913586
897471
1093933
343285
1925631
1108924
254707
995127
507940
1677690
594191
407461
696797
52422
998910
993761
192611
822254
1615183
203453
1340170
354763
532943
1803208
982203
769293
544759
1388716
582562
1778833
221690
927088
925163
1294124
821448
1324795
1119767
832924
1051803
981709
586487
1857820
955360
1779197
58735
1203327
895428
102217
459027
346067
910801
670810
507803
360497
831463
1716497
1748959
1298388
1554505
454204
1477847
384144
394599
282241
212425
1538072
925954
525779
239111
1368874
1530223
1191242
464593
1948136
1931365
1963705
495
1475880
1282611
1767516
1658261
1511490
709338
1342728
1225511
547677
1831038
665757
1783960
124174
130213
1820706
1473234
1123177
361411
860626
1188737
381218
549428
182604
1503765
119461
578617
766726
447391
1743339
33157
1457213
997380
759147
1035714
939663
999807
1001744
1887620
935753
777540
1701537
326469
1044510
1187572
318330
1389163
247957
365889
1862008
1779494
1792032
860427
853018
1374040
968925
859514
36337
192095
1664972
1713555
450087
959082
324034
839994
1889160
1736408
734828
1865452
259804
930011
389235
496355
1937302
1174335
1388566
94158
1729081
1261618
163216
1955013
924086
972732
104969
1603580
722354
1505265
1110688
64614
999313
1434098
1306444
1968674
251315
341619
29044
672568
836043
1497885
1831252
531951
95787
992719
725086
1777476
359104
1694829
374576
228528
1680660
55870
412304
913751
560628
905410
638068
745552
340350
1093768
878687
1919715
268323
1956106
254596
887333
1812912
1187960
452960
646854
731697
877696
483092
1701317
855173
1167564
1294442
748321
47529
460361
747534
1461984
1972215
1187907
623341
720871
1994180
323941
1059333
623595
362497
1567483
1745072
896120
154914
677046
1003671
940644
1180946
1859243
1543748
138401
1534262
574914
1594327
1038113
1180950
10653
1107566
436700
822887
1707134
473953
487318
1425833
1190631
1877456
1369040
1399677
583991
638645
269224
1657684
1598722
1278487
1578412
343309
1261172
358327
954300
1721211
900438
1393013
1947560
795286
781353
685724
969251
1808795
1380019
98177
1142998
901863
1149533
1678677
1499675
1027411
285830
1467774
538573
1317639
1840663
1767425
1795949
1806327
1034174
1169373
1374750
1946415
1810409
234530
1078057
1713250
1937267
22072
1492062
1923751
1970872
366531
1987004
1683894
1924441
1988146
1277622
71642
539175
456409
789708
1604302
1050237
199832
779264
1523860
994636
312532
395914
1021965
1014567
1784731
641851
341541
1173551
315979
1071894
1978039
858222
679427
307900
1869653
644253
831101
962399
1128178
1334995
382764
1285921
1490952
1355376
1125187
86902
1669172
1868256
1697957
503347
856526
1700109
705149
1172264
1914285
1669955
593419
996490
1056440
1090689
1175191
1599608
1252115
1623333
550463
157599
1363591
145803
1365157
460467
899709
1649643
1975049
19961
129765
1096470
1343556
678922
552898
1819197
1683492
757435
609000
1719770
1618750
1657592
59341
1174856
375825
1943887
1689435
1159556
1129921
1823574
733493
755200
723859
6583
550726
1983902
1608529
1973742
554325
1213287
841549
468934
272190
1620494
105010
769929
1791683
1006314
1871945
1042540
237199
1897362
337422
1987246
1666619
1789177
1875377
434370
1395837
1312832
101766
117590
1586962
412436
1834364
995928
1885451
592450
1076667
777705
1930016
1397503
1653896
1605904
13571
1378521
180507
477101
1677314
1870623
648043
683041
786168
1686241
264367
81909
1719099
1005866
1185947
144568
602482
1304920
1565588
1008370
1900199
1852279
1644701
856675
1815400
1541398
1775
1202751
1149590
93598
913009
614718
1233326
493248
1084336
622860
28055
899571
750524
1221507
491392
1725026
101196
105961
1262636
1410511
233690
87847
1454398
15163
300416
954862
529964
1881854
1793550
1552552
1024856
288740
1830267
89424
473165
1803531
18451
274540
357158
1684474
1228084
592274
831090
224005
271346
905008
1065589
1868947
1586061
924433
1533534
308073
242162
101512
1231884
1951628
906075
971920
503268
1439583
514226
272385
1686519
625343
951620
1002446
1593949
426461
629811
365347
928736
1438321
568825
1993894
1688767
1932358
1622964
236337
1149335
97930
97181
1951907
225188
362892
224298
654592
506783
327318
1682615
1103005
1051503
1345579
1474485
1241859
135537
1253594
1918247
765189
1362043
1350616
1980508
783512
1383015
1008757
1011176
1840127
2088
39263
88284
70366
1487428
1687894
1669473
792888
430063
1489219
1584420
1066986
712398
1363491
88433
375570
635691
1710424
1624459
514486
1702988
1400738
1633860
1736638
1189980
1117702
30659
165745
650991
414765
699723
425066
1516497
1348308
743524
220390
451871
1214935
1573067
1928566
1277106
216205
20661
1220349
234764
1522315
298557
1140326
936054
1318900
1364718
235868
1809336
1028495
1969557
1618120
28933
644703
199776
234932
316294
147506
600246
737593
136215
253183
1613902
494603
1033339
1584488
643257
1776412
733993
1158926
1906642
693451
1943025
1232982
1827681
776362
491251
56236
222541
1064168
798491
1307413
799122
947184
1047784
730201
1373515
936514
707982
483151
1651460
666044
518277
1670327
649996
1707542
635934
1272558
1980455
1934897
550080
605202
671968
1407225
1004924
1731013
1375298
1900502
1026247
1756450
1135708
1826924
424135
777018
1581091
54794
1811344
223556
1862981
1021900
439223
484602
1434575
228664
1947303
696024
1531891
594738
300085
1517337
375250
1405226
1642987
950336
1393391
1581094
1785101
1439259
944331
818380
341352
163393
755757
1126013
537978
1436137
777518
563688
1875008
1102531
1685281
1354526
1066674
789120
1904627
719693
1478724
85930
1387487
594783
625210
1927991
1605153
1547135
174252
711650
1718877
369265
1552354
721637
20965
848258
1952937
343904
198109
1362050
1664225
1122550
1071896
187102
355377
688450
601972
503397
1422999
166631
1990376
1020109
253858
438290
1726333
129843
637860
239685
1072588
1549271
1785724
568270
1894850
687502
1129232
81301
1208951
27348
832614
810743
673860
311444
542126
1145942
1814902
828768
1474186
448895
1638554
1102028
112091
462751
438366
24817
404968
442718
751110
1242664
1080938
110283
1410349
1413705
1199883
1164116
1240603
1609497
1791539
1124324
928367
561141
175993
1334237
292162
913694
753536
1467405
371081
1870356
1388467
1902433
1172198
1908725
122700
315978
1417085
802315
1901905
731143
326171
1609679
407711
1223572
918269
165870
1245379
1273553
255971
1314554
1017739
47519
555019
984582
1031920
1727625
73581
10093
1693804
539195
530934
917622
388107
529406
1116029
1190697
1450055
1388826
1129235
1575864
898143
1867323
1004031
814469
82291
967749
1882637
1173041
295040
1318600
928863
954343
1360812
1092481
1347539
896659
213510
618383
1877296
817313
616209
877975
1506699
754981
872547
1478594
467524
501244
1948826
680258
1810113
184966
1234406
1207486
1822137
1087814
1938181
1459725
1107612
106770
1923884
121615
597979
266749
489216
642910
956522
1558490
1339468
167993
883922
389427
1767281
1923523
754558
1712812
98100
31591
432887
65320
368477
1450895
1776749
411883
11162
1592074
500027
1261639
1261575
1156143
1767108
852961
1451257
1563602
1317843
908760
1983257
1397625
1989540
1167468
1049683
1408242
642547
981385
926598
386357
360690
819654
1525559
1649662
897098
602206
1882641
1678135
554476
34647
179392
880920
745835
362778
1066109
1804683
1732412
1922286
106559
121607
47466
1606351
701008
1391332
1283846
1741740
228079
1343687
1038053
1922751
1554604
89676
1049500
1744166
232245
566338
1559238
1552703
1518293
74884
1399699
1138400
950004
954256
347793
373037
458004
1852050
80582
1435
895331
609353
1800119
387873
875673
1086002
1333266
1242801
970072
159076
1464913
1699251
210371
1570833
317479
743875
228715
1447820
521735
1940086
848298
593029
254925
28174
951632
249441
440739
686572
1471601
612317
1589355
622883
1318614
1130123
415829
1070995
1165589
76532
536983
781803
1168405
317591
1034657
1019867
525881
1345816
561437
392801
444112
661966
257650
504985
1086643
807569
1373602
123762
1471362
837265
7344
1168322
1051473
1709518
1137426
297112
539151
1258670
1165673
582827
5224
614651
1822396
1108137
1356459
1632516
1543579
1168949
879481
1115731
1355562
1216581
1227571
498836
89634
137005
1491746
1155596
609030
1619112
1130222
611857
221986
120884
571000
1212420
1643320
1794101
1785054
979203
729814
1923076
1820543
444073
1522819
1043795
871597
1778807
1838303
1871298
698228
131055
1057461
416479
787106
670666
1602808
1973468
787425
601684
1179861
1975294
841984
62741
175076
1128248
1482990
770971
96047
1784034
1225170
34385
1657847
326081
75857
34895
887774
566701
1290401
380333
556949
962678
515619
1720343
795171
23180
523117
1568719
1384364
1100379
1846157
300030
1042807
1013003
539104
1214927
885363
1382200
1376423
793994
461711
158675
832756
744787
1784632
299618
1028274
1704812
1113940
89387
350943
1295634
1056453
1380215
1747260
559691
1899752
1735086
372174
58681
485342
543565
627198
1278664
1006901
752251
1127829
513332
1486464
1655268
1051680
1736782
301349
960760
1390736
1170693
75194
1188176
1559316
681700
1731283
1348178
54395
806234
820565
1739638
1657429
1724194
553641
1366997
663104
1573569
1224888
1812227
1583493
314283
1791648
77705
1769214
159708
877749
587269
614626
1227214
1542694
639546
150597
1322895
1133656
902973
1977912
1056181
1289190
1080821
1781387
1894876
5231
816228
1963464
173651
1154649
1036123
1608443
524761
1616554
597705
1370605
1473469
558316
1378790
642468
1027581
1588553
189467
1147145
275964
1056821
1063051
1233080
1193233
405390
768208
334054
484029
1183369
834156
778818
39394
35626
1139704
569077
672685
1221557
389011
1229508
1362080
1973355
69881
1344885
1348277
1894386
373455
162704
395704
791496
522426
1727548
815374
1283344
576309
482458
1908453
772916
944853
1082536
1908199
778794
1600683
953721
1626203
277059
75729
1436592
1922487
1321246
1453740
1183532
821605
783091
1971649
266146
1408609
1236124
947436
1956671
1768069
559908
890742
988612
1455601
653885
1441936
1130049
317826
1524446
1622878
1818099
744239
79855
1461687
601913
1703145
860066
962640
1191294
1589331
1471076
185677
1267768
1764466
228281
1269708
283096
1502650
1205992
77855
402924
1940027
1796557
361965
492922
1799024
855384
342720
1062132
913988
1414998
413972
243258
427588
1710661
70164
1386859
975928
205813
439936
1218200
1294551
1561255
1936797
980938
1189153
996733
369439
941607
274266
560005
107941
1871859
1786165
176710
1751244
656762
1324623
1029936
98536
1243819
1327881
1705142
615225
1010710
1041609
157816
467423
1924497
801718
1635093
1535838
860054
1015901
1206430
1040075
1030856
643827
1458224
976430
403432
1379048
639312
185822
995829
1603073
391986
1172751
1744585
605795
729315
452886
1600639
1642776
1761355
1238153
668689
526642
807704
1080078
1185069
935791
1013439
609213
1513330
1318344
426750
1625486
1930897
92338
1874514
1771820
1900036
1315161
242990
1122509
1657978
262675
696125
904354
364906
1498062
1941670
1722606
463552
1956102
1755512
56557
504972
1926491
799704
1090378
542541
1948963
1980471
1775987
331343
603170
1182588
1972277
739215
144518
918749
206977
1898785
524938
1172576
1989340
246641
1879097
307996
280043
191360
1713495
986380
75027
1785254
594760
1330116
1845670
425472
1315242
617000
916533
935586
1350388
311923
962747
1976912
1823309
568388
494084
1479847
606383
1257667
477202
1046292
475885
1208218
414301
57688
772067
1542828
1189959
1924855
586356
765798
510198
672711
1897522
1512877
1277000
438809
1352802
1955364
656733
1662001
1686988
1788337
884098
880201
352299
1367478
227545
873529
78475
1405813
263045
187141
124435
213419
1629313
1010735
527914
224879
1309813
1466154
1986093
829397
717619
1355711
747375
1211435
149546
942181
1105514
1580770
1990198
391427
1854570
658823
665359
366310
1471849
128839
530551
1407832
847806
10841
956511
1779651
1542952
1049998
1018834
1036863
141402
1314098
1200270
257371
1860603
381815
526230
1037251
787404
1292859
1374921
1592826
1159347
711689
118253
527750
1310570
450650
321577
1759463
37314
1250796
1978893
1058300
962615
439702
696074
1520415
916543
1761873
1021146
477395
179865
1266189
618612
1936246
10669
1943395
444688
1823872
1258366
882078
594902
876137
1833712
95603
1856664
283612
221379
1517851
1579811
1785395
136536
238379
66745
1406444
1670704
865012
427337
1679077
1923615
1096072
1261102
1583845
987735
221844
1453289
1853089
1602410
227223
317164
1171049
1314893
265518
194242
265033
1862121
1127976
527708
1538030
187648
1331124
82535
1714938
969840
1405899
291722
1932746
1595906
1511678
968284
1849998
1950859
991638
1693622
1726327
1260839
954531
554308
1454524
1162359
86113
420319
474760
1319069
1508420
149335
1767753
27957
201018
1637041
514559
256937
1424728
1726990
524500
1857918
496631
1109184
305871
1071272
1924021
826656
994113
574894
1361799
726434
734510
1985557
899966
15536
1688036
1449351
1677680
647294
929590
1497069
184435
1340613
898519
1202350
557419
727597
521443
494734
931316
1414775
1119025
440721
1450113
430566
1194897
727131
1251816
1548270
670569
1602087
871352
1403267
1121195
283666
810426
838683
104135
1618914
776204
1931375
545801
269622
248305
1001045
218127
883692
1732023
441179
1674445
639877
835409
1180193
1583911
41342
1950512
1238075
598066
549236
641952
1990293
1521679
1544809
909363
1806925
167878
1875573
1943535
1222549
334313
422661
877609
1274363
1605570
1462028
1920645
927207
264730
218088
1094936
923749
1993557
843857
963330
1571927
1580511
1341685
1947505
457589
1522605
1723533
1520429
184061
1262133
1661481
476899
1391112
151190
456035
1048204
281840
853694
470223
1290670
1857637
379871
1048037
532004
116080
691539
1011472
745419
1319804
305082
1600019
945261
1296304
907541
768260
978906
1195164
722799
671783
1235163
1561451
429845
787494
12700
791628
54306
855150
116926
1053130
471591
608645
1099637
213192
1769003
1114367
294971
1634595
1392862
306484
173162
1972310
154270
75174
815462
27164
1605870
1211336
585059
1701868
689640
515626
1454529
134718
82329
1504955
141292
139537
49206
833680
838942
857631
1044974
959548
1961665
71235
865919
273836
318208
1302908
1058813
747089
1347077
1234316
557218
156518
209739
1296377
204874
634512
121613
1275974
206534
795113
1957539
1798345
1267719
322020
1024482
717784
1517460
1086801
1826815
789542
1727261
816102
910277
543320
1318468
1324502
393613
1339053
1442785
1991822
137116
72032
1325012
1524007
1493827
1377298
1756904
5207
1915952
1195932
1694618
396184
1263424
559356
546825
1875478
1060911
1260373
607509
1912590
664586
1364748
372320
1067564
1508993
1911459
556950
978742
708513
1065705
1701599
1642625
335878
1795641
757200
1271300
450879
1304726
414945
1512837
1663893
1690884
1446439
1353536
608548
191514
1607762
1724690
1351989
1226703
784800
423388
1067299
1234968
858212
1380806
1342959
136338
1112109
604931
913597
520169
1569644
684533
763407
1276852
520788
651108
408541
399564
415225
1742445
244621
1801038
105982
90817
82025
338092
1810521
1311609
1871619
1722255
384086
814799
1285150
501918
485149
237994
327943
292284
1575064
1080247
1006553
253979
503191
629681
1714592
466452
1705742
1638075
1544266
716677
639253
444799
1525998
230413
230607
4400
1258535
1626961
534928
1485997
856060
1679955
1405409
329790
542026
1886684
572260
1271447
1917975
1819556
1690384
1110735
1642431
1541976
1904188
471628
134689
83411
173840
1416918
76497
977925
1711660
33235
1775248
1866754
1805618
1914896
1479091
1724116
577526
440443
1149197
1185456
653283
1102021
370578
669670
1739640
959221
1668657
1754354
1751268
867794
535348
106108
1982859
671893
260089
758178
1889189
1938747
26685
697939
1403025
73200
1294261
818352
272573
1095816
1734471
577972
1054853
1172195
944223
1110722
1993251
1257744
1292830
1337399
40110
241208
328978
475404
1791257
952935
445722
1584440
803480
35182
1363096
482507
486934
503364
1587414
402835
1794430
41101
1689261
835383
896725
1676388
1301180
434719
1801235
415631
507467
493938
124696
1283858
233992
453904
325719
221124
520747
1790925
1578834
669529
110121
1200515
892247
1150074
1162871
697095
863811
1399104
25339
645905
602824
1232491
896781
173411
1256117
1818023
627508
1624177
820321
192606
1941977
29432
974186
1689073
175174
1086399
963331
127776
102229
279376
320412
424641
310572
1332725
1675592
1542732
750370
877857
919278
119612
1987233
687209
965072
357615
1247207
392531
992044
1677176
779809
1006374
63800
158155
1805302
1172627
855582
540695
1906453
1317976
1491696
658893
1714745
111199
188127
804067
1244378
1152408
1710951
765448
44233
1708350
90748
72548
1481184
1410460
418818
1641399
934005
373391
854907
1912624
873932
1091307
1709762
1585444
667596
332130
886280
122623
42370
841907
152513
1511442
1005871
1315724
1805514
216782
213507
1446267
1832019
63911
361506
805679
145189
1753081
821691
729254
1837479
63026
1581152
1098758
83304
247650
1196488
1635969
883111
1490844
1121187
1905930
147955
255405
1090175
427606
1899756
1261578
1125940
1927966
1016446
814675
776226
572494
1882575
830292
819392
1342735
701735
1676357
1797241
1836326
1772728
724432
909568
254582
127045
213722
708850
512896
48166
1707573
524783
729023
1866912
1110485
360169
873097
334322
1537336
1360042
940946
745081
1075550
1760718
694696
1669039
968614
1140428
1401149
1244344
379068
1923593
121237
1615688
1232706
1109204
1905572
641407
1415113
591353
133841
433101
921338
1353678
1524626
1101531
1711454
455261
1112977
490221
1366806
1595032
366271
1783121
1356
1492961
1348276
404393
380791
1174168
1148773
554449
326345
1595634
642786
1751709
1550701
356066
1076038
882976
1019552
1935046
1567188
1610374
431995
514503
381065
679772
730291
1782096
1582518
173403
622240
165644
1867269
1336488
587628
765084
694041
1604144
1037094
1557573
1028304
324618
1761263
439442
1043973
1882840
533058
1299685
1091051
165821
104191
110504
1669385
481259
880297
646824
559129
1887334
1598064
1782654
796782
388506
877170
1751269
1744594
1542444
130797
254316
246525
72970
631489
675322
27720
1892305
1690639
156889
1139384
784061
1936666
417193
290810
145421
1369462
452027
524495
1326563
130007
770254
1264766
431833
502094
478728
24956
624326
627121
619794
335519
1550413
521270
1389445
1076413
1069423
1986344
1390062
537240
1466459
1176136
1368531
1136628
877247
817497
6049
1430245
1200371
1606980
366899
1576567
533900
1413063
1008517
1407604
343964
1882320
1444667
313671
886643
820177
926568
1722414
748509
362088
1431352
214274
596415
1990043
1943010
972826
1852130
1010306
1924993
516462
559448
1465971
1670513
850077
1772097
133961
1241628
778670
778659
868836
1622073
176413
371255
817891
1590513
1154904
291689
611138
1448011
1361149
1795177
410057
1198987
1391067
1477337
874432
18968
40722
1668305
1792944
1651201
1214703
2681
1493441
820995
1593627
764056
999974
428546
145153
1355604
1565981
1081502
531274
1926738
409913
1191331
580810
230651
1396671
980277
1358380
740676
955622
510443
1520836
1445202
601561
231286
395523
1313143
194691
1033440
632133
1024538
1020788
277710
1435087
1153948
1934084
205792
1339255
1865354
1307979
1409171
1951230
268612
792386
556671
1607832
1958002
1137608
364086
445847
1706130
666251
1721941
507663
1767721
1380634
353810
1757028
1531516
346164
1009601
771802
217061
1898982
1935149
1560969
760950
1140047
1537398
1022496
481321
399679
1805347
865597
554715
976856
1050489
101113
1548021
1908719
1132413
1450765
1982197
231915
368698
541575
177049
633091
1759808
1128089
1364074
1239283
1609343
866274
1816300
327447
1622229
1078066
11306
919480
1114119
20974
378532
1979995
1576144
37299
100507
1189314
1017487
1581573
195057
569564
853948
1629854
1382296
1247515
639853
175984
1076981
396476
1951334
1558422
125911
1658533
102206
71175
1893571
826786
472842
926919
1692287
1648056
1562340
1651733
1915597
693004
771902
1123754
1510011
503929
1331103
1575272
920437
1619033
1628052
1343102
272558
26642
1852978
1979552
1490011
574547
1157638
188403
1249068
1218156
364704
664682
1326761
1376917
362247
853570
1513137
226573
1020098
972642
654028
705721
1953495
1523149
400973
849462
1723418
29779
1975979
536206
1309971
758374
474387
1966671
1622554
1164595
171065
737155
1252899
1248772
1845327
496961
565416
358122
994228
1147396
1765095
283357
405196
999853
1491749
1941134
1752313
388467
417023
1147135
1083631
757203
1030757
1020149
382667
536284
541023
1205931
1317325
585741
1561333
1136287
679812
622455
1430317
56689
91039
1613245
608020
1180051
885535
367726
116114
1109666
1743320
27780
1213034
3674
1740035
940488
1023262
1578040
130703
1799079
1195840
1316673
470409
777608
341410
488593
1059479
110288
434323
1979596
1944947
536586
767571
262063
1785190
1510635
277810
1341155
1407640
1269976
1590771
1982316
1381581
792654
53552
542990
1579851
1456633
1677470
532638
1792990
753276
719199
1928309
105419
789040
615044
1627416
162509
1287088
1726108
1360343
240278
396162
1527335
1400270
331389
1816416
1365451
1790889
575893
1599028
1295820
747158
1983380
420631
1683912
318752
988304
1986502
326117
1465072
1368581
77200
20786
1053220
1253217
1844164
1830662
1527148
924611
1191421
285716
402292
1503194
309119
1078858
1450551
1851150
1724341
1915466
682356
1121119
80094
1216364
417034
1669090
187437
561841
558565
1638937
272211
810421
1177451
1163938
741483
230886
1614130
730237
1279504
1066332
1615330
1992657
1614466
811102
737086
1979955
1839252
986229
7475
1290014
870617
682428
1551800
1574875
343105
1016947
27796
216486
472981
580816
89658
236641
623453
921476
738715
1020799
171160
501801
385708
804066
1764243
1608238
203347
562646
1068902
1025039
169786
377223
1253049
1348364
785796
1586338
1818046
372631
880244
1892394
1675236
810567
1426308
1396141
1264718
955386
107148
27648
1997566
709980
574818
1734700
970284
1488669
917529
1509939
462255
1738633
594113
217542
724221
646129
1100151
217892
1577919
202256
224989
1178764
1305614
1066364
578966
607319
1669899
1555836
987913
1415360
1230290
527274
1027935
1381784
1082126
1860072
1395325
404216
1728680
1898013
1218568
360465
694555
485482
1415660
1666738
1873700
259832
575398
1484775
663763
1903667
1383760
539777
1146159
1940459
911087
704932
1168997
1742858
480211
1010436
129172
358765
1951714
1551777
1057661
366927
1115385
613756
389447
1428299
343782
1931334
649605
784360
504415
157065
1003347
629526
1727236
1375433
1014845
536786
562872
135524
444251
1673545
1969423
186164
209428
178867
1147256
1146671
1947673
1957592
1956767
1607637
185971
1971504
1569857
1399373
981024
1348939
1079648
1774451
854056
1603880
1808811
1465290
617091
1515284
1306740
1924757
226510
325166
1765890
1858918
1170882
701353
788647
1252014
1803256
638796
1082812
1619846
216526
409582
256072
1595496
1973442
1857496
1216249
1128258
143717
280736
1497989
584451
1716983
1407628
1224899
127481
1897089
1256228
989936
1908126
1628446
643935
1683362
1072964
1911368
700833
1402540
1441733
1725853
386700
206789
836309
570659
1545838
326601
732776
1723578
953951
723511
874833
562516
636935
944261
579143
116857
1837764
1699961
601980
1004455
1930882
10836
1306096
1324229
1051481
423060
1218302
1527811
1227987
1376061
1289724
1269270
1435880
342238
95688
1711211
1280442
1089826
670111
1942054
1855187
1663082
598275
1384549
1313313
423265
1542227
343181
1677339
175675
149931
537378
874648
1073467
1055652
1916208
1250423
1989606
1129570
999092
320998
1504379
892787
10628
1653343
1249694
1641060
495765
151495
307122
808928
330643
1818559
1740163
136147
771538
1058184
1838654
1061726
1592401
313408
1899423
335959
1493134
1113442
53406
387942
1618687
796073
1258174
653625
1518433
705759
1772048
1729621
41268
1393281
1688322
421613
407365
1803898
57121
660749
1621059
1709090
306980
1825608
534685
81350
162573
1581295
1460524
1838896
575271
1580984
528046
1554923
572713
62412
1577951
1170330
890884
822889
749802
299786
449452
1980069
1114447
179273
517884
1602088
1416193
1647113
1789926
1091558
219732
1374127
178044
1636739
1561418
1067030
1877142
210980
318952
292502
579660
1573322
1167804
772304
1430684
918777
1717985
1435018
1447039
238322
58480
922489
1125595
185617
1849368
1727936
1892631
491117
1975184
712273
876457
888385
341476
233808
1241320
1109386
462405
191334
1892697
1110794
194399
1434636
485351
1303439
1679946
404696
711672
1334671
1381550
536881
1154638
1912370
214465
1843352
1191968
1731235
996826
1574965
1102920
1193255
1982206
34505
188951
1279244
710304
1580288
1315267
386891
1702210
1632503
1094186
47646
1135761
65827
1141431
939176
802900
379813
580169
413292
195336
1806187
1271960
630596
735171
1391753
956618
1499869
1145104
1902215
305294
1329647
1638910
832904
1630384
1459433
356304
1416395
94500
1665591
1034118
1594391
1207860
553006
248107
1531350
793795
641156
366765
1945488
1058087
1820918
91119
1806987
650480
1968544
727883
317057
555004
869487
861246
850436
38177
843298
113676
1368999
124589
1215644
1470095
669564
833883
1708905
112908
502143
1598168
169713
1548920
602974
1150134
972194
1372038
317356
1045654
753752
1498357
35438
637656
1418186
301431
1080332
1802714
493637
773792
332874
1235221
933435
269214
1305356
1221647
16188
500915
1747660
1557429
1215786
828176
1796981
7144
1139557
1279476
1570226
636830
1111611
750920
1478790
694041
644820
1940807
30467
450158
1726563
840619
1649912
1283057
118614
1174774
912296
602525
507593
854519
765196
1080221
1669060
524321
502194
752356
1518789
454681
1706999
886922
289722
772556
60203
1789217
1373812
1431293
1362346
724829
271047
444299
224726
1556778
1038611
54401
1344965
1411827
1259727
1664563
1240555
1864727
791551
933112
168725
577701
1793556
387976
1101204
511587
1947573
1472199
857519
1879446
171118
1989090
1383452
142837
1650036
1138352
1818169
1777544
32887
1501241
180320
1910004
1869970
582101
1224876
842803
466503
1891676
582068
1590162
1442333
1086665
270122
42078
1340727
641738
1494900
1170889
126911
1302041
770871
1936528
1777796
806433
1205404
1543845
965970
144535
1111767
1968539
336107
625891
24144
1487831
1917282
102645
1929412
1376412
1622541
431354
1293925
1778803
838413
987906
1125334
1171323
907625
1732765
1276374
1308323
422670
1640361
1334397
523014
1324385
1632825
1709387
1266590
1606873
1457569
817942
1711804
1184607
1720568
94317
259792
900199
20385
673411
1708136
1106990
1522904
330515
794684
453542
1601210
830795
757903
1140424
1366616
831424
1232967
1548047
351254
376062
1187465
487496
1062421
389944
1205646
979673
252941
418835
1236935
655018
1341545
1060806
1534578
455437
786862
760857
660257
1236180
1771539
582559
57119
1326958
1342921
1922881
695778
684270
1026870
337911
378386
1529311
1549871
1302669
1137081
1357124
1473509
930872
321912
159340
1407185
798089
1562513
532801
1413582
1766512
824446
583637
428999
1281678
1726058
689559
273958
179247
935806
1529532
1684841
1029619
1114099
506722
196950
1184137
1186492
1421896
532831
105493
1332427
1588325
430823
1506507
989411
1785622
1407635
468674
1690823
502542
1298934
1277142
1999095
541925
85249
1440472
525660
1413661
871382
169973
735330
1127066
911747
1860058
1617885
574391
102464
972682
1946696
1214065
1004734
504970
109688
1991160
1257675
1517568
1530807
1839940
425675
1054724
28757
1339077
1804680
1843045
99875
1311269
1015274
1470030
723450
13387
1023540
1726241
1369055
1361466
137867
692717
201599
608217
131241
1564733
1425617
1339746
406220
1145622
1821450
1785725
1393421
351398
1432293
220331
661044
1945308
407944
1556452
929127
1447279
1387871
43366
1012928
507103
1631625
1385331
30885
272287
288193
207521
701687
1136894
1779047
488891
1033794
522937
334462
885264
1409174
1901981
561246
770642
809051
44550
679482
861789
1465042
1529648
938000
425950
935504
1095545
1920575
871629
728853
1848034
951855
1771
514272
256305
728550
1128840
1466767
1546330
1488918
532846
608570
1068375
1760164
1788995
595677
12136
330455
134129
1007338
287325
1587745
742520
327549
661454
1741147
1966487
1802155
456486
1094433
652920
908814
849916
1480574
1323930
1190137
1001187
369283
731082
694888
971081
1412843
892362
568370
1979524
1927684
926818
982273
1433855
1534352
1825284
1803814
783653
324178
123143
1277157
247197
1374764
1734269
754851
1620714
1426494
1051645
1706673
1691211
1259814
898505
1330612
1972392
875786
1695933
688521
18018
230809
1197095
732402
862506
327347
86299
640246
1508337
662959
1631867
553446
886892
855504
1816922
1429491
1464962
970711
582089
44281
886743
1779811
1410345
715574
1975993
1566025
1710000
377249
1336982
991558
1402014
890702
1865551
1555166
1630920
689160
1616458
630011
1742505
1426969
1619215
932299
1210599
551753
76062
848771
239259
357987
1523156
1791123
440082
1329786
538025
173731
497167
546634
1693936
1403978
42664
1681361
556322
1505916
921387
1217777
228453
1528544
1114197
1058796
1120305
1410801
1641262
140443
521137
1303537
521570
1352605
1449572
221835
1201028
1970893
817959
1007025
1530163
143656
514815
602618
455489
169355
659853
968893
1760990
254620
1712583
39099
867802
1658062
1839710
1927737
1017107
961409
893991
169478
46002
914548
702793
1422125
306792
949560
905521
725842
535676
340348
888958
1315420
216811
1554071
960812
148075
191017
1499468
978389
226286
1618541
1141990
159779
779011
775294
1445398
1258555
1589778
382930
1149677
683523
814194
793631
88387
1437987
745554
891326
898328
59962
1503276
89643
1409562
969101
1190763
1861929
278302
1026750
629
1453388
249198
1221527
80092
524030
763480
416612
1134268
1434439
19040
921922
403729
1393440
1663099
237248
1186561
1528053
1256819
1444440
1981965
1733073
1854641
1526779
1385830
1147518
1981303
181698
1926070
1457907
558129
1753570
557796
62763
753892
763222
594727
1607982
1356877
1799112
640405
915606
824620
88049
615842
559499
1632205
626924
158054
1746700
22888
67358
1581665
202479
241017
1037656
327734
1360941
937921
1068801
1691108
348028
763898
1157015
1545857
1084581
911741
1376892
267550
591940
377572
672282
1163360
30691
447267
1551260
577244
210727
929982
1351763
62387
1938641
1231277
1241679
1892614
1834637
704006
1642136
1590423
842825
1062257
1539813
673635
1736558
243973
1718977
962443
1432320
479718
1593458
599021
80589
1599247
1432216
150699
1523804
1569411
1012138
1422812
505693
791895
1286617
1826502
1332096
1415917
1921704
827558
1612550
360231
833524
965643
98848
1778356
73315
177974
813599
696761
1084141
1620769
1222759
1761400
1362507
466415
312442
1927222
454533
1960970
232454
406619
512976
800016
1500029
1310927
1199303
1717334
841667
865793
433267
1692298
1801916
383449
1959352
331529
870971
1433760
643225
140266
243616
1657185
1646266
1050887
1714454
539630
559878
1664976
1824343
1021949
956779
98586
1951625
1642845
1615887
1949156
533311
1596225
1191114
818767
1109295
930687
716132
1374696
487589
1954474
618429
1545939
1733801
71858
1348795
1010519
57017
675516
720747
152001
1995643
946457
1862366
1789767
1481962
371281
1056875
1421448
1809496
1774283
1822843
969159
443847
801606
1270293
925127
132460
1309938
1458973
370430
1541545
1121505
1428905
819293
1538141
1094378
744338
821678
1069438
1988097
1636183
380426
754268
696663
184572
436720
661474
494251
1160314
337129
5840
706222
1595257
264288
270779
759166
751968
1149732
1203447
1020183
1098327
1637794
172959
1510143
1019159
1399549
159197
1269732
876804
716074
238806
1911903
1327657
475349
289260
1199966
1601939
815967
1854610
1769603
145363
699374
668298
597432
1338462
1011320
1864223
1139953
1658914
1966032
1468774
1732563
905411
1985769
1612806
1929692
934376
1179736
130726
607609
146867
1609347
645019
496500
871209
1655223
485593
1445877
1635365
1876934
820851
1100509
78394
179458
1766978
1807400
987133
901845
1585826
1166744
646356
1347950
1622652
1803475
1816802
1578215
177065
1112386
663114
290322
858725
1203178
472721
692335
775615
758880
1435233
1075157
619899
1597985
1859175
29665
1392375
1709646
1876168
1194810
838527
241533
1924709
1603011
894903
445899
1517485
872220
782997
719134
211444
910728
1445778
1598670
55605
1825287
805334
1799760
8990
1585934
578150
952989
1383755
1024390
1665244
929253
301026
414449
1711115
1933679
206766
801708
1651775
1589493
1449655
1939393
138787
1535234
704052
238348
