10000
1238843
1576893
142488
536958
1474378
364870
1140834
742153
1468934
825834
15498
506176
198962
1620661
143200
1045769
1005019
1745811
1978988
896616
1432894
1921411
824047
518375
1153471
213669
817838
954079
1662242
34483
1094676
152184
1472689
1002166
937219
28755
1254818
922392
533034
1633003
727074
480357
1642020
1543916
1183571
141577
296140
495235
525083
55174
429505
771661
1833127
383796
1167589
1898383
1975968
383811
1319196
650929
443041
1366316
648737
103108
1184229
520476
1223659
1574950
1001295
1216843
512746
1280570
1857230
1047629
868605
774266
1311562
310401
1131762
32987
1334021
643654
1417924
584510
1850362
1072914
913071
1420996
135787
1283355
358828
1673307
1490307
777224
147696
1383533
749418
670206
250917
1631088
1666588
1895636
816655
441450
265307
1279934
1770618
959052
928401
1855346
609560
1575407
664229
862829
1011323
1701037
899737
359717
1957465
1635984
717780
26420
1768497
1415614
785748
778954
901235
1547056
1413493
64011
1734867
1988953
1640391
1088833
236769
29844
1648551
1256089
173386
1976288
1431881
1107656
1767608
634326
1713846
1475670
284168
1836998
1533505
781127
122849
1953042
1086790
1392600
1761662
1804613
172967
1085970
591685
1874048
250484
762997
147797
248596
1164847
1232184
84673
1785410
795867
32138
470254
932809
1851173
12571
540132
1593333
1123622
501962
146856
434232
1480313
1143898
1022355
1963917
828648
1040311
474241
6460
925720
793725
113705
478440
1916809
1754087
385715
1997309
879855
1103429
134557
1060031
1977983
659802
1298904
1543648
31360
785440
1912838
1480205
1736964
1901487
1544290
1303207
1771523
909457
1887760
753469
827038
872650
55297
674137
875326
967008
400396
916000
1835008
1080093
1170480
1055938
822416
811257
567908
833837
74898
538230
343529
1023892
232904
1041571
1650611
35164
871606
242090
1228191
101194
724704
1600819
351377
687396
679182
1816005
1894344
1088793
1471507
1759853
862313
170727
521521
1438056
1270381
1332519
651858
637400
1555038
341443
578654
1017830
956101
1714472
1879621
783423
1257750
672085
1866388
1957295
649109
1978280
1083000
547045
1977074
595526
1003761
1508866
831581
586170
461446
532917
1852063
1581035
1946531
1861614
1436718
1184509
478143
13619
1340772
1097586
1858641
1072165
212306
256235
1767722
1969086
755911
182270
598331
1128341
1922066
847901
673629
1602510
1097167
485836
80171
411586
1280120
1915298
236681
954644
679196
1924876
1529193
932332
130747
113793
258541
1213174
301736
1627417
287700
1322374
283641
114905
219961
85970
562945
106833
74017
1055497
66114
1380229
1818539
541396
488969
963281
1534822
364301
269201
909021
61833
75921
1099641
831406
382494
971350
306811
25544
943912
537321
1276071
117667
864428
1129074
1533812
1803783
94838
698568
1015091
709735
1841125
659212
1164543
100665
1042150
171825
633967
274022
1668662
887595
1002849
267512
1517475
459568
599286
1970867
1727752
540108
1994998
54614
704284
1692992
1526907
984117
1869863
1060140
1451090
1111062
1536218
1245030
1316166
254769
598655
1108788
1121142
1908813
1574610
500094
1178971
156932
732004
1371423
1531114
1211042
615299
140169
735018
1011460
1183611
1549787
659483
1915977
384533
1505384
486386
40630
1591023
682037
1332166
1567369
1665969
291666
235482
1025793
871122
521759
1997932
126453
153932
603758
1818278
36165
1227354
1771497
1926903
1343486
1376105
810138
875277
1090260
1732176
1813712
1225725
730465
479814
1698069
1454842
1479208
1557791
211268
1234338
731468
978941
1214989
969789
1597993
363001
890590
1458586
1949708
627956
574874
1939513
55352
45082
110046
691662
1029107
75263
188294
1408080
1357895
462645
1152045
1369819
97013
824181
336718
790905
1462022
731899
1333370
58269
1795356
606869
70097
367078
25755
831751
353938
32405
138673
1153525
1400885
1730662
87032
1682174
1799533
655787
1150399
493153
991756
1137257
85234
1253873
543292
493588
1789658
292869
172757
1406120
85200
271023
1751256
969579
618483
628596
652491
601124
1445008
1502932
252807
506204
848494
1569876
1067275
1469147
1040486
511333
1964442
1457208
627179
985243
789331
820541
740471
1364324
1847411
387529
1690255
535721
1300928
910893
1175375
130792
366600
1286539
1041821
1345621
1838111
1022300
881677
826388
1252210
1877356
866128
392559
742544
480778
136159
1403735
34929
748119
215251
391714
616203
652550
995621
1091630
1889109
422186
922958
1045118
267198
512739
1540536
970103
1419669
1327286
1686270
1014425
601634
379136
125898
410448
889926
80334
1038160
147589
612753
1066109
146311
818343
1676642
1705703
266192
1684615
1802593
1549958
1279820
1861
1564458
1067028
208375
1954486
616295
504129
1205259
1050077
1055987
32997
1518665
806109
133442
1371326
578836
1901677
221653
457155
1025644
1404647
716223
1498824
146295
1938528
196168
659330
1896868
616850
1874755
576278
1270073
1485047
409829
1060893
649790
314987
239532
482591
1159277
738341
137076
1943
1556430
638988
519955
174102
60422
1269872
1206491
1817829
1380699
1613063
1966936
108768
1459240
1136789
640608
735776
517764
273008
458162
1425017
445429
1837067
1145244
1570787
620074
1669685
212673
1239533
1138661
1415876
1385440
1788725
176523
654602
1460688
762891
842686
1654661
849269
1366438
1420333
1339615
360527
455985
1611335
21360
123925
824782
944337
437167
1930814
594065
1370343
1651926
636116
1731077
1901097
1933813
1941180
936850
998652
1986116
12407
1899808
1261413
1728745
1590231
1142806
386069
690316
531790
133392
1215243
1055409
411031
485125
1356222
127316
272981
1771623
818792
707255
1055201
652639
1346725
864524
1333983
821950
227675
97887
259230
368052
924512
949919
293466
921746
171783
1107092
329310
44105
847529
1046368
783564
95600
863537
1254174
1603425
272787
786957
1400808
683781
310724
1245107
1803338
362450
613889
1121652
1895018
1795672
651854
1415120
472542
1922477
227262
1698916
919695
97391
1576007
959551
41680
57731
1136335
1621359
1538841
20012
1427304
1520923
1986824
1930210
574959
1705429
1016645
822763
1084762
64196
70611
1188520
268068
1703575
464021
1223566
1533485
1972654
1754753
521709
1352949
1254805
881965
33906
998589
1483839
966418
1126907
926499
296480
899272
922753
1981036
335921
661609
536169
976605
715221
548045
1461669
1341633
1720629
1142620
1007261
1679558
344705
1657409
920580
1709422
1670440
1637116
1519017
1872111
1282610
163353
1974532
737067
734363
811606
1978684
1250806
985155
1949856
158935
684769
258413
1137503
1739865
1292331
1326210
1255833
1077673
1468288
869196
224753
106720
1132765
161040
397185
343161
358199
1072930
1611845
671156
1580006
1132289
477055
1306901
1557649
1660607
1408703
800686
13419
1872388
1317144
1208113
83247
988773
1292554
1171024
820221
134310
632059
1095657
911557
790750
969207
1624422
1358204
1266564
810827
1788642
1607522
51109
1289943
1187700
1238807
639250
1651719
1295317
1641563
1462739
194813
154472
1437596
1405474
120416
772358
1932348
168939
1729973
369120
1654709
91517
1012715
1992944
1503976
1899340
1661287
1302780
365589
1728151
1563918
105997
1047673
475920
1413097
631171
48793
1553847
874811
1539586
260565
594127
824448
1991489
1098105
497559
1310905
5166
536889
1384574
40941
483763
1783371
1995898
673112
1817397
197989
1599562
306641
1267747
744115
172645
439836
746594
1236273
464170
239612
273565
140834
816895
346733
203500
929437
250508
6725
240181
835267
893778
1512318
763901
474535
1296054
266409
939779
885586
265374
1539012
1235210
1550565
151612
495387
1718988
1355006
672705
1733451
341307
1744632
805041
548463
268824
1723166
325653
1579394
582075
70395
1821759
1937257
296447
933998
805411
593802
1434134
1112480
960225
1361540
612305
353944
1251497
838649
532751
741316
1265811
1997985
1307534
1597490
298560
916165
843135
936231
254354
16130
953953
762572
1045757
1399642
222888
182293
1877904
1438793
1256093
1147171
1501972
52525
1961368
185522
1621831
1838965
865875
994956
1921033
1909312
673212
613210
1000095
205683
1933298
510802
588291
1495425
199890
1130854
1613987
811518
262157
1163643
639905
904838
1727029
596062
664616
833086
1680719
788461
1652918
1452055
350446
1903269
1063869
394831
1319673
1770221
587195
1744344
1172434
819388
391314
827067
174816
1437925
796130
1486200
1142636
1879818
827193
233022
905785
1582862
406809
631625
1263229
1666861
880407
1601017
206509
247548
1930120
512224
1742011
1745898
911562
394260
800344
1131043
961497
32463
603466
330783
323404
1902175
294399
1251562
1997122
1305750
1276566
145372
1367982
63223
134378
725185
1316316
56146
1597132
1307699
1169655
744368
1196847
188802
1144073
1226412
180004
1960977
896961
1249792
1903477
1815838
254199
1369178
379874
82537
1743198
49072
1096928
1096673
81219
1014933
982408
360405
367146
591775
179579
830153
1211
477721
1125315
808888
1473709
467191
51557
849271
1351813
98937
1674103
338880
669114
826383
240577
1004027
1579565
195888
341952
1703675
751093
1461643
1749859
303802
1111265
1851816
474266
32266
1142810
473913
476709
1555302
167587
1685429
1806727
230264
1237789
503966
460209
1111782
1884878
1615867
546483
49389
471105
1570403
727047
403542
1695843
280528
857124
505289
1787725
1236819
82191
949325
1538639
1012594
763104
1139570
1969026
1934342
616445
1769224
177328
83607
676568
1954713
1543371
532127
1881776
777078
852115
366368
1646481
101510
778602
1913083
437468
1573376
964055
26612
1695132
1087858
692707
845330
1266260
89810
1864734
130357
733250
1961268
945791
1653682
1092211
15417
1705480
1728341
1413994
638553
299443
551962
1871699
594571
1984101
406786
478399
1689107
1247170
1040929
562516
907467
77717
1137116
1264963
1573864
1632660
1938951
639973
1500883
920467
1862837
178813
1363543
1353490
1752774
288900
1079802
671979
1142673
1608943
1863794
255391
1690407
351513
1521417
1605502
36057
964855
329783
1196183
98108
884992
1371911
1776923
1341245
1105729
165759
935298
377105
360389
1257393
1060871
1484793
1173579
155318
992832
621106
697879
449941
1783839
1241973
656398
179315
291152
72249
1332654
692685
929958
1060871
1088962
213735
1994414
772439
1470008
1288536
548090
734918
72655
1621309
1529801
1709047
1154644
1078827
1443326
160984
1146468
1841052
715114
145634
1881478
1045315
738289
1039231
1409408
1640944
1668896
29700
115705
342229
160628
1192020
472687
730390
1341284
1497490
758191
281441
1531694
160150
1783838
385941
1770016
272350
1492164
1439880
82295
880086
931996
755597
238274
86742
260257
222423
1378813
739818
564146
861149
1387680
277415
173580
642348
1834013
77007
1417869
1060585
476312
2042
1993630
1831649
278682
1971522
658483
1580803
176799
1636056
158219
1810834
1855282
702646
202858
785135
209620
1166334
436219
99741
1160689
816248
911045
1308929
691357
289536
980198
1956444
1262938
122256
1902276
853488
753065
1624357
1592832
889940
1364255
1587914
904943
1375605
1081048
399505
878638
1702183
278258
321338
1946871
308412
989495
71609
1240825
769072
1050220
198651
1901095
1397710
705277
734046
291433
1933671
5015
1592158
502600
1123802
1471236
1997190
1156575
483318
857944
1840516
1257626
190401
714201
841813
23217
1321104
982719
297161
911614
1506729
1003408
544497
796885
1969238
1159023
347184
727650
1634131
1832739
1064202
445561
425913
1661105
1471976
1467628
343659
914649
1280038
1634020
655461
500312
845354
289902
1789701
544294
696269
410351
201729
1780682
608173
867262
201113
421074
849976
1784029
1722231
1499807
404981
1499200
1397187
54033
389662
378262
1784477
443964
1794610
132889
79640
68547
1168680
539228
293868
347517
1105423
1306896
1738514
67805
233605
1461919
185402
790398
1434985
1795992
555009
450619
883677
1020983
1812130
293144
624891
828831
732758
19226
1463694
1675201
1252392
1657856
133312
1824992
1873255
1002215
1983489
1830606
970155
566145
1181240
943037
1817223
1342574
57483
871926
1955792
1951130
421198
828178
1843711
935057
986299
134328
838795
1622578
913006
1703874
603164
1044153
1560905
534862
50857
1589751
1028083
946415
170063
271214
750609
1584247
389656
886105
612618
531677
1226274
945837
730804
1284051
1912748
1023237
1285421
934605
179586
267740
1235200
483012
1583249
423788
547026
220906
396167
485824
1876728
1409526
1257007
1197489
265201
817992
418100
1525661
1522018
1207994
83057
1407043
4174
1391454
920607
1236830
362023
1237863
1369982
979833
1836167
110541
775570
999073
433507
380900
763788
303091
508797
281123
62308
186537
1198101
405885
442617
1588773
1496721
1122516
89261
587655
1586041
1356616
1406777
453538
1310559
139929
1256484
1518731
1564191
859687
1942192
1611252
1364269
1441034
1432674
1053657
60846
1583622
739981
585899
1173233
972798
1958001
1721829
1742098
809737
281729
126888
1811239
1487239
1583709
1239135
1113499
813625
1187581
312100
1890007
1172351
1476105
1900761
1114666
1819280
940872
417404
717383
1147113
830138
1122299
1287590
1453263
1133640
1355268
51305
1941367
805295
1566698
1101801
1504596
107790
1266623
1833850
1996697
1984608
26448
1053611
1020272
369553
1300629
363200
633641
464247
1591606
543547
620387
97449
738201
1258742
335567
1088506
1231735
468507
1594818
256616
1730477
1519955
1219916
1165402
1492215
604482
635308
1514616
1028285
921999
1726394
1737671
1562569
154963
733769
843407
1925184
1714998
1932916
127882
1242675
1499886
1124896
402102
1096414
1564572
618268
718474
292702
1148687
1823459
210869
1022194
1190571
830131
935251
198194
1865402
1917643
840287
1563284
769408
1821332
728766
746705
932881
1535361
261664
1423150
114297
1507613
1128341
1352261
159428
68510
1541931
1330868
280495
5888
219663
608131
1237231
388940
1523887
1015648
1916998
365361
1139014
1772937
4298
509582
1772274
947390
774157
132409
322519
1928002
1350444
1091728
1822794
1865203
1739526
941732
1448234
360994
79519
1610016
453288
1428234
615454
510085
711253
1237385
1983440
1080302
1919916
1548022
1047669
1518022
1428134
1883992
1766625
1225049
325297
1967350
544464
1280005
838246
889275
1109961
1048703
582698
1523885
977619
127629
804857
341959
89987
1836025
1110385
1506596
1827760
964609
571729
1028572
740223
350507
632756
105448
278832
1809068
498329
43926
1545594
1379910
69466
655617
616853
1601521
339616
1871599
1572310
1279248
1024834
1136252
1643711
1765015
1726466
1468022
388292
1891579
342823
1355597
1825757
1315967
368734
1305467
1933229
1427874
211697
339768
1795326
491378
668899
1956937
1331172
960696
1757486
749187
141441
996023
83904
500266
1489979
1358569
526763
1714468
954693
31516
1839908
1957530
184212
1816069
171732
1394958
1224900
15845
750538
509901
1727940
1972360
1595843
543837
1922869
1227643
115038
1227108
1092354
555361
1044160
622412
1016409
1404515
1059362
1377993
1776971
1060194
679540
537361
512095
167209
1827562
1014940
565610
797339
79617
1554594
278849
1991198
368746
821342
1675959
831411
1459276
1201647
425780
1157607
1570716
594477
972839
1498771
1053201
837576
1508061
246671
212431
1953298
1332872
1845408
582807
1555458
396269
1744569
341222
1078982
917754
1886946
108876
50991
1138246
700973
1945994
839703
629252
1869255
65715
974251
1746574
1051612
377543
498309
1937925
221349
1462973
473412
199675
643255
238763
382725
950607
751879
1006711
766789
830563
1322342
794704
1897729
351941
1562732
690599
1645958
1843191
723759
184780
583023
377309
762280
718509
275876
733740
491840
1083160
250012
1745352
958606
191187
1523289
786155
1079828
1999198
1194762
518151
1767687
483962
1022770
415418
702804
426262
1894509
885386
593558
166371
1587313
794884
1438076
1086956
1983585
334330
1236652
1776300
1965045
446920
1939226
4847
216800
1796502
995548
237583
1326405
763240
790205
1151645
1613762
1330001
427662
1889946
206923
780347
1791589
757074
1299923
1045737
140979
1348772
1480521
430787
1662547
379718
949326
1163640
776534
953907
1127345
163876
359229
1095009
72456
233434
971059
910319
1173101
1228469
198941
164630
1231407
47696
1718238
272454
25171
471348
1641425
1210716
1056060
1459604
1019987
1232595
297409
107356
566447
1307790
1742632
281616
1308207
1793609
961978
1794323
662266
858106
1983696
1059919
1923315
111521
1239529
1737711
1721344
1129029
330166
212225
1092612
1237510
948969
245532
529279
405172
961089
217797
1476082
1547077
597535
231683
1028940
901441
857320
1070017
1702750
1871964
1883234
141247
1354465
628070
876666
1410064
4365
1747158
782913
1697604
146215
1888170
313585
1044108
1386070
1725708
377652
1406360
838347
253157
562451
1004854
748134
1944648
991339
1566961
781651
1541756
667150
736087
1810300
1849866
1501008
993689
1919866
1619760
956850
441826
294897
1621282
959755
420604
1390089
635188
1541427
1876224
1116041
503316
1792647
509872
1898585
263377
1463375
1265140
1004470
1929012
1568243
1905752
1455062
1409546
1903549
1985311
1184298
1042883
1080920
424952
599047
394149
928021
1285996
583548
1100986
1301979
615792
999912
950630
954636
1571652
365550
825415
816327
989893
375583
157703
715652
1574014
592860
323419
1435347
180910
890072
1154250
52813
102162
1254354
1314965
645985
978874
1944498
1330121
700829
855233
452002
1910569
816242
96604
26708
1500037
1587191
1155211
132243
920485
1652954
30707
1725384
1486332
1078186
938241
119733
1860813
380533
738443
1794427
336238
826847
1890314
1650073
834821
1522673
173556
625961
1656924
1827053
1745643
158639
746
1153828
620910
763701
1586343
1369114
1509849
1714195
55275
1022175
809058
1652314
1237840
1310390
840127
1332667
1434151
470624
1004984
1331917
1107398
1928825
1125045
518789
77071
1977031
1426257
1121460
20784
1609931
109542
1933041
1049201
1560827
987190
1612522
1354070
1441447
1640654
1143105
395375
41531
924136
816708
1027433
990869
1348997
1346487
153836
1411626
299835
688982
1889409
232437
1385920
810524
413556
1636417
730002
1622695
990145
756944
1586017
1835179
972466
1034107
551961
1493427
371048
617831
466525
475599
1162218
1573623
923618
573265
201661
921374
804034
897301
92813
848732
1006661
1720188
666974
1643088
1959854
690608
880326
572094
879297
1933699
829617
1672269
930530
1789823
457173
1000881
749826
1047973
1990039
1034498
737005
1594466
1952562
375375
1084557
848346
826824
1079282
300475
450874
1114869
1739645
438853
706024
1578832
1439211
1316543
68486
770222
926124
85591
14423
318061
371797
847051
1296966
662699
903570
1702988
186410
1658197
173710
1697479
98527
987022
1888098
1068644
244632
72064
631724
525761
1598644
926950
937706
1546092
398737
1984259
1498276
885169
1758343
806439
1322688
639286
459682
1004083
15240
1576269
892218
181990
1158094
1495529
1674443
1525072
52554
188915
851116
552871
445408
956660
327428
1264614
1278709
1467784
1153846
1900811
1719651
1264543
1874211
158549
1926787
680623
1255476
1246880
15260
875777
1729376
60862
1057531
1624886
1009402
549015
398215
750381
463039
477373
423233
670910
1595685
1190548
370439
771764
620242
478797
296087
322940
651599
1796419
1497665
847041
570736
343824
1649269
986221
965348
1441447
1868041
184760
390160
28421
1369682
928557
18740
755623
1503933
1265318
427877
311311
303116
487885
520039
1436698
1415272
480181
1853980
174628
1736700
1876996
1988597
4717
1038730
1080238
1958991
1142006
1817798
1372073
1695440
1259206
129780
748543
1434424
1539353
750940
1860667
1299865
1202286
103877
1563683
234204
1444415
1271991
1118419
994008
1052334
1207368
332088
1715785
1336191
457434
981785
545396
1870814
1277105
985334
835617
1062792
191955
1021832
1803982
496292
867358
1797188
901454
877468
1633023
1957122
913434
539975
303873
1407123
861679
1376195
407111
1154778
571016
1544492
305790
1234330
1898116
1651686
397170
896419
919269
622616
162187
80581
1511647
86070
1188173
349446
1357376
1366677
1938917
1945169
687340
1329125
1902808
751464
1150132
1485026
1039466
389197
1111244
227804
1761168
1447341
1139337
914535
937207
279412
761386
1631355
4501
1223782
1291327
1634254
1246480
9475
909987
1552552
775763
978926
1396232
182563
1085894
368863
360939
1732753
1415195
469081
1713320
1269836
899561
701379
1570019
557990
431278
996227
185925
1168273
1441958
1777028
1572999
918716
1642847
1632708
469005
1837159
388055
151941
227774
649022
1009255
1420363
1043903
276072
1327951
1154998
1120916
386819
886566
759106
1393208
878135
1531383
455390
1628478
1385491
657979
492809
1227919
1653511
925579
1976277
1123927
1612176
290466
1168655
261442
926353
485353
277240
1172959
1684834
1592136
70791
367674
730387
1777524
1655603
284859
905984
1644431
1062090
1304197
1421312
1259106
680687
516784
106599
84032
1985623
380424
1674316
710842
335901
892990
223589
1938552
1307051
902382
908394
1064759
540910
564824
886528
242803
1373037
170911
331354
384785
1054549
1701330
1092540
781464
1818000
1521622
1021165
1984992
1538977
1682565
915849
1011034
1209025
858413
1642212
1213170
1283018
1179935
1479189
742352
1676257
266119
280554
1020323
1226866
18512
744646
1264909
1676980
1894933
1543231
1448393
15293
1376934
1167907
569414
1652489
1018366
792075
706238
163099
1398275
1114179
879369
603260
135579
178115
1473950
1468164
278228
1587983
889742
1900281
1284717
1656422
1798407
175900
624917
1416946
417001
1247399
479479
1972712
1486534
117807
1989089
1353041
428918
424537
892537
223299
277543
69550
142851
1124234
317007
505595
946860
390788
272607
976775
1370408
1438247
376720
759639
823775
732878
1342259
154083
76268
1603245
991544
1184166
1504755
1711533
1474486
1154785
395235
586951
49980
1791963
1230542
415114
544523
412109
789183
1722918
786756
1073866
1123615
1621854
152738
1371967
936067
1106979
737293
1922927
1702219
1347000
1222912
979808
1686133
937368
1736531
98567
968737
626925
158654
767423
1747927
226880
589798
499061
433288
817283
1515848
1945310
689636
1944434
1629464
631801
1152405
1563272
457692
915714
453523
1298410
81628
1329808
325304
784427
1152965
1414229
1702556
471499
650909
1569687
1358970
1379298
278043
1126317
514238
825534
1369011
1855378
1780726
1236453
351145
675704
791291
1714698
1387309
1233733
1420906
568620
1172714
112536
208855
454408
1958156
436654
1348619
758524
214393
1605892
1339676
1483652
1195771
1352866
1415067
1653407
140990
623688
1477050
1954817
1816960
1915385
7530
535456
1199472
45499
1256648
16040
1963536
771889
38468
1150144
1234015
73615
1876951
1353476
1681825
833203
1669031
98529
1183404
1341163
523513
1942614
1761742
1008447
496232
1097635
654197
1172552
952622
1634777
504428
323126
1107528
407831
924427
928765
838906
443040
637292
354594
1364751
335132
555964
1120387
1517731
1722577
1160504
1839325
1637644
719147
1562331
900037
168435
1019283
279872
1773423
813149
510785
543201
1705486
867041
889248
1580927
991895
49531
1890534
752843
1099550
943255
405009
1214304
1005001
596108
1600744
1972219
1119991
1069840
732654
1694236
1784782
265987
972349
1146934
1387634
1175974
1915984
1793338
1303998
1730379
1180756
1578325
1348299
643250
1201090
1555789
756860
129407
1992015
1125878
1263731
294633
305863
181493
1939316
907432
569474
1178623
201046
1092736
979139
41211
749825
268729
1569604
1779093
923064
611722
1896536
504436
270256
1492106
1311609
1775991
946461
59075
1098263
370841
280737
1204864
1133079
133463
897709
1130224
65840
1755352
1435099
571791
471295
547392
1283749
229021
53108
1728616
1486075
27397
402816
668145
706849
1619589
96115
1619800
1483832
1722247
103491
1571722
1623273
1582744
78772
358375
1322024
830868
1284042
1603210
1992058
378500
1515603
1167285
565949
693078
1021352
1301790
1056912
541872
1418146
56228
35217
1223771
1753208
498725
866960
1234851
948969
1994775
921916
1299165
1073119
888884
810988
769029
95065
1011828
1177520
193283
199720
586224
1219085
1697408
679561
19000
1186444
1165903
925731
1709773
44954
421968
915876
1068667
26699
1576082
1253304
750716
351485
570429
1933908
710723
392094
1175817
183372
990599
1996524
530644
1114876
166064
948387
1559594
927751
161295
1179088
963271
1094915
1014030
982626
1592781
692296
1295394
907479
575512
92482
396125
1429583
668790
1159640
124191
1657094
1125510
1871612
9503
1385350
1995511
546472
1039531
1682489
746264
1283237
86154
1327266
1242502
540746
1331376
397794
1994788
263955
1024303
686570
1493671
591846
1674684
1778615
1596252
473352
1449420
1472224
1750604
74293
230901
1645736
1416948
1722939
1368764
1745820
311008
1788804
951042
1128460
1430372
1818183
852467
1281904
1628172
704306
642973
1412409
1000894
226546
388105
1423776
658943
826897
1701553
1118992
1133282
488122
1577188
180391
940685
442718
1683912
1864399
575166
34169
1813704
1275349
1255256
60521
1984413
1992563
447940
878425
1957401
1605160
1343007
1022412
409875
1803622
1184597
1115575
30892
1063686
1713996
1716305
1585527
1782894
1608175
663057
111714
675652
1685955
781982
1390151
1780695
1840410
977855
1456113
1607293
626316
458207
325899
826372
1714829
413974
1905829
1601596
314460
1040648
1894561
545451
174299
1221178
877289
1422302
432515
1247310
80776
732815
1058562
829553
194839
1698688
1542665
880476
91325
22238
999910
474736
1584837
1938709
443694
1324414
1850191
1310711
537318
1929948
1678897
929058
519739
1122824
707688
1585916
965649
240851
311180
764977
1239874
869437
910399
834871
1919323
1991255
165297
1627122
280161
5315
693923
1686966
714854
1302482
1426612
409022
1668440
1853718
1806864
657312
1479145
1621556
1355975
1717650
970926
1162411
119
1184271
953360
382179
530050
843377
1317324
1765332
770515
1177355
1709691
1837816
1426987
92911
444386
1330534
1439298
1073123
40466
16625
109470
806932
797626
1709426
1687098
463528
1924829
1818331
936564
1702282
1401715
1717330
295384
1027166
570862
844828
1027060
707899
1529082
1065113
964244
938573
1718602
1136754
740230
1510665
365862
1970268
806561
1574647
475859
265219
39231
1979697
166290
1490616
246749
1542394
1333278
153704
1527707
1794984
1123005
1554999
27444
181746
1836967
1046961
672890
73049
810938
405130
525416
179782
386277
927427
316323
330474
1020404
1556463
1539120
1586247
1922898
1939355
542295
1469517
1595420
57327
1593809
723603
654003
1078713
60447
272302
1316488
1313549
537152
1602693
1205700
346730
1077053
934958
794394
1037678
151011
664348
1701122
1760524
1698598
1685497
96480
134852
81771
193687
757319
699321
618631
1725518
1764108
657670
1406358
1110717
380789
1359030
545764
1840102
532624
427847
535725
501331
367486
1001109
1173069
1755956
1548127
948105
452798
250175
211247
462975
953687
1431144
825759
1248410
678976
734764
384780
262184
598510
273852
61018
437375
1760684
305172
720507
1631306
564364
340315
1950754
500989
404658
1165208
1539165
1172429
1413711
1736811
953938
939049
1923744
1495476
258210
1323660
807621
1748823
656263
279791
1924580
907156
1186396
1730270
1110940
623815
594117
1375760
371572
797393
1027611
1417736
1827698
959781
443940
545004
1212361
1956519
962985
138823
1204123
852508
984443
656420
1430611
1629127
1753094
1143467
937834
374884
491994
1732704
1175354
1717636
638274
1690099
930603
974870
436676
1895666
1170905
1948038
923435
1927914
841531
105217
1106029
1948229
1873747
1874049
703200
1457200
1406899
776687
180373
224140
1374021
1657052
449926
766823
746691
1261428
906048
1552978
1283639
1935894
1691284
1973638
950082
947151
1889088
101372
968584
1956049
272268
1840151
1624135
452902
639745
767386
759440
321346
141113
1141774
1295040
1362516
1366073
596275
1754270
1088726
670896
1466205
758959
1473751
1898561
761266
1741197
584238
861845
287820
1419268
1857850
1703157
1321036
1528733
83027
1176764
1502693
1700639
431233
654605
1753238
1286082
945182
123850
571790
1238692
1901362
1600379
1258814
846538
955767
1335046
1999874
607421
982962
408083
1257161
1553828
1851685
847868
1426769
1053016
1882737
1491623
1537363
853074
1585968
1593084
1768547
1984612
1510509
1331077
1263110
1765637
1663480
568685
920705
736770
1427883
322009
724741
940608
79554
1362321
951486
212400
298757
468536
912140
1719615
1419264
937480
1580650
125112
1515892
815185
1501607
1277072
452989
1064573
1888403
273912
1634817
256912
1081066
1646160
1669389
881790
1880918
1953536
1259023
1286105
969454
1853331
578838
1124929
780205
1530486
1741564
1532103
824186
793323
1666123
1830268
402183
281653
1295706
453195
491859
923412
26512
1168931
212290
1771488
38990
305619
142243
487478
427870
232922
1046343
1434301
723711
1973157
703481
1870639
715077
103946
1417862
823782
1509761
83905
930747
1223205
1267258
858764
1312822
39213
77267
1998279
915788
718375
351881
1185026
1083641
813985
1109626
1444555
1996702
155577
296139
1737747
1976468
1005333
1758723
1969164
1043729
781784
1544988
1441222
1102048
288262
309150
853593
859210
927976
1688840
1816837
1739579
346820
1227076
704578
33250
321997
1477260
497945
293155
604087
211244
538742
469244
628603
1281390
180250
1522939
179337
346016
1718165
671175
936805
858940
1027947
1631026
860552
1470565
106649
1700599
957114
1549831
1765485
672247
500681
176726
912530
1759068
1042508
717973
1367421
24966
1533452
1704242
400795
1812085
1482199
1941631
678845
1510206
775829
338809
1444430
659635
26912
1847859
1281795
130099
1994312
572585
155732
679871
498611
1994726
1418219
19564
398442
1088800
821745
1149442
1836796
1642859
1543374
621924
1039991
537533
834391
845745
525558
293411
487866
614133
127133
792501
828787
1098156
1030352
1475462
1933424
75234
730917
767904
486602
501141
226531
168222
1934977
102305
1096143
1756110
991934
1798752
981852
726290
1632611
273538
890074
249702
595553
1541594
556103
1643220
1780992
751660
919498
1702555
450313
812675
1064079
936480
20953
729035
1542534
1294678
1850121
396224
947031
1712855
578568
143983
699260
1708497
530506
1343983
434650
294969
950911
979412
832370
63508
197234
1935698
1082005
1652194
968399
765929
1351894
1326385
407449
1873887
1566931
1301806
365521
1243234
1709179
242607
1645813
863071
1178680
178456
546944
1034571
204295
1585650
272754
113418
458787
221221
1287527
1970377
140365
1779367
1201370
1364084
511295
1532245
377458
1535369
1780219
1103525
408876
218230
849261
31976
1422290
306262
977333
1512006
1318901
595021
464062
879237
1332260
909628
243359
194483
1402439
1009020
334186
1358516
345896
702467
652303
640453
816602
737025
711154
1304271
1707687
1858494
1669450
1875369
1899452
1481452
1712659
1413821
1340020
417568
183181
1691050
1043566
639821
564478
1201233
229726
1417805
1829322
1772409
1899817
1667761
1306494
735775
1529646
1871318
903691
730110
1235895
293889
747074
1210639
536777
1359718
1943791
1807748
1084418
1903046
1665061
1687150
1608749
646200
1941269
86138
1448600
691413
1468024
1670529
102998
1183780
1029086
82026
1340137
224782
15111
958805
1532232
1414728
1121188
426503
1885489
982133
239089
828665
1006042
1652444
494198
1178717
1225666
702627
1283693
1262227
313625
271461
1239405
968194
919748
80190
897519
1277309
213206
345082
404660
856447
149929
1572352
269560
720751
1772531
1953978
1723683
820571
666700
1371533
409523
797713
1540684
1103719
545350
1619408
1791743
672389
485183
1755636
561219
1761078
220099
202274
336995
483228
822001
1357420
175012
136606
862781
1166687
842419
1397378
997062
1509054
942912
1276221
1966204
132338
1183445
29438
1302361
228393
1753861
9084
1339777
785585
1108668
1006460
410473
990555
121508
698335
483647
210304
403779
1066330
1067030
1907609
1858615
718983
1494270
1157669
102289
1787168
1319890
887041
1632099
1497666
547036
1912750
75371
1562027
1617180
1489450
382387
1544317
368699
573218
1594161
952407
1260251
66190
928473
945684
1560864
540469
1716807
1400997
1748909
1476813
30545
600886
674696
1840732
1259034
607955
1226537
1060282
1519693
698293
1526070
89328
1949102
1245284
556273
1664852
1663987
444289
314621
30357
21272
457674
503432
242713
1420319
1609073
18875
142369
400230
801735
1886238
614452
1252760
1242240
861436
752040
457440
260017
1078322
466862
449117
1609294
134755
1611818
926960
1910522
253472
245779
1233309
1082521
316529
879471
603952
1650378
1676022
237808
969117
1407342
315853
118337
1710665
220460
1903790
1855491
723082
115908
1557591
1834216
1440546
1849497
1447956
1411107
253782
10811
906657
52729
1672399
489839
1658041
376538
353493
168050
1521008
1579256
588295
1216529
84684
890929
450161
599669
493611
1629103
1431910
1389254
1528293
1085801
1561246
1177941
663358
108982
1764880
174619
1285255
143708
413323
1074166
999208
1108452
1926012
1397053
581609
762725
139050
1432560
491659
1938239
1016089
299600
1857960
1730386
1516422
1783446
1125924
447603
1893391
1866131
527977
1768581
1827068
702707
1242045
380479
528045
995055
1460208
1494833
1256255
1541918
1836585
997496
1653480
562416
1260802
1625010
121487
17930
646363
1525857
173715
358696
839562
1109425
1366861
802159
200230
23762
1977899
172578
351687
1219383
66617
945877
68969
985879
1812215
1064855
122977
557120
328459
915030
659227
1170147
1052691
1634728
971591
883542
1228196
168967
1482669
921472
1096585
1957529
1160604
1690281
597818
429543
1241630
1085935
845706
899924
5650
1221026
1033954
125334
893273
79309
856
3147
1554488
1548415
241951
1788437
204452
920032
937024
1987130
1186154
577947
1672504
1114356
167533
1203153
1333639
1926477
1798859
1521375
1579807
1818101
97856
318310
1394955
185419
163116
1268885
620308
1493023
1052982
293476
711321
753743
1868661
313036
661960
1261331
587209
1156009
96879
76192
436294
1830478
1322284
1857804
455686
1791382
153611
474259
1052529
1097345
1584598
335960
193948
994591
1720229
577758
1905808
53418
565764
1104051
1796546
497755
266519
1545967
1425536
566111
1654381
1616457
172170
167073
1035655
885664
389769
903377
555698
1187934
1014782
1932554
1523007
1987643
1093742
151704
272708
290032
1015404
1822988
1190996
1715454
1595730
1430344
965790
1847300
1184192
878609
615818
961291
1390294
585006
1476175
1930797
510684
983158
1694705
1789205
1961253
1842007
667801
1778698
800274
1840695
257995
1450184
762563
1396520
69976
1467506
156685
957195
221566
1445877
107406
1359820
485657
1013666
993357
448669
307990
629473
1573867
856062
1265395
1172032
1344157
1840560
723017
794260
598984
905571
1308572
1757039
79547
1843316
433758
604982
164091
1421186
671098
651757
1662831
847895
1273499
676157
558173
1398060
181073
1878414
627879
1703681
1167307
192779
695428
1632719
1342606
960938
626059
884352
804474
734963
1489946
1716754
1321254
1297800
1307429
1185835
725206
761588
225255
538956
374136
1418884
762211
1646484
1489775
373267
531357
1662873
843017
949862
496827
196298
334294
608228
246493
1693375
375454
320348
422501
473607
1693509
1242425
959352
1588683
1469721
843724
40381
1112031
577887
307791
1064112
647509
1868455
1144749
140402
114755
1223659
792689
1346339
871123
1808375
1700702
835367
160195
776807
112712
1758216
194541
589004
50840
1741996
411980
1796355
423965
1738025
1679397
547105
838110
1379434
941235
1773216
842560
254118
135594
1417752
537051
250478
1008985
1271586
1367350
909371
1717084
44764
1061045
1456959
1206722
849743
1514160
1127216
98998
515644
1049491
1402461
1544331
1964728
606037
1202744
832791
1476545
16681
1284804
1303367
783884
1672539
1835197
443675
1104879
750790
448707
372282
406424
1932868
864992
845492
394374
210634
1026585
559011
976890
241252
1038534
1433185
367914
1289320
405046
769117
1005128
30604
1067909
801309
1132409
615353
1858779
1899531
1456102
155625
388363
935233
372409
1522389
1112828
837611
913046
1512533
816077
1225828
401077
698864
1372740
776495
716666
1389791
1649621
281563
400599
1653930
391704
1557269
1183163
1994052
268882
1126853
1551380
1913282
669301
531015
1079450
636496
324678
1837600
1346468
1443784
321184
1111786
1847389
1368641
1226624
1631699
1970359
1144612
1614469
94509
1627490
1171542
1008414
1038028
1563630
1259155
1242852
372779
688865
465834
200793
1278271
497807
1555766
1761065
1136291
1254062
1275305
613953
954861
248318
807905
531358
1650721
827138
1370294
76145
868297
1147498
533228
1008398
1836491
1053660
1758297
677203
787013
624951
1199135
881577
1850084
81980
125609
1443524
1238034
1351255
1490019
1740985
1006686
50318
238069
1257379
924384
294770
550832
206632
928616
413120
1277238
1352495
1734627
1049240
580863
1018944
157701
1140993
1693916
938815
1310019
688486
694254
410465
1190600
1216092
1279917
1948592
918570
616774
481432
504452
1094353
1492713
25536
130084
1793185
392690
976557
1376692
931493
1563571
1344442
1336975
917725
392070
408268
1382260
726294
475592
209881
165469
1208514
1966969
754007
986372
1380348
351797
264187
1152566
1420193
834569
1783591
1734639
1293310
1524326
1819899
1350226
363426
1425733
671651
863495
1352388
780588
1710702
1546724
61583
1809637
1719143
1221240
1084182
850006
1587741
1821358
790941
1254789
542689
1440107
1488791
451056
1667067
912350
628825
879266
1940529
1061383
203680
348519
1184220
1464005
224700
174344
1248037
1568861
786542
248826
1854286
189975
941789
1780370
80163
1546494
1242217
1087733
1153114
37807
1414641
98224
1147235
115755
1757634
544065
1632587
1075381
1153776
1387751
1186423
100790
926749
843614
403765
1257613
1455621
434144
706764
1242580
283251
1966946
1065728
35192
23893
730718
1361973
482722
835602
1124986
252696
147929
1639811
913310
555603
1810547
1872686
1698852
1070808
1529931
186123
1735095
1425840
79387
312275
1830195
876231
422054
871030
1367871
186848
1041428
1073373
561128
1773323
222922
256239
1855367
214841
1999787
1997156
638279
1675572
1791113
751828
1803896
527014
1790256
1300012
1138799
1053313
193731
44791
740372
138928
1677775
1931215
503904
1660305
822641
902562
1378816
1470602
1020840
1313498
1460377
1733086
972568
536873
1415489
1650510
1412730
1656682
1795048
362591
471225
115130
1227256
1199904
1782942
304219
987609
177548
1651727
372145
786662
1742795
1257438
903811
20751
929954
1923680
1727294
1782978
719688
525338
1891953
1358042
1943978
1412692
1436346
1902084
1538176
1121259
595596
973815
285401
1884703
536057
1563538
890355
675421
1230663
921983
73589
170371
811035
1619420
828209
1622866
975178
368076
772497
850339
1202190
986954
21913
1676145
1166677
1596859
756356
902489
1696902
581046
1785000
731788
1854002
1841873
772011
128882
1696978
863902
873501
126333
700305
995095
845045
964843
1642654
185618
221375
1018896
1758915
1238327
1485208
797833
587917
359085
120245
540464
817821
844466
976987
810252
1072976
204673
476680
1166604
1190088
1423730
621680
1951106
663054
677886
1471931
1798049
614008
390106
1613827
1292262
24507
189475
868929
521220
521649
193490
1363646
449918
406043
366005
833296
709737
360458
1021396
556919
321272
1035527
1130988
1671769
1020719
625177
735131
796595
187450
432281
214562
102522
824825
1649111
737919
1111848
1442685
550257
428918
1123209
233122
70712
1637417
898062
954116
1660801
1840270
700841
684708
457148
1140214
1527575
578967
1921316
465111
271708
1280325
635993
1635476
774836
247663
1105016
878096
1772549
1827286
1023839
1092160
653693
705297
794079
1614587
1816757
370407
1511920
1723817
57397
1741677
1116106
1403727
937346
136490
1550344
1222653
644066
606536
511459
1823424
1187202
1337068
1462649
804933
663595
987526
691894
1352447
1837051
638406
1007
1950166
1317602
85856
1780481
756322
1163940
1335118
311220
571941
352514
1037256
90690
1664772
283438
604188
1429395
251979
1282787
987013
150455
655148
1996072
559281
1354709
1690388
895066
770316
88766
679419
1718141
1363503
1666999
149247
939183
347538
1994018
19887
30687
1600014
369100
516315
815932
72410
760993
1069500
962906
834060
248731
963932
974106
49120
1207666
1557225
1695214
1747588
713990
1377695
1793402
759806
1151268
1597788
58329
1141417
812052
902576
1765593
144141
1319865
1442272
1549821
547963
1001037
1604444
1880587
1281689
539202
759439
471605
1201025
46890
1190002
909258
315110
1493536
1307621
1886216
1352783
1433830
1061111
1390780
685063
282184
1326939
804469
1995484
388499
1050265
1988065
1995811
121071
1839044
634858
873381
1104941
1206635
1550901
1383600
769801
1469367
1219598
1181253
539764
445297
1930329
325714
467605
526539
8062
1171378
447727
945579
1324839
747837
578208
1128519
1339927
1651898
1532332
1128171
1289176
917095
526481
317917
1912686
824940
1935830
160081
840596
613287
951857
511927
1756214
1515573
1414370
673540
1890993
615216
758711
151921
551841
833276
790495
80162
1505965
1041971
1852903
1513735
1879902
487320
431996
1341831
485797
663484
1037185
558983
1356536
31813
1922987
1952085
600333
301755
1755705
1335511
1416855
954506
1334187
644699
799426
1715862
50125
661274
17865
640167
822747
1793280
1559195
1295701
215514
683863
520358
1874688
1551833
902824
467027
515271
1126490
6473
81683
1654024
1291183
1924501
983148
1147003
913923
16254
62574
1134961
1679294
1307402
1865785
921350
1168698
1977773
1078871
1451267
483777
769352
821686
970346
1951496
1905662
866693
1330030
1693812
317026
289497
506739
81136
1040686
1911782
663426
826265
1748516
500806
648360
439863
430510
176198
1917216
576594
1091476
257428
1864436
646208
1017672
876797
657742
1040054
1696213
1093867
1150215
423794
1021091
385664
788441
1488654
1919518
1141940
578028
574098
998012
133227
1152668
1074820
1635216
1658208
646789
1295383
899672
702045
168349
351532
139909
1376508
1934742
1586063
863344
1036197
1517348
720346
830823
1475782
716735
1990291
1888386
915827
1426540
1789111
1253776
912133
228794
527519
1004264
532183
1246473
1570520
211364
735242
730675
1745867
544916
1647704
728265
1988271
557632
1451652
341488
1828132
765614
510159
1498429
718729
299145
1691356
149692
94902
1649116
591819
842989
1547044
1827586
1341498
1453716
348719
1575464
1474807
119188
1022212
218414
1498285
1309490
833981
1977931
1123990
1261688
1475344
1510347
345676
708654
1750406
588556
1245563
852383
94100
1517070
303198
1502095
910459
1834046
33882
1235394
368384
452328
695306
1749226
349129
1939570
1878097
1074316
619077
623368
366489
1895760
1943779
1850630
545783
172800
294574
908157
905180
1451026
154189
1756554
274394
1334679
302886
1731255
1740406
798505
962473
1845398
257737
1967152
1122509
1350941
190943
152824
819898
1016439
1059185
952940
964350
1009751
1935229
866862
1783050
1579998
105763
53669
96560
636493
1759780
645940
1752715
1556402
168130
1174818
225073
502875
1862422
1690820
1095371
730463
229217
1496839
1641753
876478
927883
1758130
703395
1536907
400508
1774773
238567
619526
1387293
520329
1053835
708444
1454631
266955
1713119
1237456
1138004
1690412
1243443
1120615
51984
7720
1480305
566303
924426
455099
1038464
5786
981919
1878981
1661363
1266488
691386
1681734
864408
1980403
1781795
748717
1132938
1902054
928057
258408
311892
133995
315243
1489300
1549930
813824
1371793
536129
727017
1664536
420437
792258
1582302
452985
1334276
407179
1410795
1166567
1192293
792828
1819033
1327274
697374
1228125
235560
1562993
1961007
1119660
274274
105899
1935004
952197
1707968
1087703
1643236
543165
373334
1986007
1882652
445225
983609
217963
589873
822710
516788
1176555
1375147
1070463
691934
1296387
659927
338170
801351
109798
264427
214986
274904
1520062
409780
250190
980691
309333
1064352
521730
863078
864090
262010
412533
1274997
1043438
303759
479708
1176082
1397816
865118
555029
1024799
157999
1004815
1250397
1003349
22916
364363
1572758
357568
1813157
235837
147265
1113897
225624
1269206
1914931
794798
1779431
420750
832450
1673931
359922
1723771
179539
851374
237138
1547609
1772099
598768
589490
1088788
1979756
853503
489721
737185
1388780
534704
144669
1263627
698597
1452087
1121298
1132562
1697829
1327335
84321
410774
1399806
906545
1107278
543065
1428368
827933
932553
407007
1254004
642866
940699
1274721
972972
993570
388730
6945
1290709
1841123
482436
1344760
1542291
284832
1359409
1236985
1857945
1740922
1646226
725400
247436
1624118
1882451
917897
75128
1894963
1370068
1376377
188341
320651
1965501
869333
1381633
1442490
1739558
641527
1707652
353295
1106692
1909977
1452973
790106
192251
1929178
128171
47133
795775
1513216
1887078
12894
876157
292516
666110
141764
1441509
761128
1598055
1164728
141937
1774613
1762396
508971
1169341
1419508
1850794
472934
1070099
1693360
749256
353792
393140
850656
62808
1814914
1683451
998469
44313
362434
1340935
1717654
1904240
1216615
1457296
1940747
662797
1477504
474106
77338
1274070
136831
1407126
1020938
988665
700091
919247
488498
1017942
822687
266359
1179590
1218890
1299897
1157139
1580747
734778
1359785
626284
894073
1701662
1630839
1527214
74174
1668585
1652081
507572
1490201
640180
645422
1381894
1667274
1850699
123996
1852129
1395807
1433231
1732505
339471
1080999
1260471
792000
1451502
1194978
6866
1611809
41794
1008628
836507
530330
504240
1765815
1037181
483085
1162586
1260536
1934572
1966546
212044
906081
984327
777426
236473
1562415
539253
1339336
370682
249167
1928810
247302
250348
1892661
816256
318310
25031
921128
1365187
1846670
1855179
195730
806216
1480482
903659
376991
599602
308736
1897348
647818
1004000
1349216
357852
1125499
1650955
1215544
141210
1259080
1558927
1598747
1639624
517238
25975
1292786
1682409
482414
1466378
542326
1895062
1116768
1456680
19683
312494
783215
1502202
538336
1660393
559279
1506192
1374704
1679384
725460
201201
1320404
1541878
696204
1812786
1207430
846626
410865
1144261
263266
348102
497775
1020075
1192206
833559
214618
1683544
1892514
1477527
164426
398959
1330967
1167082
116112
1248464
1139814
1360956
982613
79548
1918169
725667
25879
240805
1453020
483465
1836917
1249801
1784529
1394279
1498501
1457792
355838
49359
1109820
1341815
1051503
426375
1261762
1269246
22174
1357718
309846
802849
155015
361207
1755985
506345
254452
550338
1216069
1747447
1426879
1423491
1569631
353473
1950741
1619481
767926
1661952
1918376
1960748
1955621
74814
237030
1182205
1422191
506390
1121467
538123
1466487
1201653
1619477
220904
1302639
338183
1132541
1006578
959801
805715
1766035
875545
517081
525436
1770947
1949127
1197087
1828914
1872516
263620
195390
1705334
440643
1009813
932107
1322941
320969
99439
150085
1087941
655766
749281
1220580
1903095
689043
129257
131185
1736979
1674110
1449077
1470586
1492024
1409016
1561156
1469201
1746171
152943
691366
1202490
830401
193715
859268
45676
1024645
961213
1607655
1460418
1824008
1072728
235190
769889
775378
1016413
656541
1817006
195511
1958371
1807870
1129194
635912
1764325
103290
868147
1432176
797919
1815634
513382
1544225
1459890
997986
1625975
1595055
633799
973979
1285927
1144374
27194
1349717
866519
1927458
38192
360749
218854
752843
1597945
820479
646527
1581206
587804
263924
949053
1417083
1621990
998920
314931
1445657
957726
840424
344573
351693
1965764
1262128
1285819
1357097
1945022
106431
115429
1678865
702860
1283973
567681
792062
1078051
886156
63201
543175
1797376
1065346
1075511
580844
530276
1925301
1271627
30353
1823428
903536
1829452
823789
1912443
1689627
626707
1239181
556401
439668
1570594
1830
1805485
32162
1418062
1316243
453287
1896132
761568
1699864
260458
1694350
958547
820980
1193385
1356625
1391710
402324
1238150
918710
1046511
816168
1215572
1381996
578097
1891177
1766402
1578728
1569212
249022
1918800
369929
1444509
1522394
612424
1820998
1286118
44733
1223503
1808213
1186868
366093
454834
393566
1285765
2940
107599
1567358
430385
620360
306463
475875
363642
1218032
182786
1035762
613251
1534278
307967
492320
536086
1474397
1302535
1592629
150174
1210988
495516
1768364
1196852
499139
1067250
554250
561373
1753054
1996873
1251312
685486
633025
139200
491256
1874367
981937
165814
618251
1008422
1472819
1607319
1617884
791043
1489709
1078632
1066668
1025989
1429273
1368934
1877622
1361682
1032617
1695959
247044
1881047
1616221
802781
798314
654355
1696371
262299
155116
969542
1157046
1743287
572684
915295
392964
274675
1735069
1176210
207689
218648
932117
1242130
1133491
215548
747829
700905
1018296
1674715
17506
1055437
756845
1245864
1920429
1134006
1830745
743140
1571157
1477156
280397
464934
980178
1617727
64576
1850599
852031
1934248
868429
950240
87704
152076
1884928
1606511
688594
870532
1707019
1037264
1986151
1427201
689527
1386390
861296
22427
1423346
1661280
1273587
420268
1660271
561910
1580710
864107
760313
767623
554029
1679666
692932
1137382
910507
1118595
1332137
846074
1468528
307811
1064864
1854704
1585798
298342
171033
1365455
552394
1091777
936401
907409
1013147
1170191
1364523
1019806
1085576
114110
197094
1348452
681433
400722
1501151
85367
593188
1982006
21026
446274
233019
1920964
1853569
264473
522557
419147
1571165
589913
230892
1895827
1116315
702098
1324501
1793010
1958077
831260
1051003
1315702
84858
1586031
926069
1959885
725882
947139
1546580
1978140
1321538
1227539
572427
396391
441231
1914633
1914325
313306
517144
284919
1646575
1146275
1303515
1408119
837200
1603299
1437214
1093902
149079
1021495
212794
1055704
8822
1153220
599161
521040
1885349
1922994
366726
599361
1142383
686370
1922810
106905
1892195
1283376
182028
1205827
46619
1612202
299381
652445
1029340
950723
1293737
614042
1824297
346565
1519215
1302855
1891074
189940
556745
1188662
1643961
979285
313590
1616225
1923829
924731
816529
618135
982737
1915111
1251457
1215071
1772608
100656
635249
1301971
1978894
1661347
381909
914579
1712725
186919
595454
430422
473028
1520689
873387
1803229
1103938
1135061
225655
150709
1835581
917925
1401419
460141
1136743
100165
77277
1406016
449055
407353
1707905
810378
1926002
1983825
101322
728607
1201200
106549
709253
218466
1139402
522955
926370
1215377
1545826
1967039
44456
979302
1547279
1807804
406424
199885
322792
1499598
322763
370568
1162834
170519
1755153
1560359
1080732
1955788
161183
21958
463860
1232282
497157
1652254
703319
407179
511041
1536928
532448
891552
505523
1856452
775929
1974428
603969
138926
1843274
468931
620618
1150787
773590
1669411
433218
160741
1751539
962003
151900
51410
788375
142215
746852
340241
1363164
491615
513979
1727957
1996398
1537533
1853954
1251265
1405066
811863
85448
1441007
1477651
1881492
1823106
841861
1863997
1157135
398801
1123660
1060400
684025
484035
303169
937956
81223
1838673
1064439
1575480
724750
1258337
764510
767128
68677
1422200
1954017
187556
1979319
991169
1457218
1147939
1068574
663130
911401
529190
1777800
1886303
542713
791692
1078046
1202276
1643494
391852
943309
856728
1415999
1637081
1288890
1161599
527520
133789
1257736
519524
1284666
1162690
1606711
1235667
259596
366585
949424
864219
1414789
1139662
1177368
318459
424865
1145753
581058
1126478
1968643
1497314
527218
709601
1436932
1261986
955917
619853
1442424
320175
1390439
909402
1421397
1791985
649995
249752
358147
1339383
1881221
1663213
1569737
1266695
1382325
242838
1539197
1709745
1541908
1276800
166371
1173168
1870026
1772738
1912010
1203952
710189
598186
1926326
481499
969534
375758
1785437
111828
164851
1306289
328754
1786649
1874255
1147098
988873
1889549
1528261
338357
1576567
1147942
1007968
396099
1022919
1172539
937964
976708
26795
50045
1899701
190173
1182506
1453205
751558
1827507
1970389
1633238
1067643
114407
1872049
1056463
1873593
1354635
1145996
473814
584262
1271451
253249
1354906
1914117
578757
1966958
584271
1996979
1471464
1798705
1911431
1407672
1936839
1805254
1992713
1524993
36633
1909206
1112428
285821
1856521
1335851
1550706
179803
699486
1170367
531966
636244
1163392
1425597
787661
1985341
574231
408798
193791
1277460
593936
1102633
1571557
276495
570642
127949
109069
670763
1130959
1308647
1410993
1557254
50679
392243
285883
778067
1385508
890363
124512
862199
140088
1620906
1011290
1729019
629821
657265
1281271
1818738
292153
216693
789594
1052180
449401
1713249
203819
1859603
578910
1262676
275788
1778454
1400805
620849
890064
1390762
893547
1619106
1744547
441990
251109
345430
399408
1873889
806778
981777
166671
1156249
1213659
1469274
258638
1080564
302028
1480968
1775253
405269
352095
1089615
1023742
1845559
17806
1083941
1583516
1614274
1530382
1759792
1546994
1612554
449683
62174
233991
913543
1866820
401913
1175669
292490
1364115
1570764
1085597
1026288
650376
1511064
500225
1949462
434584
1514464
1339829
600038
391244
1160454
689226
1394533
802261
130930
1044836
1760696
18152
323446
1454053
841179
846119
827333
1606570
1906155
1764469
1626141
1145822
1324692
458280
162365
1122298
1510553
906742
1584629
1455834
53487
1443446
1426556
241094
844726
1802550
699583
1491985
1236768
1718371
1520714
1439839
1887470
394733
1615150
1663562
1167964
279765
1269448
1506832
1482205
1016860
1709760
998588
48872
1360986
471207
1076711
1414570
570416
76391
1306864
176949
482295
1669329
1324626
1069853
141459
37903
1988484
1857384
1994934
1267711
171162
238037
368881
1456378
1549437
1269493
1643773
1218276
1606052
1447539
809983
834332
1200738
1551731
1252484
1186056
931285
182549
400166
578971
816997
989241
1673880
35301
959805
810079
1407308
1625844
1698984
1668303
1471335
115481
1250620
1737152
1485574
1617075
1393822
1407752
501890
23278
581580
876481
744497
795805
1953570
1021425
588750
1523807
512152
546678
1247810
565741
514792
1199853
634071
1288035
214968
1936674
744118
1647808
763341
769532
838120
940519
1923465
1531192
490584
1707883
290024
1302443
246360
985465
457776
1119949
164952
1369206
196683
1220900
1535692
1118558
122671
1334573
1924142
1032346
858248
1526036
147630
149693
300546
1365161
16989
988544
342584
1681972
1163381
1431137
187422
980782
1745137
610997
84937
12213
657959
293607
167187
1374495
493359
580981
464822
1341896
1650574
996849
1263180
1819148
82879
260482
1575139
422887
1902838
1191268
1395982
954563
589950
1077711
1405225
1448869
5758
128813
1231889
1516013
1392045
1601545
612815
563012
134189
600377
776389
1053808
165216
1474112
185146
1970611
696608
1274797
999683
1169636
1243593
380571
1299116
476800
1043562
1922992
457612
268267
954978
305749
880804
1916879
408602
608198
1003142
573987
1638243
58366
1291900
1034144
862176
1537598
289529
1573032
1436836
1642155
1139932
1957615
1212447
446200
279532
1968649
1342378
159578
1898111
1594725
1679547
462224
102707
365551
520800
1146379
29761
159215
1892793
647800
1201934
1663357
1398287
516141
1859448
290250
1950211
466192
564067
82443
1525394
885249
1496827
853769
986771
164418
70130
1630643
251569
864296
663377
1482896
1013510
140373
1349155
1412082
1354903
1011099
1004312
954769
240084
872300
1943693
660546
1918022
265944
1503611
200578
275144
911840
1601781
625384
954112
852033
37164
301046
349032
482572
109948
406620
1010245
27004
332738
111847
1492738
1402655
1863137
705757
1181659
911476
742657
893832
1130219
1559615
651445
74876
858230
638417
540861
625775
1585089
1504124
164575
966914
1192362
674749
258811
1870052
95091
600005
880895
782240
781860
536506
1755989
56360
959691
457426
1039754
968922
1139549
322551
1098321
1638314
1952180
563806
1871558
1378548
1640088
1614891
1675498
290980
1637606
238726
1918595
25938
463530
1447746
278554
406275
522377
988175
1609901
600198
1680304
992677
1219016
1920003
1844201
1406025
1964788
1332044
1602739
1342412
359597
440933
132228
560699
996710
1106613
569796
1453743
1287164
843049
602904
963867
1494222
127106
1544425
1214222
1067299
490917
1389188
1766190
1290118
1402323
358057
313566
1815581
610788
698335
599831
1485339
1566813
1789145
1675037
1868871
1571785
1915878
1998577
1199195
1770733
1750727
1141022
1606185
1639438
1756219
280132
1492956
549108
1757085
594463
1721436
334787
1308308
1483376
1790739
1909270
503657
1309099
720057
1456888
1665482
1877243
116370
856689
248704
1842923
882721
644979
1842976
725390
1481650
872062
624809
831276
589628
381914
36936
1117672
692887
647668
1341215
1253829
1648766
10864
1327900
429358
1244240
130042
278324
1127365
617542
240661
342473
851051
1234289
610062
915450
1960450
1370594
119846
1016350
1131056
195436
124021
409513
526049
1508149
1332049
1997944
1332443
1990007
852002
1061566
724085
526628
323383
539925
1202166
750588
1722375
1069204
458710
1997953
1119864
379781
1995845
1978101
108379
528647
821708
58628
1860230
344045
1586164
440638
458794
1504957
1535212
693836
1179845
96829
841084
1696279
341469
1110675
1867183
350590
1169125
772933
551566
707693
990624
1795725
1667592
1361390
126349
1700484
1106821
166849
1772685
575434
1164182
1486784
779418
177723
1071061
35274
1502838
1978080
948714
366454
1860039
659261
802932
206978
452558
1997754
999853
738591
360200
22900
110873
1530952
1416155
30606
820548
399490
1694695
12220
497890
1798505
105081
1674351
1827554
1583607
698308
1640503
209262
869250
10714
579692
185162
962174
1362767
1838853
964790
592485
1653078
1668425
864768
1897019
861146
1494010
364750
1307133
999808
1786450
356973
1110105
677183
960796
1753885
366619
940052
1597636
39846
1145850
1404201
98669
1398088
417575
933100
1704704
1378697
1701721
1279021
79636
1611639
276041
682413
1009782
1919205
374199
1273256
1605889
1322720
1583902
1085204
1706245
1112922
95819
87863
1898350
927858
1154918
719045
1110879
451372
424813
1919037
1472674
1777933
618481
1642952
1792109
1863345
1241691
784743
1965942
1011072
807882
211349
1719271
885592
1566674
1195429
818504
579949
885136
953998
819320
1706345
569961
1412550
1906368
1638971
1981082
567597
47151
389271
1303845
590913
155595
1461112
1071449
859617
1902249
1228504
1497642
512402
602083
155466
113098
863555
1604688
1438141
1659030
1945169
1897590
1851163
517745
1932150
1506886
1191678
1625092
1605839
1421227
1691166
1866208
1277088
1022445
1861223
1439038
1681499
121265
1419198
1672431
512653
334028
1591668
690395
1095355
174830
1648219
1425085
1016062
1910279
1214193
1269375
466117
110248
1785845
990649
1747064
1545063
104447
1693001
1793046
629813
1453340
324761
467405
918435
657298
1476457
1114658
515959
1543568
515035
1822053
344810
1096133
276411
267938
1598944
213739
744571
822820
814161
978986
1631281
88144
819961
1061276
690207
812318
70709
108372
528795
1843162
1655361
89879
656841
1110687
871193
125282
220560
1502070
350379
449685
151314
1101928
306062
415189
1701245
456589
106008
1061775
1644179
1359122
1879332
594842
187169
789247
115476
487823
92796
1883188
142080
1955219
1369975
339145
248863
1660688
960826
112911
501317
827357
979540
1641953
1157635
1131865
1616987
1630777
1536852
1646111
804399
1750349
1877526
171322
541933
1945659
1503801
1884568
1867293
263180
184087
1388210
1858846
963660
1437628
456924
1855016
1919080
676966
1985452
1999384
1936066
1883602
201726
348580
1810101
1499156
1027310
619119
262971
1186866
1790097
885254
1490300
510494
640962
1197547
590783
778719
641188
1572575
1935594
636432
1952782
1537701
684298
620606
599665
475680
73379
119962
1972937
1684581
1013254
454732
996119
36810
1909868
1239563
420209
1190904
1167800
78865
758295
1261204
1893384
1105463
1957771
403827
1980175
945198
669174
1406307
1913491
675896
542224
1474175
707593
428481
1918726
1005223
1224767
1778536
1796012
1614037
523907
1402717
339457
1093805
796199
1043506
583864
526489
974068
1673532
1099653
1115840
926687
468841
1321970
661928
1133900
333927
1846594
1241
1642075
1135190
294459
185621
830773
35038
148255
189438
1280060
602132
581212
1828278
569410
1611029
767638
148373
1706433
774512
924866
1737516
1506764
510088
1819118
1357039
1068927
966466
1805291
1626465
1129201
1790928
1943995
510093
760009
130283
1487317
1253478
1153077
1433286
939825
1202385
1850730
1317151
302181
1665034
315170
2479
280688
1174261
531538
1144314
1563363
1348282
659048
926386
1162425
511935
827480
824667
1916090
1149417
410891
1123117
1781866
767631
1220210
891714
118580
662868
1402499
272994
257936
159868
1114215
595478
1251506
624546
1443078
1612878
1668730
1421960
75430
912031
108509
42398
1509339
1814914
1988461
611198
565252
1305050
1892939
1919052
743291
1480297
208567
525673
1525363
617843
1761142
1266688
1908005
717479
1900348
500899
462811
1175890
1744900
30025
348922
661129
370979
712144
260802
130927
1274658
592423
1011511
1194782
495840
947463
32854
683541
377821
1352218
264137
1387856
1609305
1856524
1815446
144662
1163920
1597592
13492
985447
1397029
802273
546874
1944772
1025876
638854
332665
573403
125777
867648
1007659
1220802
1133048
513616
247505
108931
977710
1757329
251675
1717240
970201
1031288
811111
1415894
1080590
1639304
1963243
1995594
1620251
628724
1126136
564681
1145275
1990291
1319464
1998822
783392
1957739
96128
1499324
1819329
431034
1824101
726704
1617550
1565858
1853380
1497205
1962742
1137536
515143
990257
1143060
331951
1561218
1404605
1693776
1866776
944048
916860
417891
1627552
1389426
140008
1824745
1166669
1590582
1816059
83758
1823816
1532044
480500
1168299
559533
333003
1195760
1228387
1925422
910803
287693
507143
1006815
1578848
1747088
217101
384047
38066
1789071
584396
909043
375546
1628168
1073008
648658
1667447
175664
362430
899800
923403
1869089
997596
130988
1703283
1208220
1024200
894497
1285774
30174
1457387
1141701
721675
757030
905940
1655840
1053691
350309
1651451
838996
929838
1680286
101564
123026
1393866
1236655
245543
1607732
1264276
426061
1567517
706765
477105
591981
918251
1805384
1720645
618773
365025
163018
661818
536484
1780866
308323
1921253
851226
1922693
591357
1903347
351671
1432038
1417144
1676376
1646941
1347587
1619103
151714
1908914
925247
1203341
1900504
107951
986206
73623
59762
1225057
36745
1820186
540444
1470274
1547966
1767165
1017500
1391792
1421660
1581260
612084
1291711
1575884
920429
1977308
434169
1848909
1191291
1864254
517548
301709
1508440
1546189
712365
329380
852791
1917325
1389362
645387
1176006
474082
223034
1371755
1814777
1582176
307237
1467633
1909093
495539
1623363
1245334
485732
976442
259465
711266
1499039
871719
1422473
1046566
520747
288567
665864
614809
1224781
1552012
939438
1017244
1965655
1877581
1958881
1539891
1965230
467366
400786
1640819
781772
1484570
1074294
540067
610443
770082
1820805
302512
1291344
883482
1272206
1354976
1214699
914912
48265
1924087
1351418
1541680
948584
376973
19202
1981048
1497420
624943
1801993
1612996
1392959
132270
38761
1354974
1340324
1200409
1527799
1200420
51759
905349
1791991
797698
1903679
642718
1532705
1445604
84120
115734
64737
1433702
1903287
829595
512469
1303244
1167139
1294171
557310
736014
252879
165433
708586
1435236
593621
608645
91227
976233
769093
1980562
81008
1148424
1530643
93059
1299506
1571609
886289
248677
20965
1839687
1685925
896247
1226205
894262
196995
800591
791589
1273125
983840
1603371
861130
913846
1719811
1512197
1760564
1866012
1698736
33616
280115
341422
273472
971014
277702
1768336
1592178
265361
558259
1764609
438505
1800682
1316133
1606822
269167
897901
1847107
719128
706526
1216170
1725430
1004709
1492431
317031
787906
555256
1470345
199834
1747955
1585821
975693
1490747
1870479
1946411
742819
1440104
1374352
1782267
238742
1967923
1865197
1167569
543717
752985
1965601
770046
70409
937201
238335
759303
1522823
297082
317291
215472
1923813
1645812
683437
670759
268055
921609
1100981
725165
1413838
224768
1783048
342256
1607500
1907052
564341
710227
1732495
772237
1040044
718521
1651338
11925
968425
1761369
289239
76712
1510818
1128400
1440679
1952364
835174
267849
1234234
1778013
258039
1739765
1172552
607564
461569
373389
818988
1446883
370432
514560
1266580
1840841
1719132
63390
1597484
1334329
104502
635042
1175904
470760
637108
443283
339502
1044166
101190
1385735
1790362
639754
1801681
301135
810279
23810
121583
1107232
623105
735798
1847025
211452
104475
733432
334665
563857
1273989
290657
588355
1177037
248000
679952
1026434
886516
1078912
1018733
1915634
1910001
1691085
424955
1654299
1645282
1338841
1017409
1481204
1865583
777621
1600097
643440
1761028
1693125
1424446
802683
1234516
1373836
1400290
1008375
1626237
1580258
1691673
286832
8109
560142
1898672
760909
740694
1598264
402330
825735
1340706
1575779
1809897
950774
1171281
789866
1418174
748926
749990
285794
723171
924793
1128015
1950866
217033
547776
1929745
166905
1856428
974622
199406
499997
1194008
1450797
124359
1638551
1139744
117332
1932132
374737
982385
1336147
1330231
569808
1759026
118998
108972
646205
757330
1938993
458716
1646415
1379643
1005412
615685
762050
1035120
891986
1778129
1448459
796991
1263343
1345836
101448
1932410
44294
1297384
118513
875193
791873
1072930
536717
741157
1810870
853311
1377905
1734096
689939
1305094
1374224
1536938
736935
973543
1264566
522518
813
1303582
1788441
205640
244062
1379171
1302665
731150
1457005
1490562
1882599
1765665
1330035
286415
691316
1130706
21038
99571
196471
54597
1418284
1320237
824965
595344
902028
1909782
568243
1637565
1004699
310552
1419327
1848235
1527744
1208959
1293887
293623
1234761
589983
558644
1025245
482424
1162637
1031293
1901688
579628
1334963
1101232
384053
303049
1278929
918107
1437624
1873279
794981
274914
1802069
1491956
1623182
247321
863894
1691365
1110425
1887751
1292416
1557654
513622
1500595
1488739
1666205
1009709
1695877
669657
1770921
612661
1808626
1566506
1051655
1520571
323009
1293163
496846
1468456
310921
204813
1902758
1378238
479492
708946
932499
1191851
315091
1227155
262510
1755806
288239
1980474
999823
1661273
1277655
1581703
979951
521678
1028460
622557
1791714
81348
1876316
776433
1274723
1480830
641126
1009584
1899050
207730
1619523
1868756
1696471
1423259
1564655
298086
664052
1245024
262802
1024769
1865334
355792
1792351
1123152
775135
393079
1038874
1077946
742001
449897
1581946
1688148
589065
1030202
682468
1952012
78511
1929794
948150
1961820
1312279
1846839
198297
553174
1632624
161090
909659
1184428
956632
271316
858089
302394
1091838
439499
1233415
46338
1998582
168474
1334165
1560618
523704
343963
564508
828421
1104991
1872574
1960905
530579
628148
44705
404052
882965
426912
1222064
1173190
453737
18764
1368619
1537278
1435022
1558183
120579
1082093
457033
1594938
1981929
1376676
1701311
1308304
1396850
1407549
1484780
1279350
1689213
897561
1331224
272278
290374
452464
567835
1557504
1545391
1883090
1796987
1870897
613930
440462
963939
395955
1860419
1732812
292635
1712693
580204
1112502
848367
503719
930675
468318
1483510
1978596
1350902
778633
386479
457640
459557
1315927
1333749
202149
140068
1117453
1671010
160329
1123101
1267050
1237720
1814940
692477
1546111
2422
1688673
84575
1872218
698995
1991545
438997
374992
1054005
90583
1635407
1068225
281398
974179
1693491
1425674
1836409
1079320
1094912
1477308
1772383
952364
1819520
1296068
67680
245514
524579
263631
1204906
1350211
160112
870395
1072204
1802819
1272884
1439502
1753989
567929
646610
1919156
705253
620207
104466
79235
1366198
1743355
1044898
787452
1576691
437728
1085921
1413895
1739452
107780
1943731
60455
828755
1183480
1293857
831661
1939904
350639
1694188
1847436
812128
1527412
255014
961702
299503
254254
1146457
591683
1053439
1202709
1782819
1895122
837896
718095
231327
1206320
869157
1716020
1434043
1397760
1701873
1030484
962296
547976
175112
1877332
1704983
1974046
1050728
1916474
442153
409806
325940
849619
1504207
193421
1482573
1381401
467697
1347740
857897
624535
1446144
1079747
1159761
1270204
456182
1009568
1823541
1827795
1170040
1454648
1167050
914701
68256
1928986
685204
1271456
490108
1730563
327063
1247301
1131835
1661305
290324
1942594
1308733
613938
1627767
1577252
298460
1635804
302180
935538
1915917
687823
963180
1281968
1991037
34294
558390
1139225
1452586
524247
648653
1929849
1314656
1850907
669695
211611
1043763
1895948
1408205
365095
1397475
934222
1055417
174430
1587827
581716
1767391
689414
1702564
635772
1021899
236988
1381958
59198
611386
599002
1521116
986448
137998
441354
53405
128543
1642141
1689087
1282278
1488703
1568290
143868
1845067
1900821
344726
1690063
1698641
1326375
1847995
1815726
1413229
417989
6980
162071
1103982
1768574
1949897
361688
691731
1398065
598852
274031
446894
584585
455424
1761965
377269
1732036
588639
139438
941768
1289563
384268
1910599
871667
152234
767047
619604
1194622
749706
414978
964062
1014288
538847
352123
791339
1016847
1455697
928831
318365
1805983
848515
1528369
941107
188780
1065799
1798260
1548112
1566391
1180461
116587
1480966
1982157
1139918
791405
374945
1818365
850457
1155475
1524411
1965435
680241
1397773
1415336
1929865
1238826
1240221
1037375
198908
467915
1631169
131955
1048596
1430494
845238
876266
1688328
842808
1887543
388111
1453752
643975
409451
1564703
1872656
442964
399202
1409075
1918568
1728036
253433
834508
1409853
986698
1407987
1257588
614476
263682
63772
977833
1249755
1424408
201043
972175
1072151
36781
1558057
100411
1875330
1894352
1084324
1085294
1166603
1829670
901812
1907260
1209516
1535001
354951
599659
690899
1100582
1630764
268478
255177
1216863
1275785
833380
780516
763623
622024
1014558
1800326
1627752
808065
1106142
1767777
255525
1706422
1397210
4435
1620974
1004710
914535
718314
834781
514904
82858
1862980
659157
1329159
596723
1217572
993575
1511566
456647
1471713
351089
419413
480778
267182
519719
156495
1255517
858488
1029948
727019
436054
1559776
104924
1796287
1936788
65173
1160219
1853399
220024
1197727
1121671
1636897
1353771
278246
310355
721714
212677
1591036
1008895
1612858
782003
238042
1431333
1791316
1054945
1143578
1838753
1400860
616343
859853
1858280
777550
565392
635689
812072
514787
222159
217047
1835963
1769457
1024349
1166911
209127
638065
1808276
237937
311605
267227
331298
813950
1571904
124333
291967
1100918
719528
435859
1155587
610911
1640721
980049
538940
1498954
244625
1312572
1467605
299714
1105812
140937
1430407
833857
34607
68419
939613
1397253
1409540
1562689
175385
1751822
213894
536303
1075434
541209
1885187
725527
1131250
759117
1834083
1754804
308328
1819038
966165
618601
772143
1224206
457796
585078
595642
1812788
251059
426392
1527998
1804076
719747
1020692
276297
809106
716040
1981939
1486038
636156
704986
965160
1697372
1921352
1179249
223507
1735411
1356577
190093
779603
13326
1657816
848997
1134371
729919
815793
773347
1769973
1559077
332425
1041372
1206205
803693
1740354
1636714
349401
495895
114781
880225
1064931
380393
995707
925203
1690655
1884142
1459763
1431137
1457315
1609304
677545
641190
338448
1847705
1642152
1040678
1950752
196226
1774170
1184290
1340610
1742884
1807943
670492
957741
663890
669337
414019
1727490
1923444
727761
1899376
1059859
561330
219335
254545
700571
996411
1245831
1972169
441621
965004
289037
141366
1518308
376108
1064328
1546017
1917214
1699998
1560250
645000
1286857
1416766
672769
275420
7766
108078
69108
1607703
27764
43369
284810
1913707
631976
1883811
1592599
1453493
1864611
798536
660906
1897027
1507902
1894552
1194641
817434
426001
1016637
1063141
1133175
1843772
766497
1516960
376883
242960
1290984
267622
1382711
925409
1093089
255276
2374
21679
1182028
1438227
1435849
1805071
1564140
611278
1100538
1243648
947201
329503
1450116
1513926
202957
1515467
1045465
1942953
415436
619775
420021
728492
1472433
1166478
993790
1059930
1584369
1856922
777094
459340
639525
1274642
908198
507456
1824488
195854
1415531
1884097
1417045
1709758
256752
906490
707774
1485978
1727041
338445
1144828
617129
278992
1902749
1215049
1999132
1349833
1730375
1861462
1191065
1223030
1446586
459235
608606
133020
1445244
98247
145993
1274659
335535
570602
1254796
1964698
83974
1527011
505132
1357901
1488890
1849643
616368
427181
1525121
655009
20874
390189
1793501
1580988
671140
1038776
791974
172019
939417
838820
1179066
81606
1703565
411831
1811141
1861400
1954500
1758927
1211904
252364
1683538
1902663
721296
40834
1156743
1961076
698883
1868414
534566
1115668
382915
1472631
781731
1145915
1878373
1903197
1512512
402661
416551
1991307
1938917
1317682
1576632
19216
1489718
638712
487458
1120166
1210550
1285947
1176190
497779
1423239
552748
1013163
546111
1201816
1160456
636993
926897
1049907
878037
1383237
1733721
823872
912813
520177
258881
970325
1409264
1346310
1095613
511493
10759
470920
290158
704377
531295
1929697
26241
525410
1719732
734443
15604
551822
1701383
571222
180696
659958
1942391
1162635
1798346
1193460
824008
1929197
149105
1467686
94569
1480872
365897
1491195
1270629
38932
1723757
113267
1972985
1425186
903708
1869884
336666
209958
1557312
699251
1989250
1393541
673421
359617
294461
356645
1453567
277487
778492
836066
1221536
1857577
1489895
77310
1766427
163154
171255
1098913
1554205
785688
539626
1420595
1413105
1642818
219049
1751065
1166961
1862568
41245
956073
680524
1241281
734327
564561
1330598
364402
1328456
775353
517916
494778
787337
125392
1573834
258316
436450
1153066
751266
1041173
680959
1136674
1272811
958583
1674781
652752
1121990
759178
1170824
1970302
438512
533948
1475319
82344
1968095
556897
341687
907945
1762079
1956732
81915
1333435
498302
278522
1276032
1955002
1155293
644490
738478
1422075
1973888
1820565
705895
1909663
480470
1570514
580610
48083
612172
1033557
643928
827990
87071
419018
765326
404084
1519113
1411764
369767
788114
1334835
92071
1544024
1879439
1116194
438842
599216
622497
62171
1556349
1820622
1208002
1962855
1202876
1299223
17090
1081510
1673223
1501348
461421
1396322
7108
761151
364349
830459
1269879
739589
1015732
902459
1889798
380902
592152
92282
668603
251930
681247
800209
1377640
841336
1423321
88284
479220
1798465
1119899
130056
1530810
1220166
100257
1982269
1819850
1316895
143952
1321377
1831286
1511244
39553
452422
470326
1281309
751131
1390902
1787564
1281878
436318
1938821
1596331
663023
1433379
477711
1580954
773797
1751528
541954
1316546
44097
388919
734687
1530975
1021047
1624310
1907601
687746
1445480
1639558
474924
220891
839908
1050408
1124857
1977376
1215708
1189718
1419022
558120
351131
1753086
1972254
1690676
248426
878786
1419944
1992801
560927
152712
840043
81309
900067
1626060
1756189
1127534
136362
1781706
890506
1332676
864738
990895
651539
1094402
1183174
448874
426001
689345
1774291
173802
1944315
998200
1584852
1812004
137964
1353681
1546981
66384
398360
225913
1341942
1354468
203148
1855423
197756
860897
20923
1093295
1448871
640576
1932810
863634
618427
986722
1166411
1700433
1308588
1147372
1670438
66664
485298
1204675
709331
1366143
1948147
1365233
958171
516153
537573
1294270
736919
1653241
994917
239977
1164759
803189
455420
1525815
1497966
521526
684338
64261
652877
1340794
1398795
1633327
285391
1133667
525733
602078
1890022
1599965
21696
1440257
1176685
658213
1599936
632700
1094598
1045125
1490002
1456540
211369
73537
1367629
1021777
400217
42587
983658
885639
408283
1490017
1035827
1484450
177291
1925165
1775783
1384780
692413
1977686
1122328
83025
1124531
325875
728582
1819968
610181
84018
518369
1377414
337293
81736
1477240
1795342
1125222
1870270
1120014
1706102
293860
16860
1531240
107177
1347816
432115
1082446
965860
476071
568971
343872
1401414
563842
195218
1279963
1949172
264737
1601191
1726722
1822363
241260
1845905
1204615
914588
540617
835014
250173
643470
358228
1191592
881101
1245283
834259
1617485
173491
1292484
302082
520443
1801113
858118
1086890
467993
1402870
898817
613482
684453
998891
723415
1863171
315161
822949
872335
360160
1955262
101773
1372530
561737
454383
1085809
853014
897709
1749337
932372
838477
488771
322384
1792070
1837258
1641225
528535
1320252
367593
1402641
748535
1428755
439191
1300633
895593
1828593
1693353
329046
874272
239130
1709959
990310
117011
1182450
540511
611475
1682774
972043
1821318
1411482
1697033
605045
646897
1573332
596718
156353
495976
222039
1296539
192447
1788928
459540
1077605
1914174
1679784
709715
550069
1235412
1004615
820461
1550719
189798
1494981
1809440
1235843
1834997
1773776
1556748
732545
512816
1617667
818528
1830155
752802
19502
1774123
1700906
40488
1876841
1606098
375182
1929073
282835
1846676
1206128
98584
1988016
1793051
1301474
1016577
1274048
1304440
755320
1439395
1057287
290764
584943
441342
724041
117651
305097
1623597
