1000
992
2078
704
947
216
497
288
890
2760
2033
1116
2569
828
1642
384
824
1760
1385
1008
838
1292
2081
2760
2765
384
2293
756
1157
504
2154
1890
2536
870
334
874
811
56
2082
1092
2463
340
1429
3000
1055
2632
1818
12
1837
330
1981
1584
727
1728
2297
56
697
2880
1036
1050
167
2842
2716
1584
1011
2132
2456
680
2977
2150
2409
1836
1267
2050
2005
690
2253
2520
1444
1242
265
1000
2221
442
399
720
1471
1776
1477
510
1881
1886
472
168
1090
1794
153
2268
1058
918
113
1848
295
2288
2871
330
2109
2296
2396
1716
1098
336
1633
2028
1301
1886
2333
2268
2822
1584
2598
260
201
2552
1947
1680
968
1480
2625
154
877
2128
1690
2520
254
1560
2260
390
1156
1472
1979
1440
485
1406
1473
1160
949
1748
2867
912
1323
1550
2909
1518
415
800
1446
1794
1409
728
1089
1344
1795
390
2863
2250
1576
720
703
1380
2302
330
1322
504
2194
2816
50
1008
1622
2184
1533
950
735
1254
2321
2028
1411
576
991
1728
443
1428
235
216
313
1440
319
468
1693
396
2505
408
2453
928
1166
1344
2699
1020
2881
2100
511
480
2465
60
1072
330
1051
1610
2343
1386
2877
1600
2893
1330
973
700
2893
132
2154
416
573
1330
2891
208
1543
960
2905
312
1910
546
2603
1872
85
120
1934
1890
619
960
554
704
2727
60
1193
1260
2066
1260
2104
306
621
1276
853
1700
1087
1160
1365
928
47
12
2133
1008
902
836
2874
1000
1304
456
2463
2128
2181
2700
500
1496
553
1276
860
1160
331
1392
2713
672
645
1680
428
2700
902
2016
2537
1664
2978
1872
2193
2106
1471
252
1987
1088
1509
840
421
612
1429
2580
1177
756
2013
672
998
756
409
160
71
1520
889
1776
1031
2520
2348
1536
1846
782
1769
1722
1987
1302
2612
380
705
144
1641
540
2876
2408
2011
1800
799
1638
1342
306
581
1088
2253
660
2801
1750
2489
1610
2755
176
2476
1950
421
2726
2690
792
973
56
1509
2552
229
1480
621
1344
354
2940
1751
1224
218
544
2737
646
2588
972
754
810
1485
2000
2435
2552
1039
1480
2019
1102
1605
2236
1869
2408
2861
2204
2144
1976
577
2268
1011
816
1052
2204
2102
992
842
836
2186
2204
1878
640
447
476
2270
306
2545
112
955
918
1076
456
741
1344
1684
504
1269
154
953
494
254
1260
973
816
2063
364
578
1716
337
1260
859
532
2506
1722
1698
2632
2575
1968
2086
30
1010
1152
1343
264
1111
380
2562
546
449
936
1611
2494
954
598
85
1488
977
360
703
1978
1072
1144
433
880
959
2880
78
1160
241
2580
2032
2610
694
2580
2073
1044
1494
1064
1095
2016
145
1920
755
240
64
1188
1653
374
2169
2632
337
588
1453
468
2654
1600
1784
2430
2501
1122
818
2464
673
300
1547
1428
1317
432
2463
1776
793
1100
1143
2072
1438
2604
717
2200
2473
126
404
720
2201
1080
2039
2080
1935
714
868
84
1114
252
1915
700
2899
2184
2131
1288
759
2392
1784
1596
1303
40
1343
640
781
224
2658
2940
2896
96
970
252
556
504
847
540
178
1276
2871
572
2332
2262
2758
1254
1201
360
2721
720
439
950
2603
546
1435
2880
1235
510
76
1360
1363
216
2041
1386
1025
1470
682
308
2121
2160
1686
12
2582
2580
691
2250
2984
2880
2593
2880
305
1254
651
448
1693
1760
1759
936
829
1428
101
864
2008
880
162
572
1625
2604
1154
1716
2191
900
135
2820
229
1680
2096
572
44
570
2984
2160
1814
168
1197
384
53
80
134
840
282
1008
1709
612
373
364
1643
462
1484
552
2253
476
761
96
294
1976
2613
2940
2351
70
2458
176
1365
176
2419
1344
2092
570
1079
1144
776
440
682
2000
2581
1050
774
1152
1686
520
368
1426
1481
1920
93
1748
71
1330
2367
260
692
704
1726
1584
2031
1824
1709
1426
1907
2100
1311
690
571
1512
2085
160
2933
176
2461
2576
929
1302
1594
108
1516
2214
1864
1672
2354
1040
2967
448
2493
2200
1228
2072
1359
132
479
390
2846
1196
2971
2296
621
1656
1660
936
913
646
898
2016
845
2204
1402
2352
2869
360
1473
1848
1682
330
2887
1800
2742
176
1315
1596
885
1700
635
988
1526
2050
2797
528
1042
532
1629
1650
2893
644
943
1760
229
2640
943
864
922
1368
821
288
417
704
469
2538
2882
1218
855
1824
2365
2150
2311
2576
1025
952
1695
216
985
308
1499
2700
741
992
283
2016
1888
2852
2477
816
2361
2000
1249
928
91
2400
668
1600
1636
1776
1497
928
2605
1122
1905
1330
2042
2484
929
1886
298
288
323
2288
295
1368
1005
988
2102
1368
367
1288
321
2214
731
840
2182
1776
2426
750
2707
1080
573
2484
1793
1760
227
1330
486
660
1055
90
1726
756
2317
2236
878
1680
373
2640
1509
264
42
1664
1333
880
266
270
901
288
146
312
619
1408
2099
2520
857
630
2134
300
398
1276
2007
2100
1796
1406
2977
1540
2133
1680
1478
560
2439
408
632
2268
87
630
1028
1804
1270
1748
1665
928
1407
2296
2347
1550
2551
1716
343
1452
937
1216
733
832
2804
2000
959
1820
1799
2392
2717
520
2573
1050
428
1900
1151
364
281
600
2042
2408
1084
2760
2257
2080
2029
312
122
960
1553
1100
2403
468
1693
504
2793
208
1311
234
2104
1728
1366
2464
1401
440
51
1872
584
2150
2509
640
719
1600
282
1176
363
714
14
2668
1432
1008
1946
2576
18
2940
1361
