1000
780
2399
1680
1414
650
913
2128
1889
2160
433
1584
2917
1102
2956
2688
2857
2204
778
616
1172
1242
2887
1900
1086
684
2945
1176
954
2204
1094
2552
2137
1368
379
80
217
2400
2221
280
1729
416
2611
60
2731
924
37
182
2029
1160
1466
612
2773
798
755
2880
1871
2610
2269
1254
314
800
1261
2160
1351
520
1663
2100
713
300
2867
748
15
12
559
504
1441
1716
554
2790
2491
1116
1771
1932
837
1160
1999
672
1769
616
2887
352
1077
1716
1455
1932
1905
308
179
48
2441
1344
2311
1008
2447
112
1055
1794
2219
1054
1615
48
2786
2760
2573
1650
940
1260
81
2604
1252
1440
927
2064
1595
1702
697
1054
693
1120
1690
672
1538
1520
1004
126
290
798
589
1056
1939
2852
1705
912
1323
1978
2485
1886
697
552
1313
2688
1887
760
1345
1680
1494
2576
1922
140
2034
1320
2645
384
2177
1836
734
2552
2247
510
2716
2322
2185
1760
2361
1050
518
792
2116
1638
2133
918
1431
1152
979
1840
2723
2112
105
2790
175
208
2861
2160
179
2944
1737
880
2461
2816
1594
2464
2959
1820
1805
12
2519
992
2171
544
495
2296
693
1050
257
462
1441
528
825
456
1741
364
2379
1320
2779
840
637
756
2768
2392
1103
2016
964
588
1138
936
2851
2016
1963
546
699
588
837
384
2137
2320
1093
448
2674
1080
942
756
1843
1056
1251
780
2115
768
757
2820
2001
920
1514
1748
1143
420
521
1950
73
2200
2643
2050
2740
270
215
2016
1858
1650
1071
2100
122
950
2107
1820
939
816
953
972
1969
1406
2570
2880
2434
532
2446
2726
1065
1480
1665
612
2699
1584
1441
300
1151
2852
2107
24
2661
2464
2989
660
1712
1064
2237
1000
503
1470
2345
1472
2899
176
651
2430
354
1080
1033
90
1270
364
1076
1088
1951
874
1723
2816
2546
1560
599
2236
2854
2494
361
1344
2830
1680
2259
12
1238
840
2285
2296
2473
462
1204
154
2864
234
2826
2430
501
714
1657
380
2107
1650
236
2610
2284
1040
1445
208
643
1944
2102
320
1086
1020
965
2580
979
432
2723
1968
607
1196
1009
612
409
528
1262
510
2740
440
511
992
743
288
1060
2632
1761
2236
41
2160
745
2052
2401
2132
1697
180
1678
1240
525
616
2230
1102
1832
1820
1871
1188
1241
364
844
360
1255
96
82
84
2257
1334
1701
544
2113
1040
1025
1488
2847
986
1621
1040
2671
2204
2169
2726
827
1240
879
2842
253
2150
398
270
1130
480
2111
40
1209
728
1067
1564
769
864
1697
1406
554
1188
1384
1428
1349
1748
321
700
2373
1550
705
336
537
750
2249
1656
2953
480
2297
928
2806
1800
262
120
389
384
1237
1054
1167
1968
1366
1280
1955
1848
1382
2880
161
1638
2167
1380
688
1120
829
2494
875
528
2825
1050
701
480
2773
1056
1127
2236
2689
1890
1225
480
1597
1536
3
616
1771
2340
1641
360
1695
510
1273
390
1641
1428
887
2214
2702
1700
1737
336
1942
646
2841
600
1948
1750
1474
1656
283
1050
199
2436
363
572
247
1750
1208
952
74
720
2209
80
2854
1836
1432
2100
397
1824
1790
340
533
920
812
1440
2529
396
1970
1500
2193
2464
609
1320
1220
1900
1831
2184
601
1122
1761
1564
1370
2352
2876
1134
2776
840
1365
108
1861
748
1648
864
1533
494
1183
1716
98
288
1162
1400
2029
288
2785
264
2533
640
1303
714
2269
1554
58
1872
556
1260
2995
312
2630
798
1325
992
1537
1776
2491
1872
1351
1200
1345
800
2068
468
907
352
419
160
127
2944
2048
792
2426
1216
1477
1080
2293
216
1460
1140
169
416
787
1242
356
2288
1975
30
757
640
2998
2460
2851
1650
46
1288
525
986
1096
598
2605
280
667
1760
2893
1536
361
2460
2927
420
2104
1224
1306
952
2145
850
1462
2320
2878
312
1621
644
637
1638
577
2436
1322
768
522
416
1607
576
2909
1932
1213
1026
115
504
387
1820
2393
624
369
396
2742
2100
712
1188
2743
1840
2395
312
503
576
745
532
585
312
2341
1976
1841
672
1186
2204
211
756
2857
1776
2257
1386
2671
2100
2039
2320
2231
1100
1016
1800
1711
2128
2271
1850
1387
2816
2547
768
1506
2700
404
1848
1151
608
2683
1080
1062
1680
2161
1176
2478
960
877
2914
941
1840
1367
2464
2161
672
235
840
2995
572
1862
1386
1510
2376
2164
1188
2945
1008
1793
2016
1519
1702
1187
90
1391
2880
820
2666
109
330
81
1968
2648
2016
1551
1080
1220
1722
1009
1512
2525
1968
2425
1100
1269
1134
403
2790
2530
360
1486
1188
757
1440
37
1924
2998
1344
455
306
563
2100
2335
432
2371
1520
1084
528
2415
2538
193
1428
1453
1750
2177
840
605
312
1779
1216
1966
126
2975
1188
1738
864
2824
2262
1094
2080
2583
540
1977
432
2191
280
1841
240
2315
768
1414
220
1773
528
958
2610
1594
270
2067
12
1876
1280
1446
264
2252
1026
117
1848
2453
528
284
972
2861
900
569
1820
2613
750
1925
572
2329
1056
337
1160
1073
390
2416
1116
5
2016
2642
2236
2118
1540
2623
1836
1243
1924
689
2392
417
912
2756
154
1926
1872
349
1564
2678
2494
2042
120
2749
360
674
1748
2644
912
2917
1044
373
1472
1641
2072
1412
384
1448
1056
1973
1276
795
1680
2915
2214
457
2520
2527
684
2901
476
91
286
1807
108
2056
70
2851
690
1333
1512
1228
1330
2425
1080
407
340
2981
552
1361
1152
518
2106
175
1080
1616
950
1117
360
517
816
2015
