1000
952
991
380
1558
690
2623
80
2723
2072
1703
440
1641
660
2740
816
635
936
484
2688
2140
1080
2037
280
2783
198
2823
1584
507
56
2701
220
927
1768
1159
182
2663
1540
2857
1900
2825
182
2563
750
1575
1840
1014
330
413
1496
326
2728
603
1750
2589
2250
1095
108
487
208
801
750
2291
1344
454
270
1670
2106
1033
1998
515
572
1376
1496
2638
2016
521
1728
1894
616
1611
1628
157
1728
482
1638
491
2100
309
448
354
1628
699
84
498
2050
2135
2728
100
2320
1912
1480
1916
2132
459
1628
347
986
677
2520
1983
2340
289
1872
2786
1116
1454
2484
891
2632
495
442
2821
1054
2897
1408
287
1950
674
390
1249
748
2523
432
1724
646
632
1240
2059
1890
1505
1978
183
2842
2977
540
2437
396
2530
1288
788
2296
155
456
2073
198
2406
782
1841
992
116
572
261
2494
2185
234
2205
336
475
1872
1043
2296
1185
1380
1613
1368
1477
918
1507
364
469
340
1002
760
1919
12
1002
612
2113
1554
148
1800
538
1008
2925
2080
2398
918
243
1120
2989
1400
2478
2352
1402
2976
1511
1848
599
2268
2853
924
325
1496
1305
2352
1517
480
2401
864
2606
216
1592
704
991
544
1185
198
385
1650
1921
992
2925
2820
2003
1426
171
2790
2913
1610
2756
360
2597
2688
1342
264
1844
1550
1135
2028
2804
1702
1970
1804
964
2320
1275
360
568
504
2385
456
1786
1848
1494
1386
1606
2016
2902
1886
1105
504
985
760
2727
1750
1293
2392
871
448
908
192
762
180
76
616
2192
270
34
240
2943
1632
751
680
2473
2132
839
2552
2913
1428
820
1596
2234
264
1594
924
122
1820
325
1280
2274
1216
655
1134
1257
30
373
286
1939
1276
1813
2204
347
2028
541
672
1277
1008
1641
420
2029
630
931
1920
1314
546
421
1102
2774
140
51
1040
94
182
2741
176
2297
2408
1126
884
389
240
512
1216
2565
714
2337
2288
1765
690
1101
2880
261
1334
2555
1292
1701
1750
55
1560
1940
1050
295
756
1933
836
589
810
1985
1100
667
240
2815
966
1813
1488
2965
1920
921
1188
505
56
1807
140
681
270
1735
2262
2217
2296
1737
1518
2938
90
609
288
1618
728
1027
1978
2167
1554
848
1302
2843
240
2121
1426
1369
2914
1963
1288
368
612
669
936
2005
1260
596
1680
1725
612
1659
126
974
1240
2465
1008
1684
1638
258
1368
2149
1944
1977
1292
861
240
2439
1092
2863
644
2379
1750
268
986
2466
850
2114
1968
811
2064
419
1920
834
1610
217
684
1517
992
737
960
2831
2552
2659
2688
116
480
107
2816
2535
650
709
300
1451
1330
2321
1144
92
510
677
1748
2049
2378
2935
1080
859
420
1621
352
452
1978
2878
2632
1014
1976
1469
1406
2393
418
947
2296
1412
2016
822
960
1111
1748
2390
1224
2243
2050
229
690
2675
1600
1474
336
2626
1850
2417
1560
2727
2184
634
504
459
1116
1982
96
302
608
2151
2464
845
1932
774
1680
1684
96
812
2100
2058
1944
1801
572
2557
1240
525
504
2611
1840
1633
352
541
800
965
1824
1145
1776
1441
1260
2691
1302
465
1196
1022
1716
883
330
1442
2430
1391
750
327
1426
563
2632
1855
108
1523
1428
2865
1056
2962
2688
1489
1540
2989
988
2065
760
1988
986
1821
390
1648
374
1361
320
2585
2880
2579
1600
111
552
2147
2250
1887
2728
535
132
1087
480
2877
1056
799
750
2162
1760
1546
56
557
756
1573
1178
1287
1240
1446
24
466
1200
2458
1160
2243
960
523
870
2811
2726
1912
1260
8
2940
431
2976
2031
1672
1593
1120
1708
2296
428
792
2297
1900
1010
988
1281
384
2121
270
2927
306
699
792
1327
1056
651
528
2636
1672
857
2132
1361
1218
2570
640
1156
1276
1123
2128
460
2132
553
442
2826
320
1106
1700
2437
1386
164
720
484
126
2111
340
697
750
926
360
2686
1360
639
1260
829
1320
2318
2072
375
2064
1979
336
241
2944
803
2668
2858
510
1603
2080
989
306
687
760
2242
264
2175
720
1030
2520
41
476
729
2914
1281
1702
23
1144
1988
690
625
336
1278
2072
375
2944
1675
528
2853
2880
2851
70
1823
1392
543
936
2383
1176
1763
1840
359
816
1129
340
1963
1554
2457
1452
963
198
2701
880
493
1050
1046
1518
517
1056
445
972
351
264
2123
924
2884
840
2938
720
1433
40
2401
468
1030
1102
645
1008
995
280
1219
2688
2404
2944
57
2436
1421
924
579
816
111
126
1919
132
1467
1794
2597
1102
1771
2296
2746
660
142
416
515
1152
356
992
2693
912
1583
1700
2165
364
1618
1452
375
918
2847
108
2353
56
1079
1050
1343
1560
2921
1776
1849
630
1761
2552
2332
1160
1598
936
137
1804
2126
1320
2818
920
2875
1776
1544
924
2959
1100
1737
2728
1547
840
395
1100
1157
750
351
1540
1437
798
2369
2604
1031
896
406
70
1509
1302
2711
1920
1394
374
423
2236
88
2538
2033
1976
830
420
1129
160
1221
1722
781
800
2051
2150
883
180
349
2666
2097
1628
21
416
2536
576
961
390
1219
1386
307
2378
477
2288
2727
840
1489
1550
989
690
1810
144
2377
2552
1766
176
1556
2666
2631
864
2529
2214
1868
520
566
816
1733
1978
1875
1924
749
1728
1159
2262
1592
306
2194
1140
718
1008
2539
180
1309
1056
287
1260
1659
390
1565
2262
1370
462
2369
1330
937
126
2925
736
1127
1330
1399
286
163
1120
542
408
2057
864
61
