1000
60
472
2726
1626
2204
701
462
2282
330
579
1092
2221
1050
1352
108
1862
2160
1881
1978
7
216
152
1334
377
396
781
920
196
2666
1433
1824
2593
1554
2697
2666
2509
540
2053
1020
2977
532
515
1260
1689
2236
2493
180
697
1480
1135
1596
2228
672
1001
1044
2173
1008
1593
2880
676
1776
1507
1560
2755
198
935
1440
641
132
477
1144
944
972
222
1496
2575
1794
323
1900
998
468
95
672
2151
1008
211
992
2305
2000
99
2408
1179
336
1494
2100
28
1380
1467
1872
1157
640
253
1200
2062
1550
484
2944
1808
1540
2950
1218
1420
2262
298
1224
1697
1080
1874
168
1985
442
642
1392
439
1020
2553
874
1878
2820
2843
1176
141
2376
205
1564
859
216
1599
2322
486
80
1241
650
530
2666
842
418
806
1232
31
40
452
2072
631
992
2949
60
421
2576
673
2204
2605
992
2263
2200
1509
680
925
644
447
1196
1577
546
625
1840
1963
896
2297
2322
620
380
1209
494
2837
1496
637
800
1859
544
1784
1120
2511
300
2109
1520
2393
2100
1125
132
1484
920
2731
780
2471
1540
1407
286
649
396
509
60
54
220
2374
1080
1039
160
2134
352
277
90
1151
2160
359
650
2934
1116
1888
480
2084
912
2653
1824
2001
1056
1071
476
203
1064
822
1550
1358
240
2155
612
549
704
460
1584
2913
952
1645
572
1887
1122
2915
756
2257
1406
613
1968
2811
168
86
2236
2834
2016
460
1518
1729
936
2709
870
1989
1254
361
1702
1099
1600
848
660
1081
1080
1089
1998
1107
608
1585
960
1125
2520
1712
992
2617
2150
512
270
1018
704
1357
2132
1010
1440
1405
1008
2351
2392
1463
1950
136
1716
2251
2052
1098
1452
2084
1188
508
2160
1301
320
665
1824
1732
1716
775
2184
2077
992
449
480
1834
912
651
540
2466
1776
2623
132
2951
182
2029
1944
2935
192
2785
154
553
650
2702
360
2823
1232
1658
432
403
180
467
1584
1351
1330
803
440
1578
650
1293
260
589
720
82
720
1796
2430
498
928
1145
2106
1041
1702
778
1320
1089
2760
1929
2204
1891
2610
2251
1224
2361
1392
1591
108
241
2262
2527
2430
1099
1716
1701
84
897
30
935
2484
1419
912
1637
720
649
2072
1973
1716
1438
234
1537
198
628
1054
2597
1406
2991
2726
815
180
1737
408
2126
1240
279
986
354
552
1001
1536
1921
884
1271
2322
1909
2464
1351
684
167
2688
177
2640
2129
1254
2819
2668
2387
792
1966
1440
222
720
2734
30
1034
1768
2099
2784
1186
2184
2327
1088
1725
1054
157
924
2753
2700
63
40
2157
1000
69
2880
2161
1886
2143
2106
1731
2914
1905
1560
1742
176
1210
1932
459
780
799
448
2518
2000
389
2436
2343
540
2588
240
530
1008
1621
1760
2891
1920
2416
2760
2139
1254
639
520
676
2288
341
1716
2029
1334
954
1044
676
390
1551
660
1767
700
2065
1656
1670
2816
2078
1344
1706
2464
2407
330
1129
2262
2359
1196
314
1716
669
2250
2471
360
536
2240
2509
1302
2665
810
2863
2160
103
2296
161
126
1845
836
2954
2184
1244
60
2775
2150
1060
528
2487
1368
76
1152
61
1380
2143
1600
1158
2160
1322
1100
1192
1050
2518
2378
1893
2132
2243
1628
314
1804
1165
476
574
572
1919
1610
892
112
2037
2666
2878
836
1893
1188
2577
864
2457
2106
1529
418
1431
2236
2461
168
1844
616
1141
1480
729
966
2527
1344
172
1540
2498
360
892
456
1427
884
1965
120
2708
1472
477
2538
2101
528
2243
1978
1281
1040
1013
1334
1175
1188
606
884
1165
756
1249
1216
1123
2700
427
2430
178
576
54
2100
487
264
662
2940
2626
1520
2454
1026
75
154
2389
1872
2599
1924
2235
1872
2455
1140
477
1408
2824
2340
2555
448
2588
1092
2161
920
2939
884
321
1520
925
1794
522
1716
458
1716
940
1872
1354
1218
2913
714
1405
884
500
1496
1262
1144
2705
736
1273
468
1261
1472
586
108
209
520
1689
528
1784
2760
2311
462
219
2580
813
1760
31
1760
2359
880
2797
48
1737
2296
1431
504
2495
552
1778
1292
1641
896
740
1596
2131
2400
1210
2940
2171
2072
533
924
759
220
1299
1836
1367
1584
538
396
1321
836
2524
2240
617
2610
241
240
1497
2940
291
756
2173
510
298
572
151
2288
654
2784
1639
2632
1551
1188
1023
1890
2545
132
1132
418
1352
2376
1691
2552
1001
1050
2641
1840
2478
384
1969
612
464
1064
577
1540
1301
864
2311
504
1693
40
319
2240
1337
264
488
2760
2540
1728
2727
1520
1114
420
1466
40
371
704
1169
1488
633
1440
233
1900
542
2700
2008
2160
2570
1200
599
896
1744
1998
549
2726
2455
1408
769
432
2971
840
1185
714
585
2000
2278
1890
2524
736
1981
1872
505
2700
281
828
1543
374
1514
1008
987
1330
1961
1564
181
720
1411
1240
2230
2640
121
986
2861
2106
1463
2112
2630
1216
1129
1080
1996
918
1785
924
1981
1836
1381
1320
2121
2112
1641
1092
2625
264
1929
1242
491
48
454
570
1825
480
2753
1872
642
384
2644
1120
74
650
322
252
1509
80
1574
234
885
1900
1086
1596
2038
3000
2682
1728
2029
480
342
2726
2047
924
445
1044
747
750
2456
986
1909
680
2372
2204
170
480
1495
1120
1711
1850
170
1680
2222
2184
1633
810
763
390
2932
396
919
1224
1623
1596
746
2050
615
1700
2073
2632
1424
476
1405
168
1401
646
391
1840
212
160
1414
2050
393
1596
539
2184
5
