1000
1334
2817
750
2445
384
1340
2726
1323
1216
2917
216
679
884
451
1722
637
2688
157
456
2265
480
1418
1216
2943
1344
1918
1080
555
870
82
504
1184
132
1614
2816
2135
2016
1003
1550
866
2262
1277
1872
1897
1700
255
560
1901
1968
830
630
705
1386
401
1400
1737
2668
503
286
2086
1610
2846
96
2278
1596
7
56
2348
60
2617
2214
1304
2520
1815
756
1337
180
2965
504
2887
1288
2251
1134
1192
2072
2767
874
1553
1820
2849
1064
325
936
37
2236
793
1368
1693
270
1213
1092
2218
598
2555
1288
430
220
193
90
1721
1518
803
2296
2918
1554
1169
30
2961
1056
743
966
1901
1368
2311
1334
1139
1716
1636
418
533
60
1637
1400
1429
252
2933
1292
2623
870
1973
896
997
1196
502
1344
1573
1426
2179
2376
1696
1026
2354
2214
718
1044
2782
936
2839
40
558
918
1899
2250
2263
280
2798
2028
1846
2820
2977
728
1379
2214
2032
504
1309
1320
675
912
100
840
543
1188
1243
924
2263
416
2518
1944
547
920
1513
2320
389
646
1744
2392
1463
1088
2853
1470
2977
1968
1028
30
1431
1470
1858
756
862
532
919
2484
1578
476
1179
540
937
1976
331
1824
2872
120
1135
1088
985
360
2950
720
1827
1794
2427
2400
2689
1040
178
660
2625
1120
2848
650
609
1280
1185
1122
2274
1716
601
96
2492
2052
703
2184
667
576
93
1872
789
2352
542
1054
2564
2484
769
700
2202
952
1189
1020
2044
2000
2915
1050
1915
1496
209
2784
1171
216
2674
912
2644
56
1601
1932
483
2880
2468
1932
2971
198
2433
2214
2125
1536
1205
2184
811
560
5
1944
1921
1998
737
286
1489
1122
502
750
547
598
2939
2610
1331
728
2481
2050
2549
768
1217
380
547
748
1304
1152
902
1716
1660
924
587
684
44
48
1481
2128
441
1596
2598
760
863
1550
2169
1924
1845
840
1665
1176
1343
1944
838
690
2317
600
401
1564
2761
836
1463
1120
1093
2668
491
1240
2703
660
316
1026
2473
1334
2833
2050
2822
1760
734
972
2217
2580
28
2940
233
1026
2635
504
727
2128
1223
2320
1523
1664
2671
308
514
140
2757
966
225
1260
221
1144
615
2494
2945
1500
1985
2236
502
1008
2822
108
2001
2392
2932
1540
1413
2668
2546
748
1293
300
1118
192
52
912
375
2640
1267
2494
2485
1920
1383
1924
2918
440
2123
2604
721
2632
592
1702
953
1100
2049
408
338
1160
1918
126
2282
2400
937
2214
1983
1950
470
320
537
1452
2876
120
2766
1716
1405
240
1483
2580
1877
126
1458
2160
1733
1140
2235
544
2235
720
1643
1848
919
132
2901
570
1827
2820
606
320
1475
1288
2994
132
1076
1080
881
650
2371
1748
1617
1260
2212
108
706
2640
2650
418
2615
1100
1592
2790
2339
810
1897
2632
534
2106
1934
1920
2202
1040
1842
2000
737
1288
1502
714
1105
48
215
1440
1067
2128
1701
1064
508
992
1024
870
227
520
1881
1584
1641
2400
2518
798
1166
644
1039
2340
229
576
1301
1944
1569
132
1331
800
2365
2790
2929
660
762
874
829
2726
2911
224
987
1638
2803
768
1174
2576
2181
1080
1225
2668
1965
736
1447
30
161
840
705
532
2019
2668
265
140
441
448
521
2322
915
504
2234
1218
2740
1440
1498
2632
2857
1426
183
1924
342
760
1645
1564
2218
2200
2895
2668
2180
12
1077
2688
843
1702
1953
144
163
2604
1937
782
1412
380
322
1092
1905
1140
958
1178
2037
640
128
1722
2893
1680
2499
286
2716
2112
1099
928
585
364
1867
2940
2806
432
1015
1320
397
1560
610
2816
1353
874
1525
2494
2134
966
783
300
2431
2288
2393
760
654
320
147
1320
751
1800
2013
800
1479
1472
1970
748
820
2944
1010
576
1665
2000
2049
884
1433
1564
2719
2520
41
1700
313
840
430
1848
2562
1406
1877
2464
2872
380
2756
1520
678
546
599
2914
1451
1200
1802
504
1935
480
2943
182
1907
1750
1139
700
997
546
1791
1760
1115
1320
940
224
667
396
2819
2378
373
1276
1684
2820
2791
286
445
1320
1189
2976
1389
1364
1912
768
1001
2268
314
260
2761
240
2225
1600
2806
2666
1362
234
2814
1650
313
572
1823
1320
1204
1330
235
2784
31
1728
225
2184
2224
2112
506
1824
801
1820
2221
782
2260
560
632
540
1304
380
25
1518
2727
2816
1969
1026
1369
572
1577
1672
1241
352
2837
1452
921
552
574
1564
1256
800
447
1218
783
2460
1381
1820
2445
2610
1477
1344
1445
2520
2205
90
451
616
1673
2064
2857
60
1563
300
1987
312
1819
1872
493
540
2171
1026
709
1008
2654
2150
321
442
1125
700
230
60
1592
2240
44
1664
1587
756
1941
1950
2897
2494
1298
2688
2498
1650
2258
468
589
380
976
1664
1793
1000
2677
510
1657
442
373
1140
2281
510
2813
1560
595
850
2575
798
1186
1400
1813
1188
1439
2288
1659
1330
1879
1536
2318
2790
2689
1088
1861
2320
362
1564
402
756
753
728
2565
700
113
2100
2323
442
2391
1440
2841
1680
2229
2184
1401
936
2949
1426
141
608
2417
952
2095
224
1007
1768
2271
2640
6
504
661
168
802
108
781
532
1539
600
247
360
2301
646
2749
672
2371
1176
256
816
2225
2288
869
1452
2961
3000
1297
760
2249
1064
506
1440
141
616
997
1536
2486
418
1660
1140
512
650
1071
442
1090
1872
1061
468
1857
1044
2131
986
91
1116
2771
240
1717
2050
981
1008
592
1360
1857
1550
1405
900
393
480
2895
