16
8953 6064 3169 7609 9205 6241 337 109 2118 3335 2423 8986 304 4875 6358 628
2971 1774 7791 2953 9538 3280 5983 8526 9868 3414 3664 790 8251 8614 9844 9901
1136 1107 4700 9280 6517 7074 5650 4039 4286 141 5395 2659 1939 837 6362 92
2068 8929 622 923 2406 5911 9380 7552 5481 370 9007 4910 7916 7222 1608 9184
6490 4765 9727 8399 5312 3424 6019 6991 1585 7315 1540 4171 9340 402 1884 3052
2686 3467 8650 6532 3707 9588 6822 5310 6391 6818 2948 6942 6735 7174 9146 5090
6237 9167 13 6639 606 6150 4855 4936 3800 4267 9811 3795 5628 553 1037 3304
1619 6552 8952 6068 4383 989 6634 5563 3475 5523 127 3115 2947 4868 2524 7327
704 7207 7137 3538 4020 663 3696 4929 7618 1267 9379 1977 4685 2056 8857 7715
1178 7967 2251 3323 1738 8435 3877 505 9027 9073 7675 1679 8977 201 9775 3580
4750 5581 5223 6569 9474 6677 796 7027 7367 215 8240 2211 4534 1975 6566 6764
1386 910 8850 9583 9346 6169 8708 7543 8980 5164 1008 9514 784 3396 7477 1495
7234 2049 8334 8713 4995 2798 8014 4502 2476 817 2732 1648 4970 4132 3367 537
6541 8047 7165 9682 4013 1585 5644 2053 1054 5863 7168 7030 2847 2569 388 4434
9267 8706 7426 4252 5577 8599 6580 4582 8839 9628 4835 7460 9877 3983 1978 6480
4069 1530 8092 4897 460 5402 1227 9516 7799 9937 3926 435 5029 5986 452 8065
