13
6355 524 7525 7487 223 1171 9230 4105 1504 2292 5863 6139 4312
8770 8244 2956 8152 6058 5264 82 351 2476 1665 7366 6843 1462
616 2870 4195 3440 783 4207 9783 602 4467 28 7826 5225 5856
7178 3386 8448 2018 5732 6067 4811 8782 9382 6431 8524 2224 175
5178 2554 9823 7300 826 8755 1218 79 4042 4603 712 5767 1385
9153 5259 1042 1440 1165 82 7021 7441 8405 8833 8338 1289 8584
9600 2436 9166 9089 4576 3681 1075 8740 7944 210 2623 4953 2082
6016 3277 3205 3560 2671 7426 9346 9613 9530 4897 9580 5353 6707
3178 2378 3176 5842 4400 835 2804 1477 1299 3846 2223 1229 5514
2766 3219 7612 424 9818 8295 8771 6303 7558 4312 8300 2641 247
1078 314 4759 9145 924 7597 1642 2035 4810 6258 5502 9235 4913
7366 9982 9889 1795 432 4492 4966 9417 5190 4830 141 1007 2535
6818 278 881 2570 1055 3223 7395 1857 9777 6251 4502 3684 4213
