67
2465 1847 6778 841 6361 5748 9297 3310 6899 8500 4708 9819 2270 3624 8387 2848 9060 5986 7582 118 2403 1516 7705 2894 2212 1780 7231 1783 6523 2458 3643 6680 7933 2128 849 2036 3861 1821 3700 408 8521 1531 3277 7111 3284 4655 7723 6913 1570 5565 1793 585 4643 6495 5050 9689 5656 5771 9016 7141 3105 7561 9586 5482 5644 151 8567
9055 9752 1702 6166 9236 9820 19 9292 4530 4024 1728 1369 1616 8147 3109 5325 8227 9959 4335 7434 23 5166 6010 71 1145 9797 1189 7310 6305 4390 9578 5580 1944 9394 3009 904 9697 1229 7447 3367 994 4710 3193 2860 8650 4781 4843 3424 8566 5811 982 547 7376 9624 5655 8965 7945 2521 2123 2581 5357 8713 5945 6806 8478 2458 5577
9158 9490 3026 1288 7095 8700 1512 3396 2477 1376 6718 2266 4588 3793 2369 6607 7408 6391 9349 1948 8483 5883 4603 1216 4806 8536 7354 8398 4627 3754 634 6414 3654 3514 8901 1882 8328 8998 2557 6652 8023 6161 6373 3778 7756 34 3272 1293 1698 1750 1275 5201 8655 8856 3829 8017 1562 9523 5505 9051 6259 2222 281 3619 8778 3539 3902
5668 8554 7261 2368 4819 4672 4892 201 671 4786 2679 3868 9796 5361 7843 5970 5009 3487 4456 4071 7293 8432 3764 8596 2089 3928 424 6862 3305 1024 898 6999 2357 682 358 6769 1828 6436 6415 8245 3430 8071 7327 1966 5222 4101 52 1666 6697 4576 384 6973 5971 5905 4453 7423 8299 1009 7811 4398 2224 2552 6550 4309 6658 2234 7253
4409 9710 8854 2947 8329 729 9245 8422 1324 42 9088 639 1407 3431 5838 8605 6491 5770 7073 5430 9532 2185 451 5692 1128 4345 3295 7459 9249 829 1822 5326 3679 4870 5925 2935 3904 6904 3985 7360 2638 5478 8689 5946 867 6955 4057 1302 4991 6991 496 6964 1691 2653 6850 6760 106 8290 8405 5189 7046 3235 892 8227 7068 9434 7583
3169 1868 4122 1053 5700 8074 5193 2334 6515 3250 3544 8139 1033 2552 2338 7339 747 8644 691 4108 6304 2236 5805 3246 982 8045 4055 7753 7433 6163 6249 4600 6460 2190 1414 2353 7810 7507 9738 9283 1821 3565 4114 4576 9645 1783 9865 8041 3697 7752 3165 8812 8425 6745 6712 351 2195 9497 7588 3343 6457 2503 6328 8514 1307 1187 1819
8317 2641 6557 3851 5079 7496 2062 5778 8814 6647 9862 231 4618 9011 109 1036 3496 8938 7515 7723 4222 3700 5408 8109 7666 6380 2146 8746 605 2641 4156 4500 8680 449 7351 7176 3004 8632 3578 5392 868 1981 2520 4659 7856 9608 5979 4723 2488 3433 6953 7896 1648 9010 5703 5157 7425 2758 3857 9683 657 9393 2911 2674 1174 1102 2826
1831 7444 2023 4561 8119 1237 3196 8599 1357 2251 4753 2972 1363 8262 8931 8229 2134 4960 3092 9456 8950 4505 132 4640 1053 6359 1486 7438 8868 4085 1801 654 7729 5374 3792 4353 5479 2341 4675 5854 2098 9946 3312 6904 7447 6892 7522 8938 5715 7363 3521 2219 7695 3388 1396 5077 7505 7353 3676 5326 1093 8118 7282 1033 2131 8614 6162
5041 5842 2033 9327 9811 1339 8326 4921 2608 1495 5435 9238 7128 1250 82 9251 7678 6596 3526 7357 2457 958 5818 7019 2772 6271 7588 5743 7962 2476 1169 454 6681 3439 2854 9713 9704 7624 1495 9597 2311 2433 7194 8455 3586 9937 5517 8588 7357 8597 2092 9092 4412 7690 23 8048 7702 1947 3819 2165 3506 5149 8751 6000 4902 5174 1693
6086 5578 5166 5245 7900 1549 4390 5312 4178 8624 8567 7975 667 7066 4528 721 1961 5935 9043 1396 5796 1192 5072 9016 2624 2641 7090 4547 2044 3246 1378 1684 5252 2171 849 515 3793 8539 1252 8971 76 1942 2044 9994 7653 2512 4325 3361 9523 4466 2347 5182 1631 1541 2431 2611 6976 9535 4090 5103 4774 9307 6135 9709 7039 5231 177
5235 2660 5720 1285 2467 3577 9249 5242 7971 292 4340 9403 3745 5682 3175 5638 3222 1036 5951 7642 5071 211 2944 2045 3985 7606 9838 5570 9473 1187 5225 2278 5773 1960 2545 4517 6400 8299 8233 2170 9564 9795 6178 1717 3139 2348 6793 9121 2914 7045 7491 3835 6580 3858 2077 5721 5092 3904 985 4852 3218 7008 7195 2245 6943 4924 802
1826 2107 3837 8713 509 5146 2425 7147 4420 6715 8765 7976 5725 5437 4061 5338 3259 3794 7724 4850 914 8681 4121 4393 3307 9012 7939 4431 5935 8795 4153 1506 7028 5823 3494 5240 9567 639 8921 1501 6020 1073 352 4896 6535 188 1168 1903 3019 9787 2011 7154 5242 100 7430 4262 7822 6256 6125 8139 4993 152 8020 8496 8585 5481 4888
4134 2212 6274 6122 5579 210 664 5545 3717 303 4870 1288 4475 2476 6077 8379 5561 1220 4308 5119 9448 1909 7792 6905 4109 3157 4201 4533 5077 2928 606 3853 8947 2311 1943 4464 8026 7802 3565 1792 542 192 8779 586 1 7228 7076 6480 6055 3113 2872 1138 1315 1963 99 7471 59 8443 7135 1530 5903 8971 3118 8858 6805 40 4830
4040 7079 6502 2227 3662 9990 8525 5674 2983 9535 4693 8244 7624 1561 6798 7063 6011 8136 3727 9215 4583 3970 5455 6852 3769 1184 2012 5104 7873 5482 2221 9880 8969 4595 5307 6945 2296 3207 433 8623 63 8449 1855 6058 3763 8943 2157 666 4956 1833 3718 5910 6918 3539 1558 1449 3752 7063 8453 7393 1337 7438 253 3719 4306 628 1639
5851 4258 250 3876 9044 856 7100 8911 8937 8384 52 3524 7374 5472 5413 2109 4120 7668 44 5147 6304 4285 7492 5725 9601 7762 4227 4549 3995 7107 8548 4654 276 1721 6326 8714 26 325 2315 2488 5416 9577 8598 2938 3044 7057 7011 5419 2289 87 4729 7231 5084 2956 5236 2976 1926 6656 4522 20 7516 6722 3946 9699 1696 1546 3565
6913 4417 6653 8695 3481 3223 5473 1930 7552 9241 6931 9499 3829 1692 985 6238 414 3115 8950 8117 6844 9423 3829 6865 4281 2538 2073 2080 7184 388 6584 1945 4247 8353 7837 6111 5918 8728 991 3176 515 2773 9634 6133 4421 1684 9681 5329 6029 6451 6185 2983 6265 9298 9424 337 1175 1966 3382 4216 3793 8005 2266 1018 6541 2961 4930
7516 4619 5842 257 7893 2749 7649 427 8686 4544 4429 8923 7886 8953 993 8965 6301 2311 827 8025 3299 2932 1433 1010 6821 6291 3243 9934 3042 6092 9676 9552 5437 7885 2122 8614 3062 8155 1804 9306 3433 9292 6595 5833 9762 2521 5765 2839 7237 5093 2221 59 9880 9663 1877 4708 3292 8112 2850 9880 6674 7030 9300 5041 7683 3044 9262
1025 4604 3289 2608 334 9106 5644 1270 6814 3603 9589 7921 9073 6952 4517 7144 148 5203 9100 6967 9910 5407 1314 2587 208 7689 1800 9109 9295 7905 6784 6706 9439 2504 3007 5572 2151 6886 8460 1840 2481 1072 5179 4951 4621 9157 142 7719 5698 4841 865 8556 9153 4835 3129 2731 8992 2377 6133 2890 875 9925 1900 8347 5738 1285 2254
3941 6418 7859 9509 1134 9244 5730 1721 1 7836 8953 7162 2041 4690 66 3070 9818 6970 3655 1695 2335 4205 4114 7615 979 2808 2596 4141 5394 9884 7399 5644 5494 6007 7293 7252 256 6625 5089 6897 7279 5473 4972 4557 3751 6141 7612 8884 3070 3834 2268 3579 4111 1052 7325 5283 6751 5130 3399 1258 5230 5354 9199 2550 4146 1400 2681
8614 2316 6255 6712 6376 9676 9175 6653 7308 6335 8742 2923 5266 6161 4888 8398 9523 4290 9014 8485 7726 7702 1105 7398 5145 3078 433 2198 8401 6340 1495 5473 1299 5146 1783 1388 6670 9693 2686 2614 7591 2055 5624 2269 1558 1204 9640 8011 4390 4066 2983 9989 4684 4461 7701 5448 1922 9978 2945 7110 3214 7129 6823 4744 8860 5788 6980
4036 4294 1933 6095 1681 9898 1679 4103 142 9964 5389 1928 8214 9965 3439 2119 3303 1614 1867 7038 8614 6959 6424 3305 3988 359 5860 3737 4753 6726 3004 8269 4860 1519 2371 7653 345 2017 4600 3939 2205 7939 3463 2932 1967 658 34 533 3805 3312 4283 4528 7609 7310 3499 7516 2519 3626 3791 481 1354 5760 2812 7700 8739 2092 1891
7159 2155 7126 168 847 2011 7389 8779 763 6326 1103 3484 356 9948 2166 4725 8533 7471 6022 9450 5608 7109 3917 1693 721 5636 6067 6058 3961 1008 145 2570 3076 6493 533 7260 3961 7459 2075 4645 4487 674 4141 5427 6499 6493 462 3415 6358 3699 1495 748 7660 1660 5956 5962 9948 7840 9277 9236 1589 8056 6112 8043 4121 4387 2942
3116 6475 4612 8559 1006 7137 4165 1609 8317 8823 7778 5357 3894 2841 294 4579 1861 6161 5717 4639 5326 4480 7108 8945 8940 3610 8854 4167 9394 3457 9280 6283 9115 8816 5139 2363 5039 7198 8747 2920 45 4687 2422 4485 3862 1597 6331 2602 8992 2577 5886 9469 3219 3097 6560 9388 7225 7920 4546 8838 6297 5897 2126 305 4393 2469 1727
5064 8845 4749 5586 3879 7343 8301 724 1309 8417 7942 9499 3146 9466 9090 3052 7866 6247 5263 7849 6713 5484 4465 2958 7460 4253 8181 9172 6715 1890 1765 3254 7031 31 3015 6391 82 6583 6767 13 8102 8666 1756 3379 8350 9073 9729 5083 1729 8128 7932 2638 1087 1145 2763 2087 2424 8353 6963 1904 4621 1117 8834 1381 4468 3577 2719
8449 5523 2718 1486 4654 1684 6469 8714 3331 368 5721 5704 7084 7577 5710 5941 4285 2256 2407 2512 6981 4861 5317 9747 2503 8278 6441 2906 8674 3987 4788 7950 1472 2231 6479 97 3699 7206 4924 9012 4809 7098 4990 8955 4237 2599 6346 8551 199 1882 7036 6800 2707 9577 6820 8584 8164 403 2167 8830 772 7385 1852 4739 6484 3529 9190
8529 1647 4253 6039 8089 6811 7971 2296 5889 148 9196 8913 8526 2461 2195 6343 7325 770 4313 5136 7498 7921 6337 976 4022 4164 7054 6156 235 4236 5995 9947 8266 3637 113 433 3895 1574 2185 2273 7807 2300 7775 9770 5809 8647 6288 9625 5051 6713 4082 1121 7448 9593 9103 3376 371 3825 2101 3549 5834 7074 6326 6208 4875 3820 9597
6564 3337 6034 4438 9061 1994 2619 5948 1533 1695 7763 252 8164 2278 7891 5536 6094 2308 3937 3784 8137 8900 4572 6346 4018 1438 1156 3713 3108 8782 1700 8045 1212 8011 1999 375 2976 3424 7591 4132 5518 7956 7022 8434 3523 5697 19 3191 7963 9145 5027 5358 619 3823 2856 8110 2525 1741 6679 1814 2202 5162 2206 1566 4630 7337 9170
7981 1255 9495 8567 2902 9769 8292 9820 9128 4496 2288 5671 3059 1811 1279 6826 2668 8833 4436 2472 9010 2821 4951 6193 9540 1997 340 4033 7536 3945 7717 1351 5859 9499 1648 4682 5479 1468 7396 2507 343 1120 8670 1272 688 1868 4871 8714 4120 5167 4489 2224 1748 2374 9339 9555 8993 6667 7645 4587 6744 7503 4504 550 9617 7644 8088
1308 1118 8542 2113 4396 8249 5925 5998 5603 6724 7453 2840 7534 6319 2539 3763 2863 4306 5503 2518 678 3119 1840 9725 9369 1866 3469 3088 6590 6938 253 1928 6861 172 172 7557 4619 5449 1710 9532 129 8965 8330 6927 1009 7957 3509 1727 6469 3953 1981 2705 5199 4924 6089 1486 3343 9448 1039 1285 4306 8921 3406 8531 2623 4816 7552
9241 7437 8017 7604 3905 4456 7472 6981 7468 5281 3688 1420 3279 5052 8944 1234 1479 2322 5878 660 4799 8703 7290 4439 2980 7834 9823 3244 6926 4874 2395 738 5522 3121 2914 3164 7504 6182 5584 6078 9439 5701 7002 266 6337 1208 3492 4038 9934 5281 1298 2998 7197 7679 659 8547 750 8845 6469 9140 5716 115 3994 2509 8825 4184 4750
5536 7069 1337 1288 7095 8218 1918 7642 7531 2603 7435 788 6426 3973 9292 2450 4942 5878 535 2257 6836 1504 5390 2506 1939 4238 7367 6595 7438 1549 6720 5833 9521 4432 5659 7525 5533 8300 5733 376 2329 4038 679 4486 7012 4654 5317 5575 6373 4849 8822 2038 1135 7851 9217 916 4951 7354 4863 9899 617 7232 5446 2080 6341 7677 7498
9121 2623 4173 6948 2353 5694 7696 2168 8447 5801 9694 4036 5148 8035 2624 10 1296 5989 4766 4279 5350 5062 5644 710 2027 4452 497 9667 5419 6752 6340 3037 6693 4954 8158 3820 793 8325 3763 2916 8632 8032 9816 3687 2710 1150 8140 8940 8587 6733 5028 1496 9142 513 1322 1022 5896 719 3386 9196 562 7850 7342 247 7021 1195 4478
6083 2801 571 8779 7192 56 8495 1380 7172 9307 449 1140 6688 6542 6983 5299 7388 8768 5078 7630 4614 7012 163 2125 5004 902 5864 7955 4146 8077 2167 7786 2294 7610 6700 445 2446 3025 4853 3297 200 3376 6333 59 2081 9667 866 6052 3184 8993 9722 2365 7504 6403 5605 538 7742 9539 9395 1639 7659 9228 1459 9495 7219 9230 4118
7810 9109 7262 6100 1483 7618 2498 9808 1981 87 7647 6759 5855 1871 4126 9274 373 3536 4189 3290 3634 8291 143 5509 5268 9132 3134 5367 3620 7076 7009 211 2163 7120 5238 3579 1483 5283 4511 4510 6025 2755 6570 1835 6072 5661 6823 5867 6700 388 4057 3998 7473 2804 6580 4342 9532 9271 9081 5301 225 3694 308 5914 118 7126 4242
2778 892 1882 4579 4489 2225 5249 6944 8689 475 7834 91 2021 6173 2455 1791 7811 5284 4588 6448 8472 2365 7611 7051 7327 9226 1075 3927 9925 8101 5104 8413 3791 2338 9428 7519 4201 4966 2452 7983 6302 9307 5502 879 1538 4357 2605 5728 5773 5167 8934 5971 56 7534 6941 1654 9964 4758 9527 4736 4915 4324 9087 71 1044 8509 8874
4480 6322 9604 3393 1484 3100 5041 9001 3508 4841 5220 6130 5590 4486 3916 766 5391 7767 7921 5782 4980 2410 5064 2908 9640 5347 4948 1855 9098 5634 3865 8785 3970 6547 2476 3136 5790 7360 8980 5407 9394 2737 9478 7489 8324 3891 8560 7129 2180 6912 1003 4907 1897 2674 1303 2232 7341 8191 4575 1420 2142 4780 6736 2317 5695 3673 8364
9142 5435 3137 2343 5319 6385 3763 7852 5911 1187 907 400 4436 7440 3514 2675 1321 3124 8575 6235 3515 5394 2080 5752 399 4060 9442 4015 7791 6178 1868 2510 1794 397 6880 9533 7685 6637 3722 4398 7118 3796 4435 4649 4680 7210 7792 384 4975 7075 8878 9046 8800 4024 7345 1731 4100 9547 5296 6175 745 1081 5750 3796 6664 971 4771
5168 9901 3651 7932 2074 5869 5691 8511 4797 6121 7476 8933 7855 5420 4931 5994 2331 4828 4750 5695 6542 1266 5542 6694 4933 8563 9979 2413 5965 9058 1126 6985 2638 3724 7914 3565 8581 3727 8930 1750 5941 9036 5839 9055 8537 8103 9329 5899 888 5974 7237 9613 9735 7024 3751 2283 2910 2944 4853 9051 532 4907 9063 689 3110 640 5917
1403 2224 5602 3913 2737 6136 5381 8554 6109 1691 2335 3234 9139 4942 4534 3816 8036 5120 4438 5103 3917 2092 716 6679 6513 6110 5599 5877 9634 4543 7342 9897 4347 1657 229 24 2592 5063 1585 5506 6895 4801 8767 8182 901 8497 741 1525 7306 4564 2409 5779 5414 8794 2287 5066 6132 2694 1741 482 6382 3634 9277 2473 6991 334 2526
7732 1531 7705 7139 4066 119 7093 8160 3406 4085 5517 7636 3968 9283 4683 9361 3145 8074 7205 5950 2190 8067 376 522 8008 1083 7984 6065 2954 2756 2652 4644 4469 9595 890 12 5457 3052 2485 6275 5503 1940 7474 3772 6931 2368 6810 4175 353 8173 2422 2529 8154 4084 5644 3190 8371 5434 2881 8200 8002 5616 9540 4697 1869 7055 4614
2252 5956 5846 7246 3181 1205 7424 2089 7593 9721 76 2928 9428 5412 9439 898 672 1757 3249 5152 1665 6221 8773 571 9685 2011 6761 8130 265 3921 4324 5200 5114 594 1963 8520 9026 7381 7992 4065 9595 5607 8908 2625 5827 9219 9408 3421 4275 6098 5597 6245 8177 1206 3479 7701 5293 5253 6882 7000 1099 7717 1322 9085 1093 1686 741
1732 5579 2566 7350 3367 9944 3147 496 7404 646 7603 6477 7107 146 8138 2254 5118 5541 5011 6154 9313 4255 874 3010 3377 4987 8762 3353 6992 5306 9739 8272 5241 2586 7023 111 3781 6283 5324 6913 7539 8878 5467 7984 5962 3727 364 1141 1844 5245 8419 3502 3821 8768 4465 5956 125 3576 1849 541 3759 9091 3957 6676 8526 9779 6297
2867 8851 1574 2806 9316 3692 3766 1113 265 6872 4917 8344 5087 3000 5233 6025 1660 6280 9351 8382 121 4738 8393 8095 5968 9735 4984 4938 6974 2509 9067 604 8006 2476 4129 2007 6844 65 3718 8983 1475 5710 630 3772 8074 9580 3989 5538 3791 6601 1345 9737 1422 6649 1664 1712 9416 8790 4606 1525 7136 2938 4207 9529 7376 2793 3191
1444 5237 9569 606 6993 2296 9994 9568 835 8518 4888 5513 2874 1849 8867 9924 8191 5872 2213 5593 1 2224 9799 4255 4394 4708 7389 2251 1334 7377 229 5159 6502 5332 4192 3592 9154 6128 5767 3941 5942 6409 1547 9845 8206 5131 5589 2668 5635 7661 2281 4839 2016 3460 4544 4784 1107 8141 7740 9697 3098 1062 1876 4420 313 7492 40
3268 4204 6848 2116 3559 5908 1464 9308 5958 1296 5782 5170 3334 6768 7507 1584 6766 4450 379 2839 779 2407 5158 1336 6168 3142 5263 8781 7942 2476 4137 3611 4786 9235 8163 3583 699 7398 3532 1636 3115 8017 4642 2217 9352 6754 6568 3189 4467 6698 6661 4708 8706 597 891 1556 2719 4687 2800 2916 9824 2079 4225 7373 2905 9254 3092
3243 8119 2047 3826 8730 6531 8467 7138 8623 1494 7123 1937 9655 7239 8358 4320 3940 8536 5777 7113 4847 7545 3502 5478 7213 3268 928 3070 7134 330 903 4450 6175 7462 198 9166 7826 8806 8020 8628 6520 8367 715 9471 5164 4998 5487 8076 5866 8488 6805 6508 9296 169 8337 3128 6097 6384 5166 6972 750 4855 9126 1039 5065 3142 6901
1915 5134 6810 3114 2521 5108 4416 202 5539 1422 1816 4681 1519 3085 6073 741 9373 5729 564 2647 4780 9861 4074 8918 8328 7095 9859 3516 7915 8605 9793 3904 2939 1118 5324 1408 9132 7296 1384 6150 7382 9133 898 4588 7037 7642 3818 3537 4195 4792 5572 948 3138 2830 9719 9591 1083 8583 8814 1 7274 1878 1731 6941 540 1945 6094
8185 8719 177 2919 1777 5720 529 6399 4531 3928 1112 3767 8482 412 2314 2818 3826 1237 6208 7960 2428 2234 2468 4996 9604 196 438 5284 3427 2728 1920 427 8911 2014 1297 9031 7565 41 9742 5833 7975 8365 5984 3653 4507 1042 8064 5023 7817 6532 3865 7866 9808 4929 2695 2356 9412 8746 1303 5507 8364 747 2271 2737 7426 9127 6610
840 3703 6562 4872 1124 2029 8280 1011 9667 6022 6849 1698 1005 4906 1649 8420 1654 453 5374 2748 1511 2404 4842 914 920 5343 137 3070 2395 8009 8260 133 7690 4358 9522 9644 6238 927 7331 3880 5461 250 738 4707 911 4342 4787 5095 5007 4086 3956 7582 3394 2368 7487 7231 1469 5898 5287 2629 942 9178 7402 4261 7068 4849 5446
6850 9025 7990 6400 5842 6122 1355 1518 1843 5602 6110 7412 6525 3327 1697 9769 9014 7336 2659 6181 6994 6685 4468 5142 8147 5131 8956 6868 9882 9939 1630 6065 5674 623 5787 6930 9788 3980 9013 5542 9065 210 544 2092 6436 3844 100 5383 4834 7064 6773 4660 2125 5368 4454 9361 1072 3565 8882 349 9746 2338 923 6573 3739 4895 1227
1099 5298 8641 1713 3863 2795 5061 9798 940 1762 520 3115 704 5987 1257 5028 4762 7624 2114 8139 3187 7327 6859 8746 5592 5545 3895 3521 4591 9427 4165 9603 9406 9819 9307 7321 1766 2408 6067 2721 9178 1915 5920 4794 574 7414 2390 3083 843 9498 8069 1524 7194 2632 9586 3709 4246 730 2343 5137 9405 987 3565 1015 9407 7336 1321
5974 5244 104 7392 9909 4975 6547 4788 1180 3673 2745 2856 806 3166 5340 278 2835 9192 4840 5438 8687 1947 4800 9358 313 3917 4570 1787 6575 5371 5853 7777 5324 488 5968 8350 2425 2193 8692 8788 1828 467 8797 9901 4216 4517 8343 9496 8963 7789 5125 7285 9220 7237 1762 749 6337 2413 2629 4530 5467 835 1264 9850 5246 5193 4338
6850 3232 1059 516 2342 565 5985 7903 334 626 4682 5380 4601 8293 3418 6547 2197 7076 7066 4561 3970 8427 7601 5961 5266 8050 4015 6332 2395 8299 51 8451 4903 8345 4215 3929 5673 3466 9140 2647 538 1145 2971 2939 626 7060 3460 6810 2624 109 8697 6383 9215 9844 3986 8015 349 5949 298 6747 9951 7737 7227 9874 1114 7987 8731
1906 5152 1477 1553 9373 1117 3126 4114 9360 160 5374 9320 7097 8686 1174 2095 3571 2953 6958 1169 2609 8218 4642 9424 9838 7640 5590 7318 5824 5985 199 2512 6418 9308 6574 8025 4123 3670 155 201 8863 78 1992 3605 8928 5752 3063 6058 3409 2789 6196 4528 7102 7285 1883 9841 7233 8677 8464 3233 3631 4090 6293 5426 5710 976 4112
7660 2905 2906 6798 7126 6616 8766 8958 6171 8187 7876 9985 7078 517 9727 8471 1522 3552 7689 1292 9223 8341 7237 6888 3888 2943 7129 4182 1015 7729 5992 7690 6283 4996 1200 7316 8988 9201 7927 9838 4348 5056 1354 1972 8254 8293 9814 2926 8191 8915 312 7360 3208 1180 9041 295 1513 1066 2796 8782 8709 9523 4718 606 6844 9067 4445
9063 7286 8514 4217 6118 8182 433 2350 1728 7782 2377 6319 7646 769 709 5749 1294 7442 6932 7132 6696 5998 2947 2206 7099 3859 2597 515 2236 8956 3877 5035 7273 2151 2037 958 5467 4990 361 3572 9324 7591 982 2715 8327 3015 9798 9284 1967 1093 2164 1140 3068 1332 1530 6430 6466 196 7042 4820 18 713 6621 6994 8449 706 9532
4357 4023 9065 6036 3333 9032 4218 3415 2272 1336 2161 1236 214 3288 76 9666 6928 9027 2533 4320 3853 3376 3939 7680 3865 442 5566 5974 5292 5851 8703 2869 7284 832 8038 7560 6844 9370 8023 2773 113 3928 8823 6161 6022 1225 9934 5955 8758 5593 7616 493 8974 8554 4864 8425 8854 5304 1050 1620 6270 6460 4036 1359 6964 6029 3019
5165 7237 8218 7503 5146 7765 5552 5766 292 6588 4428 6093 8306 5657 9537 4726 1383 538 3466 8022 556 9579 6947 2065 2524 9732 5435 1405 475 3001 5254 8528 2179 1498 2764 4911 2765 1817 4549 2291 301 8582 3298 9798 9775 7024 2376 2509 8380 2272 530 4834 6742 5446 9496 3341 6582 344 3136 9421 1000 9829 1477 9231 4843 5777 7863
1114 6136 9274 4819 4468 3565 631 2524 2495 9496 8428 1405 7597 601 85 1517 270 7416 165 6399 9520 5258 997 6166 6634 8071 7345 7654 6014 9256 2047 8746 2047 889 6578 5260 2728 5365 8607 4042 9789 5464 4066 3863 7056 6424 5248 3070 2481 4672 5622 5183 5596 1824 100 6006 8980 74 9882 5051 1657 1890 3418 694 4825 1211 6304
353 2476 3199 160 9622 982 6474 6072 1264 2810 5626 8020 979 1598 2833 1963 8183 1010 3503 5088 9538 486 9923 9394 4489 8627 5215 1759 6348 9329 6263 1870 374 7127 2746 6139 6302 908 5327 2395 6556 3772 6304 2510 9907 6169 4144 9826 2083 6760 6082 7498 2713 9421 7141 3293 1126 6902 6869 7862 2857 3265 3851 2154 4060 6355 3901
9536 3213 458 3871 4170 8997 4561 2737 9677 8147 529 927 2032 2614 3973 1258 9292 2795 3823 1260 2206 7652 9168 4406 8056 9935 5317 4307 3534 6914 4519 1105 3604 657 4473 2572 8017 2427 371 9331 6577 8338 7336 9169 8582 8987 7569 1193 6995 1807 6708 3935 4021 5192 5542 6040 304 6367 4300 88 5164 7304 2249 8896 1100 2692 9048
6130 1218 8305 7447 1387 574 1792 277 9182 658 9015 6237 3322 6103 6910 4959 3259 2163 4031 9631 8416 144 3676 343 6502 8728 7414 5767 7372 5689 6948 7426 1736 1413 3637 8268 5833 9848 5152 8715 4423 3059 296 2746 9571 9109 1086 769 4673 8289 4618 3375 6769 1583 330 7932 1035 2899 961 6019 976 4186 2743 823 7549 430 3938
9379 7150 1307 7985 4759 6956 9352 9925 5688 9647 889 9696 4077 5108 5960 112 6670 76 9740 7801 7330 7301 5436 5464 6481 4807 5209 968 1460 2215 8749 4729 1718 3833 1687 9082 6805 5575 9364 9406 8480 3970 4932 8173 1300 1909 1640 4694 9713 5242 7564 282 3323 6641 3664 6364 2372 6409 3301 5184 8945 4862 3148 4698 5496 6556 7071
3031 3196 4284 3307 5840 3938 3127 8653 5401 855 5327 8963 3176 7070 7613 5839 4676 4261 5626 3988 7438 7039 6678 3334 4002 4214 6018 3842 7173 7972 2394 4865 2971 6940 4662 7678 2308 5389 9271 4798 3354 6139 7948 2867 37 9688 2908 385 6668 9277 3217 9316 2045 1279 4622 8629 4510 4119 8896 7689 595 5085 6654 7607 1711 5971 2059
5585 7100 7174 4177 4342 5628 1689 7198 6262 4801 8860 9139 3817 6316 5025 5875 3909 1000 4033 8599 4487 5608 5401 6436 5349 5851 5981 5510 9670 7228 925 8452 8372 4416 1435 8518 7497 6910 2930 5322 1207 5548 8273 5902 7338 6661 865 1126 9032 7397 6544 3531 4432 399 3358 7525 7552 9826 3191 7993 8185 4992 8275 1486 1382 4894 9967
9117 8315 5973 9233 3780 4917 7787 6022 2587 750 5442 6524 3797 2632 4652 2297 7171 8014 3457 9928 4896 8811 2215 5180 1113 9033 1324 1462 8658 5374 7223 5005 3733 1311 3791 8147 6523 1200 4676 8707 3617 2746 7220 9978 6298 8500 1207 7259 8578 1574 9157 1922 2217 9423 6607 3466 2098 6385 8831 6991 6268 7501 8520 6600 4553 2545 4267
3849 5867 3925 9239 9309 8404 3371 9568 9478 1839 9874 7653 2281 1294 1324 9441 7723 519 543 277 9526 8251 2935 991 9179 2763 3796 880 1051 1285 3578 7770 5803 4218 4400 8878 2221 7047 5956 965 1357 2920 4140 6409 8980 5913 8035 1530 1564 7738 7129 8317 3070 2879 1365 8238 3333 9952 5050 4774 7789 4006 2750 5018 2720 3551 7666
