65
9093 8023 8398 8142 1303 3739 8176 5101 5026 9624 4359 2059 3364 7723 243 4718 2566 2328 8218 6760 5842 4962 7626 556 5845 7203 8878 6227 7556 9231 964 7410 4483 7822 7614 3625 7414 4588 9748 8221 8550 2309 6680 7773 8721 4468 5323 703 4423 6315 5065 6991 6970 3191 9697 9202 5208 5963 7924 4730 7655 1838 4828 9835 4963
5956 3235 70 6252 6933 3547 1801 8828 6949 8659 3680 9748 5227 1106 7654 785 1253 4634 5367 5876 3700 5035 5710 4256 5482 3924 666 6023 2128 6382 7711 9436 7802 5323 2896 7159 2686 2542 781 9436 3316 7015 1218 9929 64 1365 9954 6970 4201 1686 448 6772 1327 4742 8860 2647 9977 4051 7858 6598 6367 9344 1828 3112 7476
4 6287 5626 7052 7767 1875 707 4150 3426 5869 8104 2617 9419 1739 3289 6414 4472 9689 7576 9043 1501 2068 4188 7789 2581 1896 1610 5653 5557 4258 3778 5977 10 76 4606 573 521 1657 6951 9518 672 1495 8509 3557 6853 7153 2341 352 1573 2512 7402 6268 3175 2472 2921 3032 353 7529 3226 2115 289 9307 4522 7765 2287
4438 5185 5534 9040 3391 43 6720 5359 2144 8190 5514 9059 162 4741 1859 3838 4435 7211 3746 2545 1477 7668 6856 7498 7804 1105 4444 8829 6295 431 2154 8652 376 3378 7565 865 2704 6311 8228 4360 9441 5214 4100 8196 5419 708 7271 3397 8512 2157 8351 8569 3016 9357 2977 4291 8752 1024 1996 8526 3960 4728 9505 961 289
9721 6353 9373 2944 1486 4360 2949 2232 748 8454 7666 3277 2176 9351 4542 8155 6414 9247 9799 9364 7822 775 761 1495 9370 496 9900 9126 2339 2713 9083 7607 3184 8012 3940 1881 1496 1147 5247 7993 4154 5511 7555 2884 4607 8442 7547 9976 1715 3289 7339 3674 6040 8824 7615 8665 5928 6425 9701 6491 2303 5995 6598 7355 6568
271 1605 6458 3724 8713 2412 1675 6835 5072 9886 3371 9791 6937 2890 3313 2080 498 4384 7294 5792 1100 9606 5270 9716 9043 5746 4304 5207 9426 1187 5518 6569 76 571 7453 8563 2997 1452 5677 559 4888 6685 3880 8773 795 4314 7496 7615 196 7279 8868 3757 231 8893 4114 9037 8299 5077 3928 9391 5618 8335 6566 1145 5908
897 2435 5136 8450 7185 5138 3070 7683 9736 7361 6589 3509 5216 6694 384 2928 7937 2168 3237 8926 4764 3096 2336 9775 8000 6006 9658 8661 3455 9626 9122 1973 8914 7642 6744 8752 238 3421 9614 7493 362 4465 8107 4960 3869 5710 7509 2630 5049 1381 4455 3786 7205 1690 9395 5709 9906 9589 6469 3919 1441 1546 3178 5794 4852
2296 8299 3353 6946 9417 9748 1240 628 2080 6798 5360 8075 4388 705 7557 9734 2400 9714 1641 5222 3853 8779 5729 9524 9022 2461 6793 7041 1417 6870 4859 1938 9028 5404 9382 4174 2328 2026 2245 244 8302 4933 2428 5026 9442 2146 3664 3991 1544 2441 9658 1321 6975 3382 214 3439 3896 8710 9934 6985 6520 8893 9187 7348 8168
7028 9496 1882 7858 9703 1645 823 211 6799 4783 209 5884 705 7086 7738 1299 9460 1980 3598 6762 2281 7527 9217 5989 5442 540 3991 9619 4981 7882 7896 9462 5600 7741 2224 943 2572 4159 2662 9675 27 8202 2869 1390 1614 3277 8596 3373 435 6322 8899 1804 3619 1585 8461 934 3539 2881 6731 3942 7246 1158 7228 6742 5468
1129 8689 3017 8479 8791 354 8825 7143 4072 6232 7894 7580 7095 2644 6925 9561 6248 248 371 6062 6601 5322 937 7281 9586 7338 4407 8424 7885 1819 512 2122 8053 1450 1439 7363 6259 2707 6470 5881 849 4942 6187 13 628 8448 86 8158 6742 7839 5215 5165 3112 5588 7426 477 3529 218 5632 2098 553 6517 8930 5423 2801
4540 9697 5538 1210 7968 3179 3202 6643 6612 1834 5622 6785 775 9489 3180 3889 67 3862 4662 8224 1994 6447 7472 5888 172 9124 3420 3619 7240 9239 9727 578 5396 5575 2914 8924 9017 3388 6968 6040 3739 9148 5248 6859 3664 6020 5985 199 4597 6617 1820 4346 3071 4744 1453 8814 4294 4741 7466 2208 5062 3125 6092 1480 447
6492 799 419 4020 5529 4828 8119 8667 3436 3020 4987 9001 595 5193 6418 7446 5468 4300 6571 4426 2711 1423 9481 6281 4573 270 5479 5404 1442 1981 6450 9745 6970 9227 1272 1679 4303 9341 9891 6136 5513 3636 298 3574 6261 760 5842 9992 5090 1243 3073 5797 6878 7537 697 5551 5808 4384 4368 2449 5254 398 7975 6827 6416
5939 9955 1334 1237 2644 4900 9391 1742 4690 6997 6874 4011 827 6283 9118 7879 2895 8596 8218 8467 1055 9721 4093 3080 1700 1252 5111 1321 5263 5629 8860 2948 8816 8326 7218 1159 1799 1207 889 4771 9459 3487 7684 6485 9774 824 2075 9393 6821 9864 607 5582 8508 7665 1840 9619 3909 9631 9031 5864 5347 3790 8538 369 6183
7286 4925 230 4073 6619 6947 3422 2714 3565 8813 901 5148 8182 5290 7247 7976 9181 6103 8992 4370 4871 3985 7993 9854 9923 4490 6469 1841 7714 3421 2713 6835 4254 2866 3961 6619 2743 2652 1534 4531 4159 8600 5722 3394 4302 379 9946 3934 5134 3071 7051 1963 1568 929 9979 8755 3716 7436 8524 7617 3286 8125 2215 6695 7685
2386 4107 7753 9883 1960 4954 4935 5644 9442 3044 1317 7186 8329 4654 393 4507 1006 1110 8 556 4087 1676 7697 6210 7710 6056 208 5823 256 8832 1712 1585 6076 6379 6634 8233 9100 8771 7438 9748 6370 7183 5667 6371 5437 1597 7415 1711 1900 8427 391 1009 6949 9779 2186 4049 4978 1576 8695 1657 9926 8926 424 7952 6826
3915 2178 454 6654 7429 771 2602 3151 4178 9439 1468 7327 859 4984 1342 2170 3037 7163 2626 8137 3519 907 6018 6157 1051 1908 2025 159 8758 3202 8336 1918 1799 9426 654 8680 2537 4858 9338 4975 8800 8352 2584 2971 3253 4225 8122 478 8985 5122 1231 793 7171 3403 8057 9556 5173 6681 1910 8800 3702 7795 7228 2443 5266
5506 2829 8888 8407 2659 3220 6874 4450 2964 1773 4100 4850 1904 1441 388 7528 1823 943 5247 4531 5797 6703 9786 5643 6516 9643 1425 8689 5523 5286 6790 2629 5061 2025 301 5839 7876 7741 7363 2086 3615 5615 4523 8115 4110 6247 2593 8757 1785 5257 6106 7624 8859 8785 4675 9330 2621 8923 7569 6195 7426 3850 7598 8260 4831
3742 9664 7030 9047 7854 3691 8877 6134 2662 5635 5545 4412 7453 5429 8615 6505 6640 338 5473 5196 4238 1219 1957 338 6562 4390 6355 4770 4162 9809 9738 4328 1947 5253 4846 6009 9187 4231 2215 2609 5821 7003 4991 1194 4379 5361 6475 5266 6634 3048 2893 5968 6917 799 2969 2932 6310 3357 8658 3873 1779 4423 960 3813 5673
1030 3854 6337 5653 8680 8321 225 595 6073 5458 3574 3949 2213 2074 6454 6064 2764 4590 3664 6377 3565 3690 5394 2791 1056 7395 7727 3602 1558 7686 664 5326 3367 2750 5963 2008 5252 5171 912 2188 8581 1354 7331 1675 4836 8025 1354 75 1594 4000 5242 5953 1974 3664 5200 9289 7993 7571 2596 991 5473 3504 2608 3814 2356
9515 5653 1816 6337 3919 1360 3871 6271 310 5758 3898 6402 6760 4654 3913 2495 1657 7795 8251 9607 1420 5543 8293 5925 1081 9296 723 7208 622 9532 3847 5425 1522 9590 3457 7876 3409 7477 5630 4762 2917 4711 7602 6221 516 3424 5305 4932 2881 6640 8716 7729 8537 8659 8878 9196 3763 2335 1073 6562 9827 1712 353 5017 3656
3519 8009 1504 9956 7400 6145 1791 751 8265 7171 701 4960 7857 811 7696 8014 4258 9178 399 4597 5488 8278 9259 1646 4790 5067 8229 6662 6700 7801 3316 4484 2773 2986 3331 7312 7262 5633 6480 3265 5476 1142 2564 9494 6599 8963 5194 1244 3157 353 6256 1864 7807 6719 4097 6728 3838 4129 8965 1873 7993 67 6032 215 3708
4842 2944 540 1098 8845 1741 3770 1951 6220 1628 7354 6761 3853 7678 8953 5734 6723 6010 3135 9393 1939 4804 3265 9961 9824 4023 6726 7903 7822 8564 4475 9139 7660 9727 3172 8533 5566 2620 1959 583 6337 8664 3022 5752 9064 8125 7837 2328 7748 4672 1380 7381 9379 4898 6927 8691 5158 991 3708 9385 1530 2485 2977 1640 7880
4657 8141 1435 4612 5024 6839 7638 193 3133 3682 8884 655 5507 8119 6237 5501 5055 9980 4171 1401 7587 9859 920 793 716 5443 8053 9743 1478 578 846 1075 9244 7385 694 7341 2996 236 7551 2971 7905 7470 5087 8844 8361 2321 5941 5758 7198 1489 7377 199 6472 9514 54 6096 2263 1325 3781 3334 7192 7884 5023 5518 7296
8813 4458 5599 1477 8305 3502 916 3542 576 3130 5391 7256 4516 9064 7877 7984 8933 4750 8405 513 2506 2516 6040 9734 1420 9349 3166 9480 7338 8214 3164 9235 4529 9730 5758 3969 5773 9451 1484 4314 1525 848 1155 7817 9203 1630 1386 3038 2674 5886 4693 753 3312 5763 3094 3247 763 7091 6256 8110 6864 9453 8011 7273 1702
7275 6623 6324 8425 937 509 6932 8110 1027 8320 5193 5868 4372 5301 9812 3297 4940 2849 7678 9043 3226 2951 9277 4042 8599 999 3085 2203 6301 5278 6505 2917 7525 8629 4144 5215 4156 7417 2223 3514 919 4004 3397 4165 3926 6729 4618 1020 8361 6436 5014 2143 4915 9098 7876 8464 1513 8353 2707 7662 1 2227 5388 9925 1809
1248 9502 5284 7478 7177 55 2350 9350 6 7899 4283 1405 763 1531 7568 2249 3645 5083 4378 4408 8548 2410 1919 1476 9052 6424 2938 4645 7054 9335 1981 5395 46 2300 8020 9670 1201 8059 8343 7976 8194 5707 5139 57 1717 9370 5195 4708 6373 6832 9523 3202 2854 4741 6841 4631 4885 5626 4057 6423 2344 5110 779 8360 2788
9093 5811 6105 9901 802 232 4328 8547 5614 2872 7123 1633 5842 7239 2515 2787 1713 6928 2377 5445 1782 2764 4368 4336 2982 9559 3230 3145 3042 6896 6661 5128 7012 6619 1762 5017 4762 5917 9921 5225 9313 6492 6032 2856 8335 4693 4186 5334 5123 136 3598 1989 9811 4424 1486 5676 7695 1321 2913 5239 9120 364 6502 5560 7635
3862 2060 4486 5857 3817 6876 9844 8470 6687 2002 6887 4450 3753 1751 125 3540 3094 5471 7609 690 5237 2278 1429 3205 5632 2338 9217 9336 8625 782 883 2179 4342 7102 4920 8380 6263 8251 6418 6888 2017 2635 7800 4940 301 9689 7507 9788 1168 7747 4924 8625 1306 6148 2260 2299 7839 8284 4554 4977 5866 1189 6542 336 6739
1876 8991 8614 406 3402 9395 8687 3994 8684 2363 7089 874 478 8096 9925 4741 4639 8479 1162 6555 6528 8114 3021 5924 7118 3463 1929 5611 3454 3220 2110 727 6665 9794 5941 323 232 9846 2278 6709 5062 1084 3296 3827 7257 6812 7084 3517 2753 9483 4984 7208 371 6624 4345 8549 226 589 6076 3290 6764 6414 1666 2260 5317
5547 1714 3175 8884 9022 2193 8199 3501 2680 8564 265 532 6139 6214 1574 1558 8851 3021 5716 811 2410 4828 4646 7583 4789 5956 9349 7921 6343 5705 5372 1001 6037 3826 4288 2935 5194 414 2932 1421 1753 704 7984 3174 6551 1159 6040 902 7273 5941 2061 2874 4687 244 6226 8151 6117 454 1101 7360 6277 6594 7572 1456 1862
6004 3925 3774 4089 8272 2925 943 2407 5086 8563 7957 1702 3711 4400 4728 5537 6725 5833 2193 2731 2293 864 360 6562 199 7463 2895 5089 436 8950 5062 1714 5286 6014 7075 9835 5149 2126 8345 2398 4500 1388 1256 6596 7806 4691 5401 6787 3413 1371 4109 469 8171 513 8408 3554 4309 1486 3935 2578 1185 748 1939 7110 4210
1570 892 7301 9926 4546 4759 5466 2248 7174 5266 2824 2425 4240 2887 1324 3765 3177 484 9784 322 9220 5374 9934 7054 8134 1275 8281 46 4024 5288 4468 6443 5082 8350 550 5124 6736 7924 5147 8845 2656 6692 514 9835 8394 6716 3780 3466 8279 842 2935 3728 6612 4159 3040 4384 9137 9 5040 151 8891 3422 8478 5730 8137
9070 9025 6781 1522 2746 5456 5237 6058 6920 8592 1585 9004 5941 2115 7931 9701 1079 6204 6994 8143 9541 7207 5803 5305 4552 5353 1072 2949 7850 7306 7213 8260 234 3025 8068 786 783 5108 9029 528 5933 9033 2618 2764 5652 9395 3260 211 7687 1369 4831 9424 9006 6633 8983 628 5386 541 3752 1306 6412 7401 9757 5982 8560
283 42 9714 37 8892 4321 3712 2788 397 6098 8860 4256 8419 123 282 5684 4239 6691 9598 7924 6987 8020 8974 9664 5150 4384 430 3182 5215 814 5407 3952 2652 7540 7471 7668 234 4781 7591 7672 2811 6630 5216 3184 1156 8731 3355 9587 9343 8460 2219 6840 5622 6935 3259 2683 7954 9678 8620 9679 8185 2012 5202 3859 8572
8239 8195 6700 8377 6554 8486 4440 3443 3419 5095 8969 390 2542 6661 2836 3088 2853 6343 8578 4195 9401 6843 9913 5378 1297 8953 8713 3390 8209 7467 826 823 9109 4291 3733 1468 8743 8983 644 9877 178 3614 7532 4138 2749 373 125 631 5598 9892 4510 265 7192 8527 8065 5038 2542 4494 7349 2995 913 3232 4717 4887 4902
1819 3451 3978 4243 9661 9716 3286 3760 3895 5122 4129 4992 2914 3250 9955 8692 7487 2451 5500 2411 5647 7813 3692 7449 4852 1781 7964 8946 6678 5952 8663 2964 1747 9638 5677 3428 1135 6910 7611 144 2287 878 334 823 84 7210 1537 7663 6535 7804 6776 4944 7181 8894 1632 4293 7651 7108 4893 6997 2560 1234 7722 9132 8484
5942 449 115 9953 7791 1227 392 5563 239 4584 5699 9964 6646 6563 9382 3196 5950 9802 8574 4999 1872 6235 3078 4280 2971 7336 1984 2846 4060 3439 1400 7357 1172 928 9259 9087 8965 8788 7699 8581 8227 6387 2783 8037 9660 8203 535 1475 5354 1666 7723 3631 3196 3524 3928 4408 4207 1465 1666 2347 7209 346 8503 7643 8929
9444 8857 4467 8913 2770 472 5506 5149 4704 6600 4220 6205 8034 3912 2620 5671 7503 1013 5980 9124 7300 9285 2685 8323 8977 7393 7921 3461 4798 6700 7537 7447 5561 8413 3494 4194 1675 181 7272 1211 7662 7102 1782 5275 7513 2238 6013 5536 3979 9933 614 8548 610 493 1291 8658 7912 8665 8359 1 8202 1409 6817 9959 5833
7885 8217 9747 925 9322 6546 6661 5191 5963 770 6337 7662 2782 2719 1725 4605 3286 9406 7410 7906 9142 619 9776 5117 9666 86 4296 3774 5618 6731 7647 6337 3103 9826 2549 2543 6022 6463 8978 5673 7231 3238 6215 3619 3576 8331 9274 4937 1399 3379 9527 6413 7450 169 7235 4330 1765 4820 6142 4232 1862 3520 3001 5821 870
9154 1534 1496 1962 3025 3822 7531 7087 4886 1146 3369 4027 2006 6727 1068 1294 9562 5545 8587 8397 7535 9065 8617 8880 8743 9163 9146 3938 7818 7030 7957 2472 262 8603 5159 1090 8335 2146 9136 3260 6265 5727 3366 6088 928 7105 8245 1870 3558 4558 3304 595 9262 8065 4708 9882 6993 9394 2234 5460 7753 1765 1570 4753 4193
3475 7870 4936 491 7585 6868 7346 7773 7144 9046 7654 4243 253 7069 7978 4348 8372 4105 5476 7618 839 7061 9324 7653 2471 6409 3081 9861 1999 3334 1867 2293 1255 2509 9359 4502 2262 3340 1559 163 5420 3483 6433 7418 9331 8172 7204 7720 208 6304 8569 3814 4962 202 6561 7834 7507 6730 487 874 6040 5719 8603 3493 3242
6970 6117 8922 1552 1057 1876 6684 2344 7342 7944 8545 9034 417 9259 8395 9451 170 6299 2348 1671 6243 5647 3538 2688 256 6664 978 1531 5457 6618 7499 6089 729 91 1063 9154 3694 4450 1361 7549 4755 4417 4695 5614 2319 9055 1467 831 7036 9856 6449 7989 891 7522 1375 390 1620 6395 1093 5275 1044 7543 7471 9899 1
8294 1465 9690 2035 133 1066 811 6244 122 2847 3578 9454 6178 8560 6293 7899 9142 4574 8836 4447 1309 2981 6643 4022 6181 3593 5893 5167 7428 1161 6491 2598 3736 4989 1513 8889 6500 2179 9013 3664 3169 8932 2449 3772 3106 2224 9343 1070 1068 1657 7262 8032 2674 6703 937 8612 1814 3088 1876 4343 5029 5406 4392 7805 7456
3133 3238 7927 1783 3267 4095 6034 6857 1558 6481 3295 6637 808 7844 7765 3184 1203 4445 8645 4753 2636 7055 8254 8101 3772 2980 6215 6903 2553 281 516 2567 4401 5339 1632 6763 6596 6722 1756 6005 6970 6868 2221 2584 9104 3529 7358 5380 7723 4689 9784 2632 362 595 9751 3253 7889 9210 5170 1640 5743 8813 2314 1813 2402
4818 6978 9868 2740 1306 4763 9025 7424 1756 7984 2947 9679 7129 7780 2737 7801 6688 8368 7519 6300 2464 295 7824 2479 468 3751 3183 375 8757 7934 4145 7620 4034 9931 7161 4764 523 4085 8083 2219 9235 6260 6522 5873 8143 1547 1304 3340 8695 4326 8977 1929 5358 8662 6888 7320 297 7066 6592 2710 6865 3310 1183 8041 6994
9394 9709 826 1288 7563 9046 4186 5062 5524 2885 6643 4337 9559 7440 2630 6278 9692 9900 2983 274 1156 3001 763 2062 5051 9178 8866 1759 730 8118 4940 956 6162 3088 1567 5149 3044 2498 2086 1922 3782 7030 7275 8110 6016 6067 6326 3850 6796 9649 1072 7309 3939 5313 870 6354 8491 769 8401 8972 9118 6658 9518 4695 4030
2311 9259 3451 9956 3477 4970 8887 8275 9055 5338 3797 1270 8071 34 5493 1404 742 2935 687 5739 8714 1532 2212 5650 6768 1514 8701 3479 5528 703 4647 2610 907 1769 1134 1596 6769 8653 6427 8087 9541 2597 9628 4123 630 7445 7153 5870 3639 9091 8005 7894 1643 3871 3200 2677 4504 1893 946 6393 27 1613 9940 9837 9281
522 8590 7459 8908 186 3149 793 3358 2966 549 4465 616 9725 4253 1571 8908 6260 4064 6385 6832 1507 4558 7492 2480 3023 352 2597 5941 1181 4726 1094 8806 6931 4348 1145 760 633 7364 6480 7481 1207 5140 727 2994 9675 2072 2354 3283 1564 9789 6395 6140 5597 9946 6145 2936 2028 2197 1533 3833 5182 6085 1993 9973 5983
1484 9192 5052 3290 2069 4666 4817 7208 7867 8475 8098 1521 1261 7610 9412 399 7756 7693 2854 9169 820 7223 3609 9351 8616 9172 165 839 208 4429 9065 2378 5248 3634 6252 304 5209 4018 5210 8152 2893 5758 994 8056 401 2135 9691 1745 8043 5077 6922 710 8880 4966 56 8485 232 6370 1840 3279 9887 3015 9931 2606 2850
6065 2728 943 6679 7718 4149 8245 7225 9739 7306 3790 111 3691 4026 2161 9954 6708 3912 1651 9901 3385 4254 9890 9279 4555 9764 2902 4488 2847 9036 3889 3501 4401 4082 6821 3397 8059 5839 4789 4806 8383 2035 9537 4798 6436 4301 5489 4933 1935 7810 8721 7573 4291 1957 7169 5817 8200 4349 846 7954 628 390 74 1750 6447
122 1542 5468 3816 7581 4523 9331 4852 8035 7918 6616 2672 2105 6927 648 676 3654 6814 5879 1012 9326 5139 7828 9646 6916 5407 4693 8642 3730 2815 6451 7987 8335 4399 163 4849 7137 6230 6544 4591 6451 7461 6776 1264 1475 4416 8755 9718 6902 7264 2051 6985 3471 4522 8685 5035 7263 203 5628 3791 1900 9010 7294 550 4689
8113 1717 7936 358 9529 5112 7368 1672 1157 7085 5311 1540 2760 8337 8602 5483 40 3358 8136 3186 4206 9006 5215 2072 9579 8092 9379 534 8291 5650 5787 3871 766 7874 4746 8150 6488 6751 5399 6313 4652 4741 7199 8966 8333 1450 9560 2477 5759 8671 7732 1819 3179 3783 8726 3439 1343 1897 3268 4710 4756 6808 6244 7987 6997
5398 2465 9547 2711 5717 5027 8052 8212 6073 7079 5361 4267 4393 3487 107 5227 7550 3519 8914 4441 2603 1415 1323 799 9229 3643 5802 473 238 4824 5554 9178 1205 9399 2634 4123 3790 7432 5362 7519 9844 606 9134 1540 4312 9868 1532 8038 8393 7764 9604 5607 513 6793 5864 9053 7737 778 109 9494 1264 5939 1938 6014 1564
2861 7829 6116 8948 9901 5941 8749 8581 8787 8944 6920 5101 3397 4055 3550 8992 4324 3301 63 6920 5199 6526 6944 2031 9947 7209 579 5743 7657 1483 3949 3004 9637 5813 724 3396 3013 3280 2378 8551 8762 843 134 775 6589 8632 3299 2355 5674 3466 1102 5029 5945 7004 5782 5344 5907 5352 9990 2832 4756 1077 3763 6409 6166
9814 8251 5362 4969 7320 1342 2573 6412 1198 1324 1139 7467 5827 3055 4486 179 7837 9622 1364 2203 793 5532 4343 7089 9517 3403 373 1528 9043 9143 9397 7319 1322 2065 2878 4552 3078 6576 6450 6334 617 7229 7795 9511 232 904 4429 6408 703 5323 2323 8483 5666 4140 5883 9932 6382 4593 6257 2478 1943 9351 6322 1839 1204
9582 1165 6163 8335 5202 379 1051 5914 7294 5447 9038 448 3757 6403 1756 1901 8137 9955 5368 1197 5312 2647 3562 8551 6380 8146 4309 7259 4399 6211 211 4114 9427 2282 6375 5770 1094 6034 1948 1980 9703 5995 3454 3565 6734 1513 2734 5564 424 8668 3834 6247 7216 4438 8124 8749 1406 2190 8488 7285 2718 4060 5369 9377 3422
3046 4766 4762 7654 214 5942 8066 2684 6751 8443 8793 9349 9697 6639 3849 3636 6127 6121 7636 3138 1526 947 8512 2399 4720 7894 8527 9335 7246 9964 1141 2296 1909 2250 5686 3046 9285 2269 5710 8395 496 5821 7021 1244 1904 7300 309 6994 3724 6703 2267 7954 6996 4523 5018 8859 1729 1956 2482 7273 271 8524 1 8887 7829
7120 2233 6717 8714 1907 680 5273 7370 4771 2719 1915 3620 9462 6118 8794 8614 5360 2837 3604 5908 8251 7800 5002 6993 7117 3799 6315 7120 8473 9751 7315 1968 7645 9085 9758 3129 7572 9660 6506 2791 273 1228 9319 7189 199 6376 4222 4852 4395 8119 8245 2587 7678 8321 9421 1825 3004 294 7886 2146 1333 9760 6013 225 4844
7055 4205 4663 8917 9688 322 4748 4561 7318 1387 1342 8701 2344 6985 8753 8109 1783 4478 6153 6992 7741 6931 2564 5210 4885 6637 8242 4651 1397 692 1657 1489 8445 4914 2894 6931 818 4973 7648 6170 815 2080 7532 5764 9850 56 9254 3703 4205 225 3564 1538 8119 5770 9825 6544 5072 8140 6317 5820 4381 7071 3202 5272 5197
5872 6034 8236 35 7741 535 266 4606 6024 9672 6619 7675 9787 2962 1851 7783 7921 9956 7626 8869 5149 7903 1920 2906 1844 7433 7579 6436 256 4852 8480 6202 1629 7954 5697 9763 6049 2077 3152 3822 1189 142 604 6434 9187 7810 2692 3706 420 2563 7351 3704 5658 9325 937 4381 5392 3677 8713 1517 6463 3223 8381 3683 5100
3763 154 3246 3709 8480 1542 5682 4475 2344 951 6724 1954 5692 1192 7636 1396 991 496 6986 6294 6890 4468 2930 1806 5950 7734 377 6049 7615 2595 8504 6027 3167 6856 685 1420 6733 6574 7169 8472 3634 933 1501 1804 3681 9451 1657 6125 6908 8493 2224 4322 4664 9142 2959 9289 4553 8663 4220 8740 7456 1397 9595 2047 4399
7678 6417 4356 9733 3331 5338 7696 5140 7942 5506 3665 7588 7164 2051 9181 3855 3625 5734 1477 6147 1696 4075 8532 5477 4060 3140 298 3660 6796 9087 2587 247 685 826 6931 2588 2628 7250 4862 859 5494 4761 6848 5845 6830 6120 1288 4076 7579 6634 8938 2322 5104 4792 2740 5878 6271 4069 67 7783 4420 7712 8299 7483 8688
9549 494 6303 4138 9055 5652 7544 7329 610 8026 4678 8585 4051 2278 7080 3578 8316 7613 9328 3145 9145 2189 7920 4800 5491 7685 3683 5659 8401 7189 5041 2910 751 5935 1519 7114 8092 9554 8607 927 1570 5674 3666 7276 7153 7774 5962 474 9322 4634 1090 8614 5751 5974 6589 1082 1496 1458 1393 6679 8245 2378 7743 2596 2050
7213 2091 4429 8754 6001 3109 7576 8241 6172 517 225 4864 9770 7729 1904 6697 1813 7871 7416 6656 2670 3657 8898 6221 7690 9118 4737 4963 9092 7417 397 1540 5519 8293 5540 3642 8364 3151 5631 441 2311 1585 9303 8290 5030 5162 2152 3224 2113 6842 8569 3066 2728 7573 8497 3195 7281 6799 1954 7127 9476 6949 5797 1289 9532
160 9601 892 2562 9070 6024 8492 9867 2266 6940 7813 6007 5129 5344 2244 628 8169 8873 6346 2152 167 7808 8750 8614 3782 8869 9091 8840 2941 4630 5696 1780 2039 9366 9771 1012 3466 3628 4567 6909 6693 838 4126 4588 28 5800 4787 6471 8082 7393 2938 5749 3037 8773 5461 4093 7763 2586 4738 1574 6150 6709 4870 7967 9541
