69
898 2190 9560 5137 6490 2650 7961 937 5977 4941 4799 3222 872 8367 7286 5269 4087 9574 4041 6883 3952 6541 5863 1065 8583 7541 1255 3667 9631 3300 9535 4117 6310 361 6429 3079 3919 3454 9460 4684 417 4038 5974 1847 7203 2857 9356 6310 8931 6605 5991 6424 2728 5842 749 5606 3161 2356 2575 7790 6582 1666 5598 886 418 815 3669 200 2845
1482 1655 5297 7669 8468 3330 6409 6426 3025 7375 9004 9091 5944 2167 1234 115 3280 694 3778 1981 1024 6567 1033 2107 8808 9445 7326 2962 3304 6556 1469 8469 6613 9748 7503 9026 3514 4922 6112 3007 4134 3210 859 477 3108 7114 4078 5496 6589 196 5968 9319 7153 1290 9832 6265 5974 8653 3929 4435 4984 3979 7840 1531 1904 540 4894 2355 991
8432 4392 6696 8650 1189 8029 6635 2503 6147 3297 3382 5182 7274 123 3580 622 4704 1887 3436 1980 3181 5689 3827 7021 5734 8860 4986 958 5044 259 4546 8455 4095 3587 285 8449 8107 4388 511 7850 113 6085 1239 7739 5757 9948 1609 2305 1060 1612 6421 6436 1075 8116 4789 234 9038 3283 2810 9883 4731 5818 3614 1876 7333 285 2223 2728 3409
8020 8498 6193 9644 5827 3646 7945 5166 6465 1470 4945 4893 696 2098 8063 7107 7145 4678 970 9444 117 1460 7675 4545 5725 1300 3833 6257 5029 9773 760 5743 8315 1552 1432 6185 5369 9292 3327 4564 8092 6337 7085 7917 9807 7354 946 382 7315 4123 3628 9938 6599 6535 4321 7865 6618 5774 8515 1108 9703 737 7220 382 3214 520 7804 1745 6079
5179 7102 6497 8674 2166 2998 3507 7245 4612 4607 2306 784 7417 1904 3664 6099 2260 2627 835 3608 1664 5999 6882 7078 9550 8191 8678 5185 355 8157 9931 4504 3774 3141 2987 1112 928 6850 4636 4078 1225 2989 9046 9023 2413 6920 5908 8626 1507 4780 2683 4746 3301 7849 4082 7471 5680 2638 127 4843 801 5772 7651 3818 7562 8960 8833 9550 7293
7285 6520 3523 230 9971 9090 8360 3819 2919 3565 6771 3093 1019 2560 6181 2218 9802 3641 7160 9438 1282 4973 3653 3619 7657 8722 5601 716 900 8032 7800 9877 4406 9364 100 7387 8662 2265 7996 7996 166 8361 9370 6074 6898 2766 5947 8621 5512 1855 1495 5941 5568 8482 8671 8003 3466 1626 1949 2143 5203 4282 8110 7884 5362 9513 5167 8681 5080
7434 2608 16 1321 82 2245 6129 3608 811 9088 4930 8141 4060 6535 4699 1330 401 8308 5653 9891 2718 2964 2102 2930 8065 5111 2449 8548 5040 8294 8765 604 4888 9401 8573 2824 7932 3370 3356 4994 7678 182 4357 922 3719 2377 3691 7687 5644 4486 4765 1195 4960 9155 7283 4492 1897 694 3610 1896 6238 5097 3997 384 1050 4932 4698 7907 3330
7060 8434 2725 3352 9591 6337 6855 5353 3853 4826 6796 7579 5641 336 7281 7858 7699 9262 1270 865 7300 6172 4336 3475 7930 2728 766 1432 4115 2470 1506 9280 6443 4051 2006 8932 6892 3397 2921 4108 1702 302 4574 9679 3037 721 7912 7234 6637 1552 1347 760 109 4786 9802 4423 3151 1223 8713 9993 1932 2353 4741 2259 2263 7799 4539 9192 1879
7014 3696 7552 4484 7239 8029 8998 8 4566 8998 9771 7192 6148 256 2350 3054 1192 1661 9017 6379 881 2839 2497 7153 4828 3675 1786 4856 9824 529 9700 1435 5697 8888 9932 7763 9067 9541 5153 8719 1595 204 6451 1831 9088 1807 2221 6364 8045 1132 7819 9319 7459 4590 3947 3691 1586 25 4074 9243 8107 4368 9347 8588 595 3077 3067 6673 8556
9899 1567 1226 6774 4599 6394 1783 9497 1756 7635 8992 8134 11 5644 4753 1068 4485 2862 2101 4926 8254 5706 414 3019 7083 6065 2091 4933 5852 9649 7009 9127 4690 430 8956 7762 5187 2332 3268 3138 8577 8879 7658 4082 112 6906 114 4121 3716 235 4390 8147 8740 9770 1435 5393 6573 3568 3763 3558 7260 4611 5060 7866 6083 1784 110 8470 3010
7778 6115 5761 3304 3260 8354 2993 2996 391 2405 7173 6381 8168 7864 4474 5757 7838 826 3012 5449 4533 5974 4354 6127 7232 8581 7375 5429 7027 7709 3394 1944 3084 6693 4339 8076 4066 9318 5462 7417 8312 1386 8410 1541 1638 2454 7245 9091 1887 7840 9942 3427 7631 643 550 3967 1891 1549 9494 7390 1257 6900 3130 5709 6598 2647 2381 5453 3052
1415 8621 1216 3970 2772 5665 8932 3780 6613 8677 3361 3202 5656 8938 8587 7612 6094 8603 8881 9183 2518 6820 1722 4172 5273 9555 5831 6448 1916 5308 7902 7908 2551 8095 7263 9550 4742 4033 4865 9040 2037 9019 841 8746 9535 7513 9002 865 3193 4659 3760 3588 4654 7286 6649 9081 5030 1566 9895 463 4402 9262 4195 6516 8048 9974 2307 3535 3238
3543 1292 1699 7340 5971 9991 3073 5925 793 4401 9538 5237 8803 9114 463 9157 58 460 9247 2278 6602 6832 6678 1288 6527 6823 300 8671 9136 3979 5178 5579 3398 7100 9158 6383 3650 5876 7917 7885 309 3416 5776 4330 1378 6154 8960 2009 540 5401 727 6135 505 3456 6165 193 9304 5845 2662 7291 4444 5286 5149 6976 1728 8786 4111 1351 6932
8919 8772 1777 1105 3374 3864 6665 8918 3932 899 1071 9268 4796 5492 8930 5788 4435 8278 9055 3807 8488 9985 6511 8533 78 6142 3733 8089 4748 2035 1015 6241 9892 956 9615 1099 1672 9847 6774 725 4318 8901 7925 9406 9990 7670 8563 3511 7334 4951 4756 7703 2501 7968 6359 7338 3210 8929 3355 2329 672 5820 8047 2047 1594 5008 1 2697 1552
7643 3331 445 9100 7862 2300 5446 7195 7579 5028 9274 4608 6055 4678 6718 6298 7546 6245 8806 3853 1176 6727 5689 3235 4546 244 6139 4346 4954 4669 6940 3349 7147 2008 4998 7349 5545 6045 2718 227 3691 8907 1651 4225 1748 1007 4555 931 6010 5353 2508 3411 7318 8722 2316 8266 8704 8509 1711 3498 956 304 9808 5672 5536 8462 2991 1003 540
2773 5742 7107 605 4078 5233 191 7621 2701 5023 8560 7117 4762 7339 6298 703 2512 9735 4259 2050 265 790 7350 7525 146 5806 7569 1369 5107 652 9957 3309 58 3259 124 3442 5167 3062 5158 2261 1710 1901 5501 8479 1771 4884 2911 568 8584 9659 6441 6775 4537 9370 7048 5946 5735 4103 6370 244 1983 2969 7236 3571 2704 8470 6733 2133 9285
4367 3521 6757 6817 5897 1394 3016 7630 1979 9103 2220 3202 9383 8671 9382 8878 4225 7955 1913 1893 9107 1560 4234 1143 3518 6241 6525 2701 2463 7813 5160 4357 7161 9901 7270 8519 69 4318 2383 3232 4119 8804 493 1894 1081 3855 6112 2719 446 3970 9175 3634 8549 3861 9471 802 6371 4946 7183 676 2216 7617 6031 7057 7750 8127 3099 2 948
4462 9735 937 9736 7729 3059 3862 4013 4537 2584 5490 8434 3235 8317 213 5743 1603 8872 4939 4192 7652 145 1569 259 3088 2762 6797 3196 9868 1780 127 9416 715 6424 6521 145 4355 5450 4687 2971 8613 9565 6645 8608 6298 1104 7812 6700 4457 9361 6167 6968 7756 7144 1225 2015 3271 2240 4139 5791 763 29 8438 9210 6817 1838 2656 7039 9697
967 9026 543 442 3875 7715 9503 2491 577 8118 7804 8548 1063 7760 8093 3888 7510 3792 4656 3499 6613 298 4339 7581 7050 3797 8929 9480 9901 9619 2190 5434 3169 7270 8757 8030 7608 100 4983 1621 8713 7147 7800 9595 1589 7239 628 7036 3706 3571 375 8506 5668 259 7315 3322 8664 9472 5311 7801 757 3364 94 1123 7939 3604 3261 679 1529
3112 496 5128 3440 7141 5845 3508 2682 4115 6832 1089 1535 5120 8905 1013 6453 7570 2530 8932 5270 43 3983 8920 5130 4927 5398 5458 4826 9208 1852 9654 3807 7663 5122 7327 7138 8485 3168 2970 6961 5482 8853 2278 8227 2847 5221 6769 2291 2305 3730 5291 9303 3646 2676 8306 1756 5064 1096 6597 8949 9184 5265 3818 6004 3257 1159 7346 9659 8133
4603 5916 6508 6943 928 6160 7237 9553 4648 1015 969 4346 7489 8206 9424 840 1030 8848 7425 3914 8909 7888 9604 55 4949 688 2062 4948 1387 5762 2197 9761 3241 8473 6392 7492 102 1693 3457 5849 8995 6898 2013 9091 755 2369 6787 2629 8952 508 1024 7999 5842 808 6731 152 6883 9019 7327 3025 6794 4206 2280 5303 1891 8960 8804 4957 4078
3208 3591 5921 826 9324 5734 2952 4851 3421 5556 7171 1358 8923 2064 2686 5293 8942 7371 4340 1378 8144 6404 6217 8419 2392 572 6424 6184 338 4345 8045 3675 7547 6340 2696 1538 6788 999 8101 8218 2663 4988 1354 687 2825 1519 2602 9940 1531 5366 3811 7968 8983 5302 3535 214 9405 1792 2707 5245 4900 733 2914 580 8299 4083 7897 7040 9016
7489 9975 6187 9835 7364 3565 3043 5533 7081 2809 2432 9954 2380 2847 3982 7546 2242 6709 2582 3305 1725 4785 5259 1339 7195 5837 1599 54 184 6525 2733 7693 4549 1684 7894 5677 8164 9853 6113 1933 496 3257 6856 4966 9543 5820 460 9879 5005 4556 3613 1924 5336 1741 3733 6858 8795 392 5829 6558 9086 4373 3954 9595 550 1866 1279 4668 4701
5731 6502 2315 5688 9481 6625 7384 5432 1036 3679 450 9554 7656 7492 2179 6691 2150 8668 9775 8912 9610 2024 6499 7977 7052 3189 4609 6997 5294 7444 1229 6048 5466 1120 5251 2591 1519 8920 436 3911 8423 5680 6635 506 515 6040 2518 1244 3367 179 2528 2342 9604 1502 8173 5227 3700 3689 3712 334 616 2287 1025 5394 7576 4501 5089 9268 7898
2819 9890 364 1135 8191 1289 3437 8510 9372 9472 2577 1882 8240 9523 2891 8988 3243 3304 5402 1240 2012 598 3796 4012 7297 5347 8755 7273 4660 2782 3234 4998 5647 4114 7714 2018 820 2733 9169 2302 850 898 3524 8821 3077 8094 7493 4123 8956 3820 9622 5581 7789 1849 4612 8113 89 2949 7167 7753 8980 9082 8485 6254 6076 2835 7933 9588 3464
4123 541 1761 1063 4586 1876 7430 3985 9261 1661 7750 6283 7882 3990 5504 1092 7371 7525 7894 8245 1164 2440 6645 7516 1263 5582 3367 1712 5936 7718 5552 6755 5221 3924 4588 8247 5407 8092 3682 3454 652 1717 7689 3904 2146 7906 9114 2869 5724 8836 3289 5203 433 9568 9098 1657 8133 4294 5593 8718 8410 7144 8500 5011 729 4096 9136 1188 1801
7462 4158 8188 605 5012 5707 1351 6508 451 2301 4333 9624 6427 1936 6093 2586 8335 6760 7563 3344 8155 203 7064 7219 3881 8662 4382 8515 8416 8551 7398 793 1279 9018 5783 2908 9811 4873 5995 2446 7060 7339 8188 868 3549 190 6711 4751 2761 7965 6091 1763 9097 3291 4705 2338 5913 1221 870 5941 3079 164 9937 968 1708 4961 8939 9627 1201
8880 1279 1291 6347 6397 915 4215 5750 1579 8749 3857 4059 3371 9911 6985 3511 8548 9505 7516 694 9160 5171 445 9584 6850 4213 609 7155 7294 2920 8855 727 8941 7767 2602 6788 6901 6928 3956 4966 8748 8479 6876 7885 1095 3580 9769 3962 1711 4702 9865 4521 6601 9418 8607 8745 3682 5228 9153 2685 1972 1188 8279 67 8347 9241 9298 8983 2458
1218 5501 2833 7760 2591 4049 3730 8523 901 3382 5122 5446 8712 5437 5542 8206 3110 8395 323 4833 575 8041 1095 241 1453 4745 318 1082 3620 5949 3347 7077 7984 6031 7029 8511 4643 8171 5089 6148 1354 7273 7869 3674 3835 661 6823 2796 5710 2170 6593 2612 7242 4299 9343 9982 1379 982 892 3262 2311 6106 847 7651 9181 5422 5725 3784 7603
292 2017 5605 130 5301 6046 9879 1968 8081 4331 3620 5761 1912 1186 5714 5642 1035 6170 1993 2557 7145 7742 2431 2718 7791 2961 9828 7756 2614 4735 8299 6661 9093 8974 4923 7170 4555 5194 7082 6008 3595 9010 859 3769 9811 2003 2861 9867 7550 9011 3592 8091 3538 4691 8632 4966 1448 2021 6035 5788 7758 8512 2245 8674 3578 5169 3147 8571 5423
6735 3124 6050 8721 2494 1868 4217 4519 7715 9289 3733 9198 6139 1762 5138 2333 6214 9818 1307 8344 514 2461 3116 5545 4137 4350 3724 8592 5815 10 1650 8992 1422 8155 6931 23 6540 6606 9436 7954 9067 9874 178 1095 2233 7294 7606 3511 7069 2385 1735 3513 4258 4768 5131 2713 2368 5515 2683 7415 7174 2671 1873 9250 6997 5478 2560 1537 4287
7162 5114 5 5392 9358 4649 982 3358 9581 9337 9545 6877 2710 7297 9318 8922 3322 4285 4680 67 6307 4726 5075 3744 2245 4238 7648 4703 1438 8143 9209 4243 3190 5050 392 4964 1971 4179 9802 5557 3250 9667 7107 964 1436 4228 855 6442 4808 9988 9775 3079 3321 9795 6208 4115 3120 2994 7546 9332 9681 589 7567 149 1611 7283 2520 1614 622
5122 9954 850 9754 6359 9283 6577 2386 9002 6668 2107 4743 7804 2478 604 8743 8132 3745 5104 4418 586 7476 4072 9559 4129 2084 2746 4564 5467 4951 9553 8803 3901 254 8430 9258 175 9501 4688 6683 381 8008 3520 1968 777 1660 6661 8206 8011 8196 9559 6324 1894 2494 5692 2771 6661 1843 5083 3537 4006 5152 8461 5706 3124 1167 4579 4888 7732
936 2179 484 8642 9784 4415 2870 3217 5491 9850 8113 8515 3307 8751 9203 9729 5947 6517 4890 5644 6235 4631 7987 5611 6781 7105 2830 8992 7180 8900 8940 8243 586 8470 5810 3670 7159 6124 8380 505 9181 7738 1634 3000 4261 1396 274 2158 2504 9670 5843 8284 5197 8565 8673 3671 6871 6704 9666 4947 511 4908 9835 9135 9728 8058 2986 4124 9101
9514 9995 5189 9598 7285 1387 7579 2079 6056 3970 4510 3061 4690 2366 814 5298 7030 4485 6712 7353 2068 2688 5167 6031 5139 9190 6367 8164 1215 8603 243 7855 9973 5259 2902 3169 5597 3259 957 3484 9941 7886 5973 4912 850 3650 7992 9175 7522 9455 5095 9793 5347 9583 7745 1132 3796 3595 1791 3019 7231 3353 810 7807 1837 4717 6832 1931 5129
5971 7575 5446 1291 9270 7797 6862 6601 3601 5506 5090 991 6051 1721 5206 3697 9597 6886 4819 4344 7600 7173 4105 2992 4666 7204 9250 1243 7316 6679 4597 4250 8788 492 2411 4183 9560 1637 6193 7273 2350 6753 8596 7587 1822 2059 1475 5554 1633 282 5940 7786 6055 9686 5048 5161 5510 8350 6517 5297 8132 2575 4460 1224 4807 8985 1122 7407 655
8458 3313 9696 8995 1147 6392 765 1878 8683 7862 2322 9397 5026 5870 616 682 7099 2839 2734 3847 9797 1626 2617 7655 6295 1231 8424 1975 2857 8985 944 6351 4384 2988 5893 9418 6760 8791 6391 6436 780 2233 7251 6494 5632 8691 481 1915 2257 4192 9331 506 8196 4876 1879 9762 7030 1207 9258 2777 2161 2648 202 6621 3070 8493 1551 101 2776
4024 7507 1095 2944 1066 6406 2257 3260 8349 9355 6260 9994 1021 3822 8679 4354 7098 1877 9471 2413 3120 280 1517 811 5204 2492 6625 5743 9645 5056 1409 5785 7474 7874 3405 6597 4480 3522 6292 7316 4879 1459 5507 9109 6511 8272 5164 5536 1222 8782 5722 955 633 3001 8506 4435 9394 7917 1189 634 1900 7069 9742 5554 9964 7624 991 1617 2238
1198 5561 7820 8809 4616 2443 5284 7745 5137 8063 2906 5977 2495 8716 694 3169 6958 467 3070 7830 3129 9263 388 679 3988 309 757 6337 446 2107 3796 8196 6193 5379 3416 1195 882 7839 4390 2691 2372 1183 5419 2320 5329 658 352 808 5770 772 7198 3262 4378 6699 8693 1401 3412 1774 2171 1684 7954 6273 1186 7118 6256 3943 1678 8434 1585
5758 1865 5141 2452 556 8837 9938 4292 7108 7163 8951 6760 9001 7927 854 7984 5446 2116 433 2571 6895 268 4933 5467 1632 712 8368 6647 2773 9769 3082 1504 1144 3289 4240 4681 7915 7487 5877 1459 8523 7164 6871 6649 5176 4654 8902 5737 5293 4225 2626 5417 8281 8839 91 2071 2241 181 3391 2044 5124 7786 4023 5071 5068 7816 7030 474 8020
4279 6995 6983 1324 6260 6999 6508 987 5953 2055 1423 871 2390 5678 784 7452 7273 4675 6077 7631 1183 3192 8359 7526 6139 144 8863 1173 3490 9060 389 55 6382 611 1955 5715 1000 6612 5434 8207 4149 5975 6445 3639 6571 6418 6359 6190 1471 6970 449 9215 8252 8399 8218 9730 5996 5228 690 4756 1017 9536 7195 8700 7039 6190 3759 2811 9342
3499 8788 7677 7489 8058 138 2293 4309 8944 7039 7203 5522 691 9673 1961 3754 177 6679 1894 4383 2354 5609 2064 5870 652 5706 238 2296 4903 9409 8011 8843 9793 3104 5595 9472 5647 3337 9574 3569 7918 9637 5941 5169 1306 6834 7141 2741 2548 6768 4248 9955 349 979 8448 1684 3070 7491 8575 1096 5368 319 9543 392 3082 8798 7219 94 2474
6832 1726 4529 9469 6508 7388 9970 6370 5275 1222 1204 7248 5302 7624 7560 8006 9080 8871 2386 9114 2707 8290 8959 4159 9922 6172 6447 637 1230 5737 6459 5501 5833 6496 9218 9136 5450 3589 7737 4552 1774 3205 9712 3378 8779 73 9320 5316 1822 6587 1144 7096 9397 4672 3346 3169 8163 4064 2460 5275 6194 6799 565 5107 955 2533 1765 2366 5164
3189 6514 4822 7025 1165 8897 3706 9063 5458 7533 6334 4885 5500 8788 2284 8958 6161 1326 6194 2754 157 9892 3919 874 4407 3829 7592 7648 7222 342 2207 7535 397 577 567 8320 2038 7962 4021 2521 9703 6014 6494 1542 6292 7724 2881 7975 3962 8180 3742 4897 4544 3124 3192 7879 6469 866 8524 2422 145 8005 4466 3301 2162 352 8986 6247 7158
7558 2333 5765 27 2551 7754 3743 2659 9802 9714 5899 390 841 7349 675 7070 955 3037 8683 4750 4154 3574 6544 3214 7822 3659 7575 2080 1516 1752 4547 7975 2885 6007 7056 7759 4747 893 260 9070 1051 8578 4612 8394 3844 496 1549 8468 2472 3466 9388 290 7462 1942 8499 8511 9350 1558 3790 230 6256 9485 3091 7695 4519 3346 4396 2308 953
2818 1234 5840 9985 3541 3907 2867 217 9461 805 1273 2605 8081 5122 1088 331 4255 6814 8308 6837 2927 2557 1594 3752 9655 9285 9362 657 4179 9949 4567 9999 1921 481 9767 7642 3187 3317 4460 1513 2240 998 1705 5797 820 779 3839 1755 9170 4280 449 370 7678 8083 6556 409 3126 959 8243 8800 458 6211 7355 9602 6439 6587 3278 9181 1184
6697 9318 9587 1597 7747 2894 4756 8212 8535 1786 1362 4302 3196 774 3934 8344 4720 307 4801 1195 727 681 4285 3949 8002 9101 4552 4699 2307 3457 2550 2248 8619 7788 5425 2641 6214 9573 3159 7170 5923 8911 3741 4949 5248 9008 4264 7085 4921 9729 7954 3895 8047 3890 5595 7827 9808 9735 2670 7624 3385 730 2223 2788 4382 1609 7954 7652 1112
3895 3697 3226 9828 8692 3259 3374 7454 3593 7057 3667 3244 1543 10 7431 8988 3937 1466 4892 6328 3154 8055 3088 6868 3999 4045 5314 1480 9111 9874 7867 1385 1926 6427 1843 2352 7548 3342 8517 3306 1027 8614 9649 7966 3916 5671 4492 5530 4937 2584 6853 9763 3457 9922 9315 6324 1018 793 880 710 3647 4852 4795 8978 8257 3006 7543 3978 6164
9488 9283 3550 9080 6888 8293 4093 4858 9927 543 3665 6216 6106 6385 4786 7437 2830 5182 6019 7943 4012 2696 3004 6509 8563 7152 7984 1959 8713 3254 2323 4954 1031 7235 859 6937 7762 6463 2047 4338 8530 5368 4820 5924 7204 9295 1646 3911 4027 595 9182 8508 7336 7826 7615 6543 7459 5110 7236 4730 3263 6722 1482 3469 6472 487 3664 7876 200
9015 2845 2606 6643 8685 3058 6289 4102 4532 8370 6637 3916 1762 1378 2377 8167 2375 8815 5892 6736 4366 2448 1962 1788 3426 1332 5110 9595 586 2425 9527 7660 342 5076 6172 4528 4666 4356 6154 7069 9167 9712 8911 9781 7987 5536 2912 214 4024 8939 6568 1777 8281 2081 3382 3795 9996 8029 3695 142 8990 8845 8445 7777 4762 2881 2248 6746 5014
790 5048 4095 1300 3275 5578 892 9672 529 8559 4493 6364 8987 3446 5641 2773 6403 3934 7052 5911 2473 1512 9456 1052 5392 1814 2872 5486 1387 2410 721 631 8466 244 6445 3444 9329 7666 5892 4787 2671 740 405 4912 871 3976 8614 8805 6151 8658 225 9951 4657 4595 4849 9919 211 4633 6816 4724 3487 5693 505 6346 185 3152 369 2306 177
1858 3758 9359 4365 5208 2058 3820 8632 312 5936 2553 1261 9007 5745 610 4155 7012 3281 5958 5773 1537 1255 2278 670 9364 5215 54 7879 6904 1549 2002 6051 7194 1234 9458 5451 225 1269 5328 280 552 8949 2314 8497 1846 1803 4021 8185 4126 5431 7786 4132 3844 3565 2008 2503 4429 8661 2273 9033 1363 734 4483 6018 5149 8809 8239 9244 9388
7640 3093 6609 1702 6660 5557 6353 2534 3202 2581 7273 3286 4405 1504 5143 6498 8149 8812 772 4718 1423 882 2382 8053 9825 7125 5088 495 1684 6475 2158 433 4266 9132 4504 7842 5308 1957 4368 1063 2656 1666 4800 8413 5607 6350 3183 7602 4771 1453 7180 2419 5464 276 4294 8550 7843 5019 3358 8479 1936 2548 2410 7758 514 307 6428 8458 2689
1235 4754 6022 2504 6965 1335 3402 2125 1237 287 9105 2785 8841 8487 6308 7576 6832 5988 1079 2419 1876 3106 9846 1742 4416 7180 7606 1032 8390 5221 5803 8099 8003 8845 5048 6819 2827 1867 1616 1090 9487 4947 8452 925 5008 6868 8644 7273 877 5192 3800 9130 3692 6436 9181 286 1153 8779 4744 6488 6543 5356 2962 1081 1375 883 8875 6623 1097
2058 7662 376 9955 5087 6140 496 9265 1774 2861 1822 4929 8197 6217 9674 9521 2094 7372 3157 8110 7214 862 5468 5120 8659 1792 8585 5041 4060 1972 6465 8464 9657 650 3103 1009 1872 3346 5683 5336 1930 5112 3825 5764 7629 6004 1325 2290 853 7052 2611 9437 7327 317 5932 4490 9325 2320 9886 4897 6194 9129 8797 3128 6592 4241 1825 1441 7327
1222 273 2567 3634 2731 7657 5793 2840 2476 7988 8002 80 9560 9426 9315 2779 6077 6397 4344 1816 7408 2399 5461 2601 9865 7215 9998 5026 7687 5936 9559 5875 9899 446 3409 9343 3389 1213 5761 3752 8154 3822 9703 9358 2230 1798 1994 6304 5226 1944 4987 8806 8584 6576 7948 3976 9391 5809 7293 7165 3990 1472 4215 7871 2003 3881 2115 6760 1256
4839 5554 9928 3559 7642 7504 4991 3892 7561 7546 2531 1937 594 1010 2347 8512 9552 661 3579 5542 471 9028 6355 809 4695 6497 8554 8857 8356 9883 2163 1201 1390 6052 6469 1430 6191 2440 606 7910 5806 7474 3118 5226 3019 7297 1093 8567 7348 8056 8217 2014 8445 7274 4640 3267 4258 6898 940 3451 5296 9476 7336 4964 9516 1543 8228 3574 9967
1717 8074 6271 8903 6994 8420 4201 4926 3334 2255 5592 1624 9140 4156 9874 2359 2314 6736 9667 595 5336 3034 5773 1305 2868 645 2107 865 7913 4648 555 6050 9430 1050 2484 2827 3012 4687 5488 7525 8050 9355 9409 2667 7793 291 5440 8672 1600 3712 4003 8553 9874 7768 4984 6813 2333 5981 7950 6486 3126 3005 7520 1827 5295 3571 6883 8785 6784
3710 3343 9589 1048 780 183 1657 2203 7149 3702 7765 1415 2134 8353 8434 3895 8695 5640 4186 7455 6744 4960 4483 7599 8966 8021 532 4611 7102 990 48 2628 8414 2353 2953 7684 4312 1312 7300 3042 5927 1255 307 4317 7603 5068 8596 7696 8246 8777 5609 1765 1882 5621 447 6436 9101 4164 3140 34 4328 5317 7038 6708 2701 8353 4974 3120 7042
9723 8746 4402 8298 5590 2201 6727 9648 5202 6535 3932 5452 1951 6119 7415 9638 8137 7085 8140 2890 8295 1717 4586 8698 7721 5970 7686 7648 4188 6127 7048 1103 1576 2285 8890 3826 9343 4797 9359 3363 3741 6913 5912 9647 1871 8662 9553 375 3538 1606 5311 1878 4681 4009 3597 3754 9715 6481 5842 7273 7228 5908 7734 5428 6973 199 4309 2951 156
9272 6918 4717 3711 5127 2527 4206 368 6935 7139 4456 1097 540 4978 3950 7465 7982 4195 6358 8143 8690 3435 9394 144 5490 5561 5605 210 7788 9424 8482 6664 8398 5149 256 9934 2519 7525 1720 440 5277 3367 370 8839 487 4186 199 9800 2404 128 9342 4348 7833 4247 549 1345 3873 1318 1528 2110 9355 9736 1765 1 2530 2223 6727 20 370
2155 4843 3007 4005 1011 5149 7926 7984 7372 2692 8092 2507 3493 5034 3682 2893 6139 1645 1410 5271 3816 3675 4905 9601 2767 1775 1099 2080 9136 505 6392 85 7831 1927 7621 3521 786 5908 6018 3700 1417 3961 6007 9647 3159 9361 3366 3217 5483 3520 9969 4602 4379 6368 1915 6086 3193 1110 9578 2695 8998 79 5131 3719 4948 3153 278 6976 2388
9221 6020 6789 2027 2014 4486 6796 8182 3451 1782 7334 6394 5176 7789 61 5339 7499 2915 184 3169 8733 72 3556 5185 1773 6959 3864 1274 9751 319 740 5465 9845 542 19 1408 6487 9949 8299 793 5462 5625 277 3538 2735 7787 8031 9649 4127 6061 6338 5083 7938 412 4440 9163 6741 7425 6511 4466 7267 7624 2458 4307 6943 9876 7414 3530 248
6046 7494 802 8005 2623 731 3376 1843 3774 2931 881 2368 9616 7238 5392 2959 1314 3055 6166 4599 6877 5988 8100 1630 3342 6887 1177 7321 962 6130 3322 909 3802 9360 182 7460 9621 4123 8825 9229 2748 2348 9126 1432 2965 1234 3323 6502 4977 9659 6623 8949 2654 6421 942 1636 4267 2350 9793 5466 1981 4124 6794 8470 7821 8746 8477 2692 4594
1495 5902 7657 6373 4046 868 8929 6557 9076 1999 6817 8612 3745 2625 6194 3465 163 8158 9237 7017 4708 156 6707 4546 588 3889 5200 7948 5241 577 7888 1636 3598 6615 9863 1384 6276 6080 9934 7975 2581 8762 1030 8845 1232 4274 4618 8062 1288 7150 2323 6186 4776 4196 2482 4333 734 846 6466 7531 461 705 6160 5727 7994 2509 6601 1591 5218
9529 2774 8254 14 8887 1177 4833 8038 4358 5549 3313 8033 1012 7126 5206 7762 1297 9087 7696 6301 5356 8806 544 2574 1 7736 184 7170 2048 4167 5032 7591 991 9610 208 1560 6104 870 6150 3802 4642 5655 7067 4323 8416 1208 7345 511 7725 1281 1285 7342 2885 7952 9262 8815 6895 2949 793 2844 8467 4150 5189 5203 4807 622 6310 5009 2164
1969 6571 6181 4918 8878 9310 9365 2408 6795 9723 6688 4970 4930 3613 6770 2983 7095 2684 6318 3436 4817 7748 8677 1702 1657 8550 9743 5446 9910 4594 5842 203 3344 2879 6097 5974 1077 905 4675 3682 3502 6579 493 532 2601 5794 4567 7688 5270 5622 5433 2274 9139 8221 4105 1189 3107 5205 4357 4717 8635 1036 8317 964 2245 4510 8170 5779 2469
4316 6230 9505 5920 4729 495 1259 914 644 8768 6771 8933 6304 9391 4375 8937 6859 7756 6016 9934 9195 5483 5872 6756 6991 4633 3457 550 6635 8500 7009 1160 9679 6247 3662 6020 5746 283 8042 1816 5740 7218 6747 4321 6562 767 3142 2732 8134 5844 9313 8036 7381 139 9934 8181 7195 6924 3584 6194 3385 5109 1321 5130 6698 905 8002 8292 3253
7115 2025 817 7764 2981 1074 4573 3250 2615 3334 6588 5587 5035 6523 3108 8968 3502 6338 6541 1207 3903 7583 9282 2710 4260 3258 3241 2200 9667 6038 4858 9356 5518 5833 4177 777 6054 7558 9570 8650 1999 7065 4607 6112 6920 1609 3391 1801 8174 9328 9552 4098 8552 1354 6073 8272 9238 7956 5713 596 8067 1284 7831 361 5431 1081 4545 5685 184
