80
4588 1618 937 2584 1770 8299 9505 2143 4009 6952 2072 4598 8517 744 9007 3796 2021 9901 8515 882 6465 3721 3682 5720 3015 3859 9298 4040 2134 6676 8872 2019 7142 3469 9284 2449 727 8704 811 7453 6765 8707 6667 3578 9595 703 7392 1000 6490 8427 9928 3145 2237 6596 172 3708 273 283 4469 9775 8875 9886 1669 3802 4017 5083 4560 4604 6121 9626 4013 7888 4610 5491 4951 8719 3884 6382 897 9080
5767 3390 916 2733 5187 9095 2984 4542 4709 3914 9640 7534 9676 2359 2728 4436 3073 2816 4811 8275 5347 3249 2824 231 5171 4844 8128 9160 595 3069 9728 9219 1891 5328 6182 6211 2665 4778 840 1101 1822 7480 4224 3464 1 469 5421 3770 4173 3116 1222 6597 375 7706 7319 5607 5131 5578 8753 6080 4384 4477 5383 4346 8352 5643 1387 6907 7285 8212 7264 7009 3177 9406 9352 287 6364 1831 8374 1919
3997 9415 6201 1612 6149 163 6905 7338 9082 3742 7528 4081 1862 1398 9925 8110 8328 5743 7093 2238 6233 708 3772 935 9393 1088 8614 8946 5644 6510 2113 9714 5538 6976 1873 2899 1909 6018 451 4309 9208 7684 196 8345 7354 1141 2861 5770 532 2593 6301 2014 3412 2409 5971 9287 7829 541 3652 2356 442 5171 1806 6655 8002 8425 5600 5894 8132 5734 211 268 9639 8715 5186 9773 9147 3466 1062 6232
3592 9721 7162 7292 7219 3334 2521 7673 2217 9069 4978 5689 6568 8832 8194 4942 6319 8389 4442 2685 8389 7527 8570 5326 2536 7786 878 7646 4137 9406 3833 6904 6194 1339 2961 4957 2021 1755 3182 2124 154 8856 6431 8510 6238 5710 2705 6751 4213 4611 5388 6852 848 7021 7621 9938 6122 9159 1090 6864 3636 8746 661 3648 1 3037 3035 2558 3610 4141 7646 9250 4037 2083 5931 1216 5530 2446 8179 4949
1002 8743 4955 6293 3973 9934 2602 7975 640 3502 1504 2179 9043 2096 7507 4484 1678 520 6100 5611 7472 5662 4573 9721 4960 4858 7300 2935 847 9913 6490 9754 1638 8379 80 6865 6524 5572 2574 2971 2169 6016 134 5959 7114 2316 3938 957 3007 3367 7624 5655 5812 6823 8792 8314 5529 5484 9544 826 4393 7453 7013 232 7004 1584 515 7038 9826 4978 2048 2737 1987 9910 1719 7012 433 3649 4348 8441
6103 6319 5448 8767 2336 6616 2622 6154 8839 9285 2707 1307 4294 8740 6678 4459 1672 2488 3871 7861 6698 7827 6622 2289 4090 7632 2775 4157 6670 1387 3230 1395 5075 3544 9560 7110 5707 1528 5399 749 2944 2960 6304 5791 4372 7741 19 4474 7666 2062 8999 4459 6905 4816 2663 3449 2809 6550 2193 1373 5215 5917 1069 8329 628 2241 8856 2886 963 8430 9998 2233 8378 5099 7718 3607 9797 278 5007 955
4294 9965 7273 9455 927 6210 3137 309 8559 6880 2887 8130 1447 2380 8845 937 5457 3082 7462 697 8189 9376 1761 8950 7096 3523 1540 2993 5735 3577 4255 339 8662 5622 4344 4038 1900 9235 2520 2599 9746 9444 2341 6058 2048 6457 7338 8012 7422 4462 1219 8020 4168 6118 8962 3752 2602 5212 9311 1077 1879 346 6200 1629 8965 6466 1112 304 6683 7870 6670 9373 8948 8831 9302 5833 1723 5255 6062 7523
6928 6738 3908 2848 3962 5041 5033 1075 4294 5985 3169 99 1104 9562 2644 6707 4604 9228 280 1214 7300 8454 3497 9208 5959 2553 310 7570 8038 3766 5056 7780 2131 5314 9730 9919 5749 1314 2449 4634 3892 3860 7588 9886 3983 4236 505 9019 4474 5184 5083 2485 2490 8602 3624 5294 3177 5933 8520 9770 9257 3541 5864 7521 3313 1643 3121 1642 8251 7483 9470 3080 907 7106 140 2710 5308 458 2764 2293
9774 8755 7940 6222 9259 5610 8359 4916 4847 6535 4026 7129 8380 2629 5727 3834 229 7012 3223 2693 2052 8479 349 2542 5357 9154 2155 897 1207 4243 8326 8602 8331 1222 5183 6769 1 7569 9680 3292 6723 7378 1062 6364 9378 3508 1507 3946 1363 3357 5862 2238 6095 883 4005 2085 8440 445 4379 7858 893 892 1432 8383 2984 8296 2170 3268 3892 359 5185 6871 9307 9352 9560 9410 1738 2991 8790 9372
1154 1406 3169 6106 9918 6954 105 6694 1170 8641 8380 7885 8449 964 3460 5657 8182 4189 8543 4690 6391 4832 3091 8598 8973 2242 9397 4050 2130 2927 9898 762 4665 7894 1582 9542 3030 6556 357 7375 7780 7561 1303 5672 6772 1675 8397 7133 2026 6728 8851 3646 3646 5329 2589 3423 857 2328 7630 6400 5281 2500 4111 7624 4790 7547 3968 4093 2759 4897 8941 574 527 1018 5240 1395 5937 9121 3421 661
5851 5185 6769 880 5075 8008 16 5338 7629 6501 3990 2713 4122 7277 7371 8630 5352 9028 3717 6456 7980 8835 3477 6418 5635 9617 4841 6728 8476 6844 5387 7517 6712 8574 3805 3707 7687 5947 1794 8578 5121 8320 9648 1106 5330 91 5491 7213 5395 683 4313 9201 6094 43 1954 8753 2611 1540 151 412 945 4885 6345 2734 2257 7383 2095 9805 6365 8153 1255 2991 2551 6071 1137 8401 9906 2516 8863 1354
1604 9535 2995 7952 9715 7871 17 1924 4210 9280 2721 1889 4423 3310 4004 7921 5134 9469 6085 7813 7 2791 7163 6139 8584 802 1159 1501 7943 5584 6178 3325 1168 1189 2322 7882 8801 1607 7562 3774 5209 4258 829 5699 607 6018 6732 3261 5436 7670 8808 7360 4240 748 8119 2756 5809 301 8581 1160 5892 4822 5248 2125 3675 5590 1271 8818 5609 6662 5764 2451 9085 3789 5035 1819 2317 2482 1678 9377
5106 7822 1954 3912 2270 3484 8427 2821 577 1357 9481 4269 8014 3400 9156 3283 3634 8614 8584 8260 5878 8190 5560 4581 3443 9012 8471 8353 4824 838 8297 9857 6895 2871 475 6701 2892 8084 7278 6034 5713 4297 7316 2062 8680 6450 4707 9190 6122 3167 9140 1549 8505 9894 3259 2692 9562 9424 5934 5758 1145 8536 1244 7849 3160 7156 3411 3812 4990 3439 885 76 2922 7391 1888 1477 6853 2313 325 8289
1306 7165 375 3763 2800 978 9327 8110 1896 2026 3091 9279 5282 2296 2101 7209 9607 3601 724 9229 1226 3556 5454 4218 8245 2890 4863 6733 4432 6470 9637 9431 9239 6478 5121 3579 1504 6051 9406 8195 702 1648 9550 7771 4213 9163 2864 2819 4432 8895 5281 5701 5569 4586 92 8712 2995 3520 496 7930 6702 6241 7024 6449 2710 9922 7727 1795 4737 434 8233 6418 1338 6332 4192 9043 747 2518 3693 784
2244 6382 4276 5281 5995 8344 5161 9014 9990 6164 5403 7336 4873 7966 6143 3270 9297 2275 8668 3144 1101 2425 1516 8170 2221 2823 3452 1277 2350 8562 4537 481 1007 4465 1717 7537 9017 6832 9775 7014 6425 5233 9250 3694 5477 9676 8639 8208 1999 7320 4439 3636 8791 7980 9758 3743 3064 5311 1153 8244 9106 6073 2724 7227 3968 6551 9724 1620 4600 514 1294 8715 7426 4986 2089 5933 9101 7778 2014 6913
8206 2014 6348 3268 2221 2635 9288 4054 9523 5913 1570 5556 9524 7123 2914 813 4292 8533 139 7210 7225 9139 1277 1864 982 568 684 8722 7039 2413 973 8291 1491 4667 100 7279 8470 9352 448 9261 6715 4901 3412 3478 1580 1169 1867 9488 409 24 8383 8511 8371 4066 3273 4914 8969 3826 880 1311 4465 4786 4416 454 8494 67 8533 6128 5295 4490 3885 5903 8974 385 9812 4888 5566 2335 240 8395
9952 5896 5450 7580 212 1371 2508 7564 2446 9453 1594 3724 5215 7272 5064 1423 7902 3059 9166 5692 4942 8169 7283 4399 6720 1633 4687 2937 8261 6535 4558 3796 6696 1148 6667 6645 331 2020 9626 8137 2984 9869 2384 8124 6378 3912 8391 8684 6736 6718 9068 9061 8634 2052 1261 9217 4522 9394 9271 572 1260 7081 8848 4060 2701 6563 7599 3630 9958 1863 4609 2400 8728 8053 8934 6726 7162 8208 9757 5402
3691 161 6742 1345 2845 3583 401 9405 8734 9273 9568 595 7948 7184 8698 6326 5978 5093 8636 9223 8603 8894 5122 2059 5937 176 8691 2035 1906 3444 6744 3928 4927 8200 4324 6959 7070 9631 3279 1370 9250 7736 3037 7008 9258 1144 5869 8188 1451 6530 6163 5752 2632 4727 4676 6315 8503 6769 6746 3895 7093 5034 1855 932 4855 2513 32 3713 9139 7921 1309 8796 3334 1390 310 8647 2009 5713 1072 257
8451 8757 7540 9487 3170 3803 9273 514 4604 7063 3256 5204 6211 6227 3542 4161 8518 883 22 337 9505 3829 1362 8059 2002 8033 4164 2856 2244 8335 5944 4520 5208 1606 1083 1617 7863 4725 9055 7902 5872 4783 9010 2301 8485 4134 3968 1942 3396 9100 8540 5447 4681 5322 7447 1525 6644 5179 3916 8821 5381 2487 3940 1978 5413 4626 4951 6844 6482 7030 118 9872 6093 3755 3985 2492 1178 9344 8186 3439
8185 4472 5939 7398 2879 8383 2355 5418 9946 4390 3752 4387 3036 4165 3721 2491 2292 8950 9532 9204 442 9406 4027 1292 738 5644 1348 7096 8152 5529 3805 2082 1706 138 3718 423 1202 8671 1585 2539 7569 7096 4840 2950 7893 6361 366 1372 7380 1315 3352 9718 8234 7435 3043 3142 6147 8002 4159 8535 9577 9418 781 2323 695 838 7353 9064 5114 334 6733 1541 6839 6028 9422 1004 2297 8280 3257 5482
7574 5239 742 4766 3499 5207 7198 2349 3236 9781 1431 5436 514 2522 1054 9265 5758 892 8218 1942 9495 8535 8456 5512 6613 3565 1538 2190 1106 791 4243 7729 9739 7523 7624 8059 6271 7804 8415 2206 1555 9961 2526 3239 6887 8457 505 463 6223 6108 4309 969 967 2631 8594 8046 7386 2067 2050 2007 3139 9426 8517 3759 100 6469 8955 4942 4075 9241 3983 2593 6976 6512 9009 5147 5872 5478 298 9046
3691 8929 4594 7751 5605 8532 9654 6228 256 7777 3169 9371 1288 1108 3194 8677 7760 9217 6247 4468 6751 6967 1156 1755 4099 621 8038 4792 3895 9967 1300 5416 1691 7855 6217 296 7462 7261 6974 6964 6656 6995 6895 1783 6760 2014 571 3319 8560 5837 5601 4720 3432 5400 5941 1855 627 5490 868 1333 316 613 2409 1046 8563 7810 6255 6935 2121 7256 9977 7915 4248 1077 5667 5986 3259 6727 1577 9445
4393 1951 3957 8483 4886 5294 471 6439 931 1094 1310 9091 4998 2719 7669 751 5842 1696 7709 9954 1036 5531 207 6479 328 4261 2552 199 9655 6568 7072 9021 1596 100 9622 3610 4698 3398 4438 319 7278 3466 2027 7115 4852 2035 4141 9039 8317 239 527 5864 6524 4396 4099 7390 6376 4789 2176 6082 3565 6447 4722 4058 1374 4799 4093 1 528 2716 3264 6740 1756 5846 6565 5101 5581 7503 2534 8560
4697 3199 5017 3838 8657 3019 8668 9328 4363 203 1891 8186 9762 4533 5735 2533 4410 7354 9241 1042 3235 5126 7162 9800 3565 9499 3163 5314 8861 4213 4012 2925 9219 9161 8591 2047 4735 328 4308 5677 8469 6465 4686 1123 1027 9747 7595 6076 100 2800 4063 3565 600 2950 9373 7462 756 523 4060 8641 5501 215 7678 7225 8777 3646 8592 2364 865 4996 7111 3422 8275 7906 1777 2624 6679 7024 1837 2957
250 5518 9622 4945 9820 910 822 6994 5169 8200 4159 6784 6281 9736 8767 4326 8335 2694 2689 6787 7333 4601 7740 9946 5518 7879 2989 8038 8026 628 6901 4455 823 7422 1698 6401 5140 1739 9415 3995 3481 6892 5422 9868 9749 9193 9361 2779 1813 9643 8152 7668 6106 7192 3246 8463 315 7450 7489 1684 9681 2181 1980 3414 5287 5912 523 4464 5112 6469 3413 9329 1314 6979 5984 2080 9007 4609 6940 4663
7066 122 8756 5374 1972 6700 5582 9192 5053 1345 8842 5963 2161 6615 1369 2047 624 3682 2314 2477 4082 1974 9890 1478 8308 3031 7126 2047 6778 4248 7822 9687 5330 298 1428 555 8681 3328 7482 6256 498 237 527 9635 4447 4961 6256 1108 8284 3968 2185 5329 5773 3232 1415 1002 2017 4753 4546 3367 7468 1324 4687 1624 3532 6573 8438 3364 1027 9505 3260 1374 5809 4807 8290 5003 2476 2850 2650 2431
7670 3691 9864 707 1926 6679 1450 340 135 4159 9604 2928 4097 1850 6462 8590 3129 7274 5274 7314 2419 3796 532 1992 9475 4153 6364 586 9379 3766 7692 3187 3466 5617 4216 8923 3361 3220 8311 3951 2230 3859 2508 5330 4594 8878 976 7051 2872 1172 1334 8936 1380 2668 7444 4170 514 6645 4171 6460 2281 5657 6964 3403 8398 9904 7384 7071 1528 2293 2795 9876 5752 1533 9505 1608 2238 1 1378 7864
1966 6814 9197 6508 1288 9937 8298 2731 2485 5599 9811 346 5241 2935 7805 1531 4047 730 1801 6970 2400 5293 9667 3151 1805 8708 3694 7738 2425 1646 6641 6523 6661 4691 783 1463 6694 61 1581 52 1135 7820 6544 9565 5629 9703 8416 3989 8254 9700 4048 1516 9309 4690 4954 7299 1974 2090 1693 9922 9071 2134 6364 901 1356 5768 3175 1072 6103 8569 3013 8846 8384 716 1055 6571 764 4722 9799 2771
7603 6184 7474 34 7008 6401 4676 8004 2781 3792 285 7617 7078 5006 6559 3263 6424 2238 8715 8936 2664 5086 7930 9334 9512 2014 9925 4180 5563 5788 910 7801 679 6625 5152 4466 9160 6032 6897 4748 8038 8304 7525 7910 9229 7822 2745 9580 10 7889 6458 8405 4648 4157 120 3016 9934 7100 7147 9034 6946 5732 4015 9680 7454 9181 7584 626 5252 8042 9397 892 5854 4512 6667 5194 8080 9672 5996 7807
8050 3535 7759 3583 8893 7393 3303 8299 7417 7037 6535 6942 7307 5116 5353 7670 1387 9604 4285 4830 6940 3777 7211 4556 3952 5518 5050 6940 9532 7758 1269 4240 3475 4609 3409 9396 3303 4555 951 2634 8501 9946 7183 8380 6562 2036 6087 3258 689 325 6086 9071 3376 2135 5998 1071 3898 265 6552 1726 2692 6524 75 9036 7705 6930 3727 8728 6813 6277 8107 6778 7570 784 3706 8323 3991 2301 6817 5811
1523 656 831 2518 7498 1334 4270 694 226 4211 6678 6958 2454 47 7481 4486 9993 7756 3957 2705 9989 2694 9622 5230 5209 577 4813 2962 3859 9124 3140 7974 1385 7725 8042 887 3068 6829 6893 3917 7548 271 265 2092 6379 8182 2187 9430 2836 2083 2554 95 7193 2047 2297 7880 5155 1483 8633 3675 3745 7540 3880 1808 3814 7749 9088 9102 5687 4797 9030 8513 2374 2472 928 5472 6172 5828 7174 5860
1558 6337 5377 1202 3554 4390 8571 2422 3473 9692 7533 9453 2043 8665 8687 2593 5279 5502 316 1122 8763 6769 2600 1459 4078 8445 8983 5269 8917 3367 4393 7249 8623 409 9010 4321 7672 1549 3100 5932 4722 9183 9787 2431 6826 6810 5911 3502 4499 5611 3601 7372 2900 8536 3996 4951 4876 614 1900 5453 745 7075 5050 9278 9835 814 8038 2167 3055 4636 7595 589 2671 5797 7206 2140 5185 4465 4945 5894
4954 9262 6802 1189 2617 2446 9013 5633 8638 41 1357 850 2245 393 8731 195 8698 7355 2230 7416 8500 8268 842 8324 6195 3202 6449 5911 1772 9053 8677 8017 4843 3070 6794 3944 3348 3710 8928 8698 1251 3233 4225 9787 9454 2428 1782 2509 8299 6513 3118 8758 3826 7606 3157 5821 7189 1719 5794 803 1321 5083 2503 3100 2119 2908 9252 7316 6346 9748 2173 793 853 1534 4720 2832 7525 1819 1140 4132
4438 8299 8047 100 279 7857 7282 3052 9220 9781 5216 4219 1836 1045 9835 6803 4579 8496 8989 9088 5455 4086 309 3040 5815 6949 1013 341 4178 634 2679 4270 760 8977 1199 8056 8683 8623 4276 4588 9243 2217 2869 9089 1429 9026 4121 4963 4552 1189 4102 2257 5491 1604 8278 1387 6590 9689 6012 5458 9193 3650 6349 5582 3034 5589 3700 589 6458 801 7705 397 2016 7077 7393 1891 432 7303 5161 5344
5367 4709 723 3808 7144 346 6880 3693 7321 9751 7463 3229 445 3010 1629 5644 4762 6584 1438 5643 8494 859 981 9085 7561 2804 4810 3719 3349 493 1579 4190 5581 3038 7710 1495 2146 6695 495 5531 3070 2188 3208 4182 1855 1079 6227 2380 1312 2695 6519 5054 9034 3945 8477 6528 1493 8599 166 1358 725 4343 2167 7184 381 2980 242 1064 1717 9114 481 442 2215 3037 991 4672 2557 2527 5512 2498
8713 2280 2936 8193 5943 955 4540 237 8954 6008 4465 6667 676 4000 8888 9909 8578 5391 4687 1500 403 7822 7300 1648 127 1672 3220 1066 1216 4328 8352 4351 6445 6991 5772 2184 3866 4076 9489 9021 6121 930 4685 3907 3175 8338 5953 6567 5015 776 6497 8125 6162 4643 9821 3940 7637 4162 1808 2123 7180 4294 4401 1140 1399 523 9091 2668 8281 8920 2998 3059 8636 2189 452 8659 6516 9460 2625 9831
7114 6700 199 2566 6717 909 7505 4546 1559 2204 9109 5585 1038 6112 6394 3876 3319 8198 9442 3103 7172 1086 7207 3136 6790 5648 7690 4299 2954 7291 7738 9539 1045 3097 5972 448 6788 5515 8048 1696 6661 9130 6703 9565 4423 5671 6733 1313 5512 5765 8229 4476 3963 8637 508 9445 8979 364 8674 579 4488 7696 2314 8140 9795 2490 4791 4284 9849 6905 3696 2071 9679 8317 3565 5037 6822 8238 6708 823
2336 8719 7652 9181 3546 8218 6739 9155 9694 7055 2500 2053 7567 7369 9844 3457 3571 3014 2914 7635 79 4078 181 304 991 2776 9271 5049 5725 4852 2509 6625 5963 9665 6661 3754 4519 3593 7261 6084 273 5516 3057 6877 7117 9254 9238 5398 8769 4252 9876 7657 9875 9919 7129 9667 3338 1643 2806 7918 3191 4465 4608 2629 8812 5490 7264 2014 1519 3245 9044 3785 5725 5174 4301 9433 9796 4150 7060 3279
793 8601 3718 3007 3989 1884 9536 1120 7328 5267 7864 3347 8986 9020 2512 5869 8586 6226 8845 5412 9462 8295 1992 9113 9229 405 2354 282 760 439 6772 4659 2471 1630 8320 1599 1315 6040 6373 9039 3007 5824 798 8710 1669 9681 4485 7006 6669 2049 265 2278 1753 8427 9505 163 2224 2268 7237 1306 4999 7738 5340 3703 6346 9358 6469 6646 6418 1025 2130 31 4969 8671 7030 7403 112 6948 2823 8929
9257 8461 2689 3005 4195 8859 6623 1492 4544 365 7027 8053 3688 469 9021 5646 3872 6896 9424 908 2632 2998 1855 8711 4894 5149 5210 8533 8278 2637 4165 1333 4546 2735 1841 8378 8349 1025 8938 6260 9205 5627 9558 5406 1320 9235 3604 4639 2833 2206 4789 9321 1671 5395 3909 91 8835 443 148 9722 6920 8119 6649 7633 8029 2998 5899 1516 6589 698 3694 2730 2891 3514 6227 5314 4625 4873 9877 442
1 217 5616 1225 1535 6040 4806 9923 8425 7036 1695 2483 7466 9469 5521 3092 6727 4459 2657 878 8812 1970 358 6700 9551 7030 645 5616 284 3618 7148 9502 4562 5599 9868 467 473 6807 9490 3722 5231 3532 5929 7225 8743 4948 676 232 6006 4571 8230 3507 8929 5435 1986 4305 3119 5007 6207 8290 6142 2084 50 7839 1025 9877 5826 4671 4848 4690 2685 2377 8394 380 3029 9768 8602 2536 8297 2683
5656 395 3362 2836 5083 8951 5028 9761 1579 3466 7250 9444 7645 3203 2641 7360 8629 5122 6768 7778 3295 4543 9592 7430 3259 8290 3753 7258 8896 8377 4799 9217 8077 1114 3280 4936 2559 2904 703 6252 9335 8641 430 9520 848 5688 4563 1289 7251 4249 7419 8068 6623 392 874 8959 3791 577 6175 8159 7188 2348 9987 1975 8936 238 8875 5401 5406 1768 9868 7306 4763 8224 1122 2250 1288 210 1502 7138
8412 7660 3975 8359 6904 9430 4142 9404 8076 5493 9021 5852 9472 7414 8337 1198 3826 6957 3340 3719 2124 8317 3735 5576 4049 199 161 6292 9044 5761 7646 5398 2559 2050 8611 1573 6745 8306 6577 976 3517 741 9610 3484 6948 5275 1608 2223 5651 8824 5061 7271 6862 8814 5932 1415 2014 4638 6481 8466 7538 5339 2062 7191 3906 9244 5578 133 4385 4664 4445 7048 7525 9694 6356 9159 8481 3906 7658 8863
6381 3235 5343 5518 186 3376 2723 4531 1014 8367 5310 1333 4036 5686 6301 3367 3403 2629 2942 7099 2120 445 7371 1871 7876 2662 1746 2083 3354 4885 4455 8443 427 4296 4155 9596 8647 6049 6367 3975 3298 1783 3386 434 9083 1239 2171 3836 1009 6625 6331 3631 767 4425 2302 7357 1596 9561 2746 8064 1565 7036 1640 4700 9410 2197 3118 3195 8118 4945 8572 949 523 3933 9151 5950 7768 8520 9274 5302
1475 8650 8184 3080 4998 9356 1633 5473 2713 8749 8970 7615 5178 2058 7144 49 1348 6814 271 2026 7776 4058 9997 7085 9982 6571 9537 3964 7427 1999 9295 664 3310 9226 529 7801 2914 8056 5872 2793 88 1882 7042 7228 5743 6883 9322 5995 3403 5592 9890 9015 6149 9163 9301 6561 4492 7453 4819 8302 1009 67 3636 7106 8284 5795 9115 9196 5960 7800 8043 9568 8408 9415 469 7010 8083 3097 2686 6040
5824 5824 7448 8563 9780 1714 3877 3790 6238 7390 7147 1067 8773 7913 507 6608 5326 4516 2208 7592 2699 2842 9191 4342 2008 730 1762 8218 7770 4772 4183 9133 9522 8630 135 9544 4618 1159 6274 6534 9803 1145 9469 7958 8182 55 5088 1678 7001 9312 7546 1081 448 401 8158 1327 2181 3539 6982 2685 8265 4708 4902 9006 3941 5031 2782 529 5257 3758 5833 103 5284 1512 9838 7345 2641 6733 9406 8476
775 8909 3439 9620 5129 7450 202 242 4555 6656 3155 5428 4665 9865 4285 1027 3327 9953 639 5052 3425 5385 8562 2572 8922 5841 6502 2221 5311 3915 2421 2861 3247 6253 8722 3444 848 5185 5842 4609 1010 5421 4483 8502 2712 7624 5172 4669 1715 5700 5734 1162 8317 6067 4526 5032 8581 8074 4588 5231 5890 1935 8479 911 1396 3841 4798 8322 5541 2475 6064 354 2168 6034 2801 5095 8143 1986 6877 2835
585 630 6436 1493 2413 5413 8305 7785 8129 5933 3100 1214 2178 9739 5448 7657 1242 4375 6728 5218 3686 3958 9110 9535 197 319 9109 229 4945 5228 6931 9685 4710 6061 6030 6770 6121 4324 7542 195 1258 969 8558 3592 5932 9550 9946 5992 15 2686 6106 9211 1927 2778 4362 7668 775 7756 2781 2346 6789 2735 7662 7480 7316 6695 2746 9947 5389 7602 8757 7738 2575 6304 5974 2620 6803 9451 5872 1149
2469 7602 7348 70 2026 7878 9064 3202 5119 6942 3583 9541 1375 2357 7813 172 4853 5897 8290 5171 2581 4750 6860 8486 4456 5249 9763 8652 8794 6462 4336 7978 2468 2449 5713 4163 3267 2938 7036 3230 7756 2428 9991 2849 1819 6854 3190 972 7639 4375 8551 2459 24 1310 3628 5626 5238 1371 5392 1626 1441 7624 9880 991 1880 6778 264 652 4700 7236 3772 5068 6001 4984 9685 381 3676 8173 317 9316
9108 4698 7510 4564 1974 342 5806 2144 6241 1699 4225 3069 7221 8839 7932 4726 8622 8580 2377 6817 5835 3466 9031 3364 2959 2872 5007 5932 1880 9755 3025 9025 4888 745 1783 3280 9793 1481 1585 1486 8629 3721 5761 9813 6503 1092 5967 2762 2643 8946 8672 7720 1189 314 5417 7748 6574 5992 40 6523 561 4588 6628 9116 8925 2594 887 9595 8984 2032 8005 7738 8185 4984 3588 1639 9139 2179 6980 8869
5851 7327 963 3783 8581 1848 1178 1096 6668 3582 9460 2236 7025 4015 7363 8902 1383 2110 7216 8767 6214 4491 4762 6519 6613 6941 6632 2367 3913 2015 6595 9606 4936 6079 2017 3136 5263 2293 4648 6085 3702 7460 3484 8149 1309 2530 6448 9120 7003 607 7228 9867 2684 8152 8350 2608 6034 221 3700 2310 3912 5021 7565 5797 4550 4476 3528 1599 2839 8196 5725 4195 4942 5714 7341 4654 3485 1711 1379 6056
2566 8020 2107 3891 8400 8566 991 5811 5653 9399 8771 5169 8245 3883 8551 3097 4789 3263 7992 1615 3467 9041 3410 2476 5482 2683 255 6700 3639 1157 9674 1255 2674 589 6223 8206 7316 8788 574 607 9373 970 4747 3205 4698 8866 4711 350 8698 4378 2449 9676 3251 2962 907 7426 3506 5931 5404 7547 7294 5985 6727 3433 6986 3568 2865 5380 7755 6490 6274 6808 460 5041 5081 3990 6690 3007 7597 4522
3868 8158 2664 3716 2773 4416 7507 9523 9010 8618 5401 3841 500 4186 5149 6283 3691 6898 4780 6730 4740 9076 8884 7346 4093 7123 6851 7830 2217 8128 7462 3013 3846 6710 9096 2206 6817 1052 4295 2545 5744 4332 8344 4538 3985 3315 9450 9115 9226 9908 3158 9748 6742 9172 1955 9541 2374 4907 5589 9043 8539 5748 6736 8790 5280 4560 667 4087 7233 5246 2739 562 1132 8533 8493 3452 6734 3799 3730 4912
1487 2158 2190 5022 3600 1812 778 3705 7640 5171 1600 1151 835 5496 7687 6971 5009 9611 142 1266 1115 6547 7223 8005 1429 6748 3404 3243 6662 637 2616 3201 2777 5941 9912 1353 2458 9366 7435 7481 5611 8717 5685 6793 7125 8581 9725 9139 3688 4091 1108 5545 2824 8947 3395 514 7188 2850 8406 5184 5160 9088 4742 2492 6210 2307 6098 7195 7760 6292 9569 6449 8215 7417 4335 4951 9623 1123 634 7576
2314 7606 4904 4751 1855 7277 727 9497 5600 6843 7543 5461 1553 325 418 3764 1563 4030 6652 3884 4495 6172 790 3070 2238 6760 1278 3784 4225 2975 278 8570 6172 1213 9514 7156 9610 5845 4308 801 3368 8161 8371 9460 5386 6169 5302 2595 8326 4411 426 2872 7031 8119 6121 6814 8468 9183 2773 1342 3376 4594 847 7711 7346 4849 7030 3217 2041 7462 3797 9916 658 8378 4519 4453 805 3842 4258 7525
4467 5974 7609 9916 9577 2084 3150 2198 496 4499 1782 866 5357 2451 4434 5859 8437 9439 6597 4659 3490 2085 148 9747 2272 9778 8017 7855 6449 238 3122 457 217 4339 6651 5561 5860 2861 5849 3422 7804 3905 9929 6970 5577 9758 4456 2314 2160 2819 4448 9943 7402 6079 8986 3390 5861 7588 577 1957 8427 7136 7473 2834 728 6001 8596 8844 9297 3706 8081 7411 5492 703 6973 3255 5585 1394 4854 875
6472 6571 2179 9518 6172 4654 4131 3309 1889 6973 5119 4843 8888 8889 3198 9827 6202 997 6014 1663 9421 2557 973 1889 266 6088 1556 9023 2531 7644 8894 7265 9073 9703 8726 6967 3505 6882 4254 3349 6337 4616 2113 5941 9193 5084 3523 6152 2953 3073 5986 2831 1941 10 21 2140 7711 5593 8845 7609 847 3311 5716 5886 6633 1684 4774 7471 2370 3205 3039 2208 6655 7316 4238 7642 3103 1481 4914 6937
4963 2795 1387 2479 3067 4935 7708 4252 612 4591 7932 1307 9307 8245 9260 4671 8307 5228 4622 9527 7842 2431 8922 2725 1316 419 5913 7782 879 2361 3567 5443 9956 6314 1838 2276 8559 9172 3052 767 5821 3282 7324 5742 5407 9199 5128 9784 1702 3586 1684 4175 3942 2560 3999 3400 3290 5482 1219 2164 5608 9478 8277 5550 113 1905 7318 3400 3738 7003 8515 9412 9274 151 1990 885 3640 3565 469 2461
52 1687 7186 7714 7120 5347 118 7054 6631 5295 6877 8857 5292 1246 1926 5795 9865 4772 2704 7978 3862 4668 7507 5470 667 1783 5131 1073 7446 4468 4382 5885 5998 253 481 8506 4260 7795 3224 865 9325 4429 5428 4795 9370 9736 6832 9782 4082 7328 820 6595 1061 703 9594 6038 388 3175 3277 1288 7945 1695 1861 1699 9002 4057 7474 9841 8515 8479 865 5419 8011 9280 4732 8370 6679 1677 739 3641
1774 5482 541 7686 3334 5963 1659 7435 4237 5068 2960 901 346 6036 6787 5098 3964 5735 1171 1951 1079 8155 9931 8588 7960 5912 3082 2947 7921 372 2566 4291 7936 5956 390 9859 5900 2190 5348 865 6705 5881 680 7158 9883 7678 6265 423 496 5782 7413 5443 3031 5554 9230 9052 3235 2526 5771 7211 8812 576 5292 9640 6555 5254 9108 3615 8056 6679 1915 2029 4740 1718 3070 254 9233 3690 5277 3187
5803 5995 2403 8664 6238 2590 7796 4055 4856 925 2612 8318 2872 1131 1411 7233 8314 287 337 6760 4258 4822 3177 5120 2113 6019 8549 2389 3307 8233 9283 3967 6742 9486 3083 3133 6664 8315 1669 2639 6553 8955 4351 2671 3169 73 9154 935 3088 9282 8215 5920 5023 8806 8486 9865 3565 7407 5125 2379 4551 8269 7011 729 1195 3673 6152 6261 3038 5608 7896 9190 5171 3188 6400 6691 5776 4974 7186 7084
6865 7774 7522 8638 7123 1607 9301 5082 8233 655 5509 8833 8110 6854 1594 4942 9013 3457 586 8856 9271 6437 1300 9163 140 1342 487 766 1576 3106 1854 148 5803 1202 586 388 445 3502 6707 6169 4651 2596 7576 4412 901 1043 7273 6913 2587 9370 5184 4167 9742 6909 8849 2013 880 4772 4209 1194 9036 6431 2512 2855 40 8618 4379 5412 4457 4772 4123 2423 1920 2971 5916 1719 3064 8620 3141 9367
6876 8063 1771 958 7467 2003 5446 9031 4572 2520 2916 7276 7653 3664 8713 5591 9361 7617 1294 8949 6841 6841 4790 2739 6354 3664 551 3950 4399 1945 9040 423 5306 9711 8193 9094 6508 4267 4201 1005 7432 3644 2220 3651 6085 5725 8101 2482 5204 2489 105 7942 5923 3472 2122 691 9683 732 6101 279 5175 3761 3895 6476 7789 2388 7954 6796 8162 6642 211 1181 1921 4624 2443 7992 4183 2800 4366 9085
1888 7286 3889 1958 9407 6024 6209 4346 3878 3214 2522 381 3830 5135 6898 2683 1588 250 6310 9223 3688 9579 3571 7624 5788 4763 5244 4036 5199 3912 4623 3045 9080 601 2437 5664 8537 7150 2907 7411 7210 8020 3292 3097 143 9324 26 5708 4792 6893 3739 3122 3119 5259 2588 6323 1586 2447 1329 5096 8071 2681 2971 655 4789 3102 7148 298 2740 3802 8259 9448 5274 961 7646 9217 3736 7438 4983 5224
8464 7915 7715 3094 3454 5085 540 34 541 1069 7291 4587 2405 3732 2702 4348 1642 7480 6328 2245 2146 5132 3084 3312 7994 2656 1639 3552 5956 4851 4715 7918 865 9703 7852 9747 7489 5605 6409 5143 5415 6779 8248 1549 2407 7207 4566 226 583 8614 1642 4647 9015 7745 2818 8361 4195 2515 5987 5356 1365 5782 8416 7191 3511 2833 595 1288 5686 4970 9469 4522 7075 8906 4390 6286 4852 8273 1261 3961
5465 5237 3258 8286 82 2523 6928 7744 8215 4051 2655 1981 6076 8182 3794 5050 3003 7814 743 5548 7039 4304 9521 5443 7279 3546 6065 9804 8872 7948 3137 3359 713 9082 1942 7741 8788 8554 7597 2183 6067 2798 8752 1629 1588 8014 7183 2203 6139 9875 3014 2358 8922 7939 3313 4916 4466 2096 2101 6515 431 5809 1350 2872 388 1134 14 7192 1662 9028 6417 6529 8290 2959 2589 7954 4165 4487 8503 3961
8929 5605 7030 5776 4990 1966 2395 9334 4603 1981 3901 5851 2326 4617 2399 9489 4457 3169 5571 4003 7732 352 493 9986 7588 5987 4692 9426 5527 4816 5964 3306 5389 8539 1255 6252 6889 3956 4729 5941 9794 3629 2906 7597 5011 2841 9628 3663 379 1927 9915 8182 5428 9835 6508 7240 3793 8023 5718 1176 7610 3640 6856 5791 3223 6973 1935 9439 986 1504 1841 3753 4978 8732 1816 7606 5693 9475 2038 1939
3905 8559 2766 8571 6523 397 8803 6816 5127 7058 1010 5509 6364 3753 6706 5751 7266 5278 685 5314 2386 6868 2831 1607 2601 1117 6511 5832 2926 7096 4302 2407 4099 5590 7032 5258 6397 2764 757 1639 9625 5557 7954 5675 8163 4519 889 7003 3485 2829 8444 1816 4141 6616 8870 9566 4942 6736 4753 3961 5259 6097 4987 8236 7947 7690 4699 9301 1749 4456 4189 4936 9384 1086 2388 7426 2845 7370 4459 3355
8560 4489 4805 9238 4730 7118 1006 118 8086 244 5758 4467 9003 1906 1574 4558 2629 7961 3026 5170 5650 1945 1288 1798 4150 6166 895 124 7339 5193 5656 39 8752 4123 7414 371 6347 5205 9766 5924 1141 5905 987 4027 7209 4792 353 3484 2772 8128 873 3488 6555 5714 7217 3639 4588 4098 9693 7411 562 7000 5309 3412 6892 2584 88 5668 5655 5041 8881 16 2656 259 8095 4483 928 4766 5644 7789
5362 9757 2337 3024 8998 879 9575 5831 8306 4224 2897 6634 1507 2529 4519 2003 952 7388 2223 8257 220 4713 8701 6426 7464 8500 2683 6998 9607 7532 92 5671 5455 7327 6319 5536 2114 6862 988 8011 634 4114 9765 5428 4683 256 6920 2971 6184 2466 7129 6898 8797 8504 7660 5607 3357 3565 7068 4814 1369 9847 4030 498 388 4327 3704 1216 1520 6398 3592 1675 8575 8395 805 1980 4570 8508 1390 3002
9131 9645 7668 3565 2158 2485 6738 8361 3052 6337 1509 1783 3864 8634 7855 827 9083 964 9656 4749 8747 9340 7996 1882 2350 8605 8187 2004 3935 9992 5915 3851 4507 127 7592 6546 3870 7049 8866 4397 1503 4193 3065 2807 8863 6511 1044 9027 4960 5380 6285 3752 1394 6004 7533 3357 4465 6976 4025 5329 7342 3877 559 5062 6733 5399 2378 6041 2116 1615 463 1274 7444 5287 2050 2057 4159 4881 4501 5941
664 9929 4168 7797 9769 4974 7162 9976 5645 838 9739 4141 784 4711 862 8067 5968 2312 6117 733 2789 9075 5452 416 4204 7879 97 2324 1227 1519 4468 2403 7756 5289 8542 2038 7840 604 640 9030 7521 6621 9060 2785 5758 1171 9112 8950 4877 2698 6382 1493 340 6149 2257 7265 1862 3940 3030 8931 8902 2569 3565 1236 9406 3080 2996 2155 5548 6146 7416 8115 4181 5284 5680 6044 9788 1741 6548 2950
1698 3467 1710 5139 7380 3373 1951 8304 1819 589 3595 8907 5484 7408 8110 6741 5121 4484 5381 2148 883 3631 1617 1467 4840 9289 2773 5327 8034 1639 4390 230 1030 1000 8441 5011 7136 9794 5968 7951 2884 5501 1617 9702 6868 7460 4132 9448 8308 1529 6804 2438 1025 3418 688 9394 5695 2886 430 7346 9719 5138 1735 8000 5579 2392 3379 6299 3471 8237 9865 7606 6539 2767 2784 667 4582 3466 8575 86
6427 568 3195 9183 1279 8732 9765 8439 4426 9596 963 9581 6073 9077 7950 4540 7102 4134 7435 9707 3189 5330 6801 8500 9004 8989 3819 2257 5159 5257 1648 9406 5263 936 88 9901 2740 2725 3501 4371 7228 8143 6910 8804 1117 2716 9821 6691 1915 500 9642 293 7489 4168 6323 8023 6100 2104 2492 7120 8947 9248 5788 7065 845 2515 4240 5698 7247 6300 2591 4934 1711 367 7321 7855 7813 1711 3227 1871
9043 955 7875 3373 7075 8038 7702 3691 782 8233 6826 7296 9208 8366 9954 1132 1450 7668 505 6622 3092 2080 3043 8361 3772 3793 2927 2707 6028 7126 5527 8209 4923 4216 9652 2647 5729 6724 4582 302 6931 2899 2122 6794 5606 4073 727 7202 8731 144 7051 4958 3862 9035 2980 9043 2143 8383 7508 2655 2523 7778 1423 6183 9732 8293 2021 6895 2762 5886 7885 5410 4292 3213 5168 172 8601 8751 9219 1017
2872 4861 3595 6447 6825 4458 607 8125 9220 6639 5907 3739 9655 3958 9571 6466 7544 928 6355 6003 2024 7330 7649 9731 6361 5458 843 8059 8680 2254 8201 2620 1814 6355 187 4129 9329 9739 7976 5552 1819 718 6882 3606 9475 2227 7982 1783 672 3799 6097 3766 3682 304 3777 1915 5347 1512 9298 5248 5500 1873 4960 4477 6821 7122 7758 1105 4435 4533 9007 9911 1378 9791 5703 1261 5896 9819 3269 5725
5861 1066 1222 606 9469 155 5186 766 583 5848 4791 9464 4162 8556 4144 1258 1799 9800 2340 2299 8109 6167 4115 144 3979 8706 388 471 9703 452 1409 4797 8908 8891 8519 6121 8572 8290 9118 2530 2033 6818 8085 5581 8101 662 8589 1504 4588 4973 6418 9439 9565 4610 4333 6292 565 9172 3768 4144 5032 6511 4477 1990 664 2566 1956 8794 9844 2602 9578 589 2996 3135 4609 368 3987 1024 3226 8787
2542 6094 5772 490 3937 298 2536 4774 6622 7806 1742 3169 5806 7822 5994 6667 2518 6538 7560 6445 5038 2162 1870 2597 2011 4142 9598 2067 1365 9329 6114 6109 5160 5635 2082 9046 9351 9169 4492 604 9890 5610 4066 4434 1801 1738 2839 5589 7032 2303 5820 8657 6579 5485 9445 1580 3119 4448 9140 2395 548 7528 757 1574 7016 646 17 9472 3490 7695 3265 1453 3159 4202 8762 4985 7890 672 1639 9415
3588 6661 4445 7450 36 9104 4947 3497 666 8925 5226 1194 5034 6997 3649 7327 4709 3529 4850 6328 9350 1636 8467 2602 4333 766 7239 4528 1024 925 1829 5346 982 8913 1875 1524 9788 7087 5284 3772 9461 844 2010 6051 9653 223 5778 979 6205 7663 2812 8938 7975 6475 9748 6683 5035 870 253 7384 4155 9885 4530 3484 6594 2989 9711 4617 3976 1345 4008 9223 9145 199 7515 8564 1566 6605 6876 125
7517 6215 7704 970 9983 9880 5175 1372 3610 9951 6248 7550 6084 7560 9739 9274 1393 4766 2887 2947 3748 6391 199 9310 6479 1795 7791 5437 7346 7239 5833 9762 3708 1340 9013 7850 4696 4022 9865 4495 8881 4990 4217 9586 7761 5293 2701 8864 3571 3700 3905 4192 5940 2674 6542 3189 9660 4882 3391 1347 8044 5209 6622 5262 315 9267 2775 6509 3565 5052 5347 5479 5230 1076 7048 7637 8729 6997 5210 9724
