145
49403
8602
3277
15697
42855
38713
19697
47641
3820
33101
40387
34140
47997
9145
4359
47583
41506
16215
45614
17549
9212
25184
25539
36807
24447
32945
25612
2147
21366
34770
41922
20399
2846
24776
45737
40612
48277
12751
17437
16146
18434
34947
11681
2320
5764
42980
38721
7172
40412
5273
12312
17251
13160
36279
47024
49329
14775
1604
14892
10234
10526
33599
8831
16158
47901
28332
42235
41122
6929
8125
31018
17318
47661
29710
22867
49222
854
43344
18476
39408
28862
27598
47336
40796
1932
6423
37146
45454
45917
10248
29478
4647
44191
45470
8702
16270
28378
27783
21383
36107
42006
43141
43214
7550
8755
10809
6111
39238
13356
18387
12549
691
31142
28772
1680
16698
21473
42752
47865
4603
46512
27681
30225
18044
24426
21311
3929
22212
9313
1798
7603
44120
34128
10735
23045
27785
24046
46216
21354
44919
21387
32019
4196
17542
14090
