28
709 7399 6658 7765 4825 2786 8481 7003 9205 1891 5556 7751 3055 280 9234 1980 7023 7133 4549 8389 4930 8290 3752 2509 3287 2080 697 370
4813 7870 151 1811 1125 4603 6485 7752 5743 6810 6913 4995 1462 1244 6950 6412 7366 5241 4229 5122 8134 782 3385 595 5474 7505 5965 1171
5974 2594 2575 1090 742 7336 2459 6442 5580 5921 3511 3674 1098 6070 1963 2258 8782 5290 6445 1387 2452 1783 8134 5764 1894 5952 2332 1342
6832 2536 3412 220 9257 4855 9637 4069 1345 617 7786 301 7514 8748 5779 412 8338 9637 3082 2359 4353 6284 8449 1395 32 9714 9710 9401
9659 6040 9454 7458 7793 8069 3790 4833 4830 5316 9437 6447 2116 7381 7201 616 6956 1433 3031 6085 8857 435 1720 172 8830 2042 3016 6195
9648 8711 9967 4114 3798 2125 9912 1057 5809 4717 3151 7039 5938 8972 7669 6668 6940 8776 4694 3581 7306 2669 9844 6502 3457 4427 4126 1367
1537 952 4609 4480 7366 5488 1283 4217 3696 9775 4561 8910 5821 2016 3466 9753 7707 8495 8081 845 2924 5806 3658 2048 7774 553 7516 448
5496 4220 2110 668 9558 5785 2497 4175 4710 8326 9916 9267 9092 702 6207 7614 5692 6219 6065 45 4247 6126 8350 1528 7165 3014 7274 5730
1551 3912 8516 2047 6559 5362 3294 9865 8992 1089 5281 7308 4876 8692 1231 1729 7899 4188 5341 358 3313 6228 8473 2872 575 4717 5023 7576
8106 8933 8542 1012 6249 3961 4627 9076 8002 4555 6064 9711 1289 624 5413 6576 9260 1118 5023 85 7567 4240 3034 5977 3259 3475 2085 1336
379 8828 8914 6130 1321 5545 1339 6202 9088 100 7162 5049 5950 7650 6557 6259 2695 984 1335 2694 753 2297 4198 8913 7820 38 9728 8673
4412 4265 8941 4393 3434 12 5128 5356 9149 3475 9383 9324 4354 5965 6596 8435 9613 4916 2614 9969 5974 8817 6011 3353 5673 3158 421 325
9757 2450 1327 7195 6193 8311 4573 2231 4546 2965 7664 9640 8298 6004 8282 1263 9521 6598 919 1267 1942 4417 7435 9381 5774 3802 7996 5170
4486 4720 4568 810 8740 3843 757 747 9055 1390 4600 232 4192 9640 2341 6793 2233 4692 64 7191 2107 2572 2278 9400 2760 1129 6685 9052
4869 6922 7462 9603 600 23 568 4648 7822 4162 3389 2431 7228 6139 151 5473 7651 6296 3540 2091 7489 4113 1459 497 572 7799 5575 8711
8812 1006 7490 4932 7120 9514 6400 5001 3142 1959 2333 766 9235 8381 3053 5993 4240 2890 7331 8414 7800 9547 1794 5208 6799 8473 7257 460
1437 8731 3561 1997 9505 6088 1093 1420 9230 6423 3214 5302 2384 7455 910 1237 9392 2714 529 127 6124 118 1425 771 1971 6676 2729 5774
6688 3884 1309 617 2501 9891 2663 2711 4747 6443 7483 2479 3026 826 8308 5542 3805 9950 253 1585 3840 3076 114 9748 7217 4367 2712 2962
2820 9789 3635 1369 3292 6683 1591 4376 4624 4060 6315 8299 129 6136 5455 5590 6069 5701 2308 8752 1636 9175 9945 3223 186 6975 3260 7305
229 21 765 110 9439 8834 8602 881 4042 4943 7098 190 4897 4624 6448 704 4249 7987 7800 2509 6826 4426 9249 9753 9190 2764 6303 694
5030 8279 3077 3788 4483 3123 9632 142 1783 1690 5964 2399 4210 1495 9931 2251 8198 5043 9146 13 7865 8802 5512 2959 2021 1313 5738 2653
718 8629 2513 4113 2597 5246 329 9661 2123 5896 6250 1684 4522 6442 7900 4006 5713 170 2926 9054 1486 4038 6697 5599 1908 4518 208 7848
4500 374 5513 4913 9665 1449 7786 2182 778 6122 9352 5640 1376 2227 6826 9954 1759 2257 8743 4669 3025 2993 9867 436 9582 3406 5290 4834
3547 3061 4873 9035 6553 8242 1260 5284 5923 5036 8435 1332 136 8486 1198 3677 8786 9280 5356 9937 2305 9486 9484 1897 4150 8506 9028 3373
5358 2567 3631 4130 2949 7282 6850 6268 6708 1027 8099 1166 6595 8899 6195 6850 9682 9369 8290 3009 7054 7166 5365 3801 4678 1618 7985 4557
6269 5965 4650 6394 2923 5686 7183 1855 1107 6364 1750 2302 133 2179 9874 3183 1470 7936 3106 157 2593 8356 4006 1002 2457 3457 1126 2773
1416 1801 6019 7021 1273 6877 3302 3755 5662 5616 328 1468 4721 7591 4189 577 6744 9511 1112 1882 4951 8017 6029 8608 7082 4005 885 1000
8349 6355 898 1156 3202 7366 4327 4027 3673 2635 4504 7621 5251 8129 4730 9271 4294 4879 9409 8722 9060 51 12 6553 61 8152 9968 8845
