25
7051 5975 2397 3406 536 8262 481 3712 5446 619 2325 4177 4932 4636 7522 8959 6943 2223 8759 4971 3734 7954 4264 1881 8663
9337 7452 42 1 7438 4941 8403 1750 1015 4457 622 4680 5243 9364 9405 1256 7590 2299 5395 9547 9844 6924 199 221 8899
331 6955 7343 2459 2927 2741 6069 9739 1694 6720 3382 4276 6762 4497 9314 7923 2245 9343 852 9642 5721 6640 1530 8773 1779
3441 1200 1868 6482 2176 6421 784 7036 8424 8032 5754 9861 298 8439 3637 3369 4367 5180 1081 9593 9569 9241 6679 2872 1288
1033 1099 8644 1654 2270 970 5206 4444 9307 6461 4452 8329 2036 3967 8068 2821 8780 8526 5967 3808 2689 2608 3885 2596 4546
3142 757 2773 8331 7186 5866 2410 7400 2732 5675 1894 4613 430 1630 2378 4137 7067 6797 9862 5689 4313 8801 2728 8724 737
388 2089 4035 4957 775 7072 5663 9181 9274 9199 9922 4462 8786 9966 8391 7521 2305 5376 745 8513 778 2376 4393 9199 4699
8725 7156 9637 3487 9771 6292 6004 8328 9215 1462 2632 9928 6544 9457 6047 7575 8382 5562 3536 6768 5394 1706 1950 7173 6239
8235 8968 105 8026 7780 8380 5046 871 9109 7483 4136 6262 6667 6186 8393 1376 5671 4234 7246 7723 925 1439 6129 3475 5136
1114 8002 2046 675 7983 7881 5060 3536 1252 4042 9442 9979 4036 9197 8116 2905 973 6329 762 6017 8849 7820 6562 7390 6722
8060 7512 151 811 7071 8289 595 8608 3527 8926 9449 1954 9099 9521 1396 8642 7631 2619 7430 712 3931 8528 7900 1972 7495
7303 3086 5832 8725 727 7079 1531 2586 7927 1116 6436 5545 3233 7963 9897 7474 9631 9186 2132 1307 8113 6061 2060 9105 8725
8113 2746 6160 8583 4428 3223 7510 100 4341 3139 9794 4958 1027 6472 4042 2378 3037 6060 7989 3470 2031 9159 7294 3466 6837
2938 6850 7085 5784 366 1223 3841 5217 9034 7587 3844 5123 1651 3445 4698 4312 5546 9406 6461 3173 2445 8173 8337 709 1036
2302 7174 2602 7120 6805 3995 6091 4116 1549 1486 9453 4988 7395 1488 5120 505 3231 505 6315 9505 994 2494 1883 2476 9667
8753 5419 2091 2989 5137 4420 1100 3090 7071 2135 8720 4844 8138 880 3388 337 4205 6354 7440 5950 3565 2242 7953 9442 3961
2356 5955 6694 9502 3739 5794 1252 9838 6115 3346 8808 4966 554 724 4600 6589 3136 9670 2018 6427 903 3472 1909 3906 5800
3840 3418 1385 4591 9217 6667 3718 3928 7998 8875 6168 5365 2226 6781 6466 7273 982 9376 4948 7457 792 8219 5568 4654 1987
4291 5445 4560 4483 166 2242 7267 8227 2432 436 5901 5761 7903 3757 8640 9844 955 6708 4516 3628 5853 7037 3643 9361 9909
5308 1385 7262 9970 1486 7030 1483 268 2410 481 1877 5086 9856 3058 9593 9019 3488 5253 4680 9959 6368 8861 7771 5296 6722
5679 8163 6147 396 5750 2102 5851 676 6645 3094 6238 8839 8526 739 7715 3325 5218 6760 2189 5122 1 7647 7773 464 7091
3333 6689 4916 6170 5519 1171 4033 3514 8128 3281 1330 2223 9335 7415 4610 5941 5084 3060 892 2314 8952 3714 8955 3679 3326
1564 199 6229 8669 6620 8338 2989 3822 1424 6085 3367 4815 4633 4729 361 1645 9270 9607 9793 3481 2110 9502 3444 4775 2137
5068 9261 727 607 3418 2631 3051 9893 7811 1590 7781 6484 511 895 304 9268 6491 4954 4852 8020 5600 2325 4243 4541 2346
8907 3088 2674 2080 2057 6482 5227 3454 5425 8533 6524 8722 6861 5437 4474 2688 529 3127 8752 8568 2852 9166 2135 3178 6374
