69
6190 4808 4567 2964 2861 7981 3816 8662 3838 319 6337 369 1786 9233 5458 8020 4294 3979 9096 3499 436 3133 427 6634 6469 7030 6838 1799 591 7060 2476 7003 7179 3556 3898 245 8059 4460 375 2047 6901 7629 9766 6247 716 179 3190 4060 1734 6888 5347 4285 6409 8227 6298 1141 385 6055 6271 2228 7415 7552 6194 3063 259 5972 7621 8709 7395
6359 3259 8860 9926 2516 9482 1211 4885 2332 1011 334 6338 631 9681 9213 6633 4774 455 7623 1967 3343 8050 3913 8755 9099 2728 3955 5827 7309 2776 514 7828 3617 7251 7326 8037 485 9095 886 3715 6223 8790 1416 1652 4404 5102 3016 1597 4632 7708 5614 3702 6277 3022 4119 7506 3757 4767 3605 7160 6489 3718 8456 9724 3035 7477 6112 4258 9
6655 556 8031 883 2394 4634 509 1141 2400 9109 3670 5469 5802 7449 9133 7219 6260 1559 2306 9203 9418 9021 8486 6391 3346 4669 5314 8689 2466 8656 2122 8604 2624 8878 8083 671 857 1153 1357 3261 5686 8934 6487 9798 1168 6381 5540 8816 5259 3418 5674 9808 6306 6843 3736 2293 5230 7108 4699 1537 5989 7279 334 838 7117 1352 9187 4087 6549
383 2696 4986 4750 4008 8096 5395 16 7839 702 6381 3643 4623 9151 3142 2345 9545 9395 4972 3781 6337 3670 9356 1291 9802 3112 7285 9554 6495 3541 2917 7418 343 5061 364 8089 2809 1365 7778 5864 8274 7947 2225 4654 6535 404 3833 1239 3313 4156 9955 346 502 397 3682 7813 8854 4675 7291 5612 201 1483 8197 7096 208 2186 8839 9182 4048
7348 6888 7605 137 5410 4300 3238 4211 318 4300 6359 4951 5425 6436 4888 9166 7957 2896 7972 9400 5076 5904 3994 7060 415 3453 6937 3520 6970 1255 1451 2562 7741 5635 4561 9100 2506 7053 1514 4387 5251 8725 3914 6559 5826 5321 9421 4394 7831 8049 6304 9010 7678 634 9764 3371 2764 4556 5238 6634 3543 3840 3257 1299 2397 9676 3697 6492 9592
4883 8399 9515 5730 5236 1318 8517 6820 1830 179 4371 23 7096 738 3807 4231 399 4175 3532 5902 610 3744 2920 9325 6220 1417 8776 7552 4735 6130 3600 2517 422 9937 2647 8788 43 5227 2197 5110 5974 5031 2974 5710 2425 5035 9648 4798 9340 34 8740 3577 7981 2107 6057 5803 5446 338 8522 5871 1690 3934 8662 93 3340 8623 8667 2896 3289
2908 1550 2317 5968 1870 6178 3711 6921 1576 4033 2725 5506 1500 6445 5246 8299 9451 5473 3904 1718 5836 4536 1207 8001 5278 2363 1894 4180 8546 5662 3520 5781 9868 7063 738 6671 8049 656 7208 3820 9199 7889 5774 2216 7798 5017 8694 2647 8056 6869 7714 2091 7183 1186 1009 9706 8428 7165 923 6831 5589 8788 4236 9231 3601 1090 4407 3835 3034
3314 9952 3389 3647 9901 8623 6091 7402 9414 7921 3823 607 5208 9871 2172 2361 3664 8596 4867 3232 1825 8219 3475 569 8149 5 7990 9436 5464 55 3169 375 6005 4566 157 9964 9598 1505 4588 8697 1060 9919 3181 3103 1837 5296 922 8389 7915 892 643 4360 5575 6805 1354 6572 5500 5550 3095 7162 4800 4760 8644 7660 7698 113 5797 3366 9879
156 562 2647 4377 7787 9103 2711 5877 7943 3533 1414 8558 4546 6859 7309 4166 3272 3870 5380 4642 6392 77 545 7876 5442 829 8542 4850 389 6667 4361 8695 6098 4563 1748 3100 2025 3865 5317 7317 4621 3556 7816 149 9804 2887 8650 1630 2657 9394 5584 5248 2201 9109 770 3217 2532 274 2035 6405 8323 6365 7063 1101 922 3307 1690 7825 3790
1933 8524 6772 8890 676 82 955 9334 8803 6464 4173 892 6664 8009 1675 7195 8668 1892 7610 8485 4835 4976 1332 5555 9778 9912 3472 5380 6114 7120 2472 4310 4093 3485 988 6275 4886 6550 9406 9268 6778 3574 694 2113 3708 5501 1497 5842 9319 5180 32 1333 5669 7557 2512 6910 1321 5950 5356 7336 2834 8254 4323 907 2700 4438 8437 2548 5216
760 2036 4261 9739 4422 1111 972 7570 8525 6815 9874 9538 6927 7012 6826 1549 8360 5230 8996 4639 6600 5661 5179 8866 179 2244 749 4049 5544 8391 3824 4338 145 9164 2773 3038 2141 6622 7843 874 1932 3596 4309 1936 5351 8559 1167 8119 983 3451 5611 7174 2634 3845 6425 6653 577 1765 7924 1030 5998 2683 6397 3329 6787 8377 9043 498 9820
3680 1486 4912 5081 3662 133 8518 9034 3165 8980 6310 5685 7800 4346 8689 4013 3660 7303 6381 3649 3871 9757 3756 5826 7282 2564 2828 311 9859 9292 8218 6711 3067 4087 9461 3864 8168 7526 3334 1368 2021 3602 5575 6571 1891 4915 7846 9282 2328 1653 727 3658 92 763 171 3355 493 2660 4651 4142 2248 2107 2025 5140 8307 6990 2774 9722 9169
6586 4888 1948 6058 3824 8603 1 4118 9121 9091 9566 4434 1351 5607 5725 4963 5017 2494 5709 6667 8637 7588 4103 243 5167 1915 6103 6049 199 3652 5342 9070 5755 6826 9340 1669 7293 488 4953 8979 1127 2080 3453 1900 3250 224 5263 6562 3915 4889 7156 7514 4150 6311 5923 5338 3728 325 4139 3566 83 9688 6589 8297 9880 4207 9553 6545 6994
3623 5932 8976 6637 6771 2614 9408 3577 4606 7514 1882 5065 8425 8550 9208 5787 344 9103 6934 286 9798 9629 1144 141 3673 2967 1943 2119 8680 7399 2760 5149 3868 9722 5530 5084 5635 3693 6101 7977 5644 6111 4498 2677 1262 4116 2872 4736 9881 8686 2073 688 6263 1954 9754 9466 4840 3224 5275 5436 3610 2395 354 3778 7201 5006 9617 5367 8389
3780 7689 156 6585 5431 6552 7546 1090 2817 4528 8725 4276 6436 124 3338 782 2575 7591 3031 502 3328 5158 3546 5167 7741 4600 2210 6634 4773 2269 7941 5380 7690 7471 2992 1000 8599 4858 3919 4753 6639 7037 5545 4054 1629 8338 5219 6546 8641 3004 6835 2801 6913 1779 3079 4357 8541 8748 1306 5159 3886 4252 7151 3597 9019 9604 928 8340 9637
8722 6067 9321 4572 7801 9652 4012 9549 7230 6013 1675 2768 7798 9821 4317 1346 1339 8365 2343 2578 634 6598 6610 5061 3962 7828 9523 7261 5167 3983 3739 5017 5323 6887 2432 4895 6562 9049 9774 6189 9226 4357 6787 4490 4341 8920 9638 8695 2080 8873 4711 4513 4985 8462 2098 8263 8425 1288 3361 1911 2878 5406 7569 1217 4191 9106 7606 1085 4753
9598 5413 2975 6000 375 2447 6545 7657 1007 394 4192 3740 4789 1740 3978 4427 7534 8258 7962 2188 6004 6095 9445 6481 6634 2637 7662 1162 181 1786 7321 3988 8405 2323 4536 6139 8152 19 2567 5945 8005 1664 1882 9353 5275 4061 7732 133 6787 8635 7120 1453 352 4519 6263 1441 3741 8290 1894 4966 4733 964 6791 6601 9328 2129 7303 6416 9537
253 2279 4884 8614 2531 6199 223 3910 7901 5611 1045 3805 1154 3604 2782 4954 9850 5523 8556 6623 415 4593 713 8462 6887 5054 6795 2047 7535 4718 2827 7087 7041 1696 9922 3873 3247 3235 8416 3557 9699 5041 7606 1672 2767 2343 3530 6496 4473 6578 5029 8304 5512 2205 9617 5124 3136 4060 7192 7897 782 4407 2920 4028 5798 474 6003 9138 8227
8812 7162 2840 750 1931 9213 9721 1394 2104 2621 2020 1501 2718 6093 621 4981 6891 6925 2920 8583 4990 7023 4414 1513 382 7446 7840 7943 9679 657 7592 3916 2536 2368 9306 3702 670 5865 2614 3823 196 7721 8582 5656 2686 3050 8396 3997 9001 4190 2146 2856 6435 2910 595 21 5044 289 4237 5416 4077 2091 4417 5135 6166 3606 2164 3664 8818
9283 139 226 3098 1999 9259 8924 8874 6589 9082 2946 1333 1357 3890 6680 5440 2414 7972 5859 1640 6766 8767 6270 8398 9919 3658 4091 1312 1144 4951 9407 2861 7435 8181 5070 691 8315 3466 9969 6500 2773 6683 3637 232 7110 8736 6519 2531 9881 2090 6141 2554 3320 5220 1411 6131 3124 5412 7822 4072 4224 6427 874 9934 430 9274 7064 9373 2086
4270 5266 4033 9045 4434 5683 5272 3259 7305 3553 3787 7908 3133 4721 9845 8686 6853 6177 8812 5176 823 9549 9652 2324 3296 6755 8650 8617 6238 5860 2908 9585 7575 4331 4973 1197 6481 2931 3830 3979 7927 4465 4359 6136 4415 4573 4026 8679 672 923 2608 7283 7939 9424 429 661 321 3026 9642 3210 8685 6419 1050 2533 6158 373 2655 107 3614
9721 3699 3901 6971 2254 6703 554 1504 721 2035 5170 862 3539 4764 5401 1660 3466 565 6355 4357 2215 2462 5886 6224 2224 7266 5578 2652 3670 8737 1360 8149 8677 5135 8922 3844 8728 6076 6270 6264 4999 3848 2619 8659 3095 2115 184 3971 4130 9586 8207 7776 9406 3913 1453 8227 6448 6634 1450 5163 5927 393 7429 7060 2498 9703 5568 9845 5893
7266 9336 6431 4601 9076 4497 4316 705 4828 3151 974 7995 280 6848 7154 3898 8872 1174 8954 9073 3565 4654 8921 5679 9152 4284 1453 6059 3235 9020 5965 5684 1801 2688 731 1783 434 6868 2065 4951 613 5795 9910 424 3961 9736 1477 3372 6403 2493 9586 7705 7489 7449 5487 9260 8049 6958 3269 1731 9382 3544 2548 5732 3184 9490 6093 3936 4071
2179 186 8593 3974 8904 8251 7385 8659 9659 9990 7702 8617 8610 892 1531 6859 2441 5245 3427 8990 8086 3719 491 6418 4553 9343 3396 9844 9679 9131 8647 9529 7470 8323 5608 422 3237 8169 8441 9305 5916 5914 5974 9984 6617 9701 8981 1465 6499 3052 1901 272 8563 2884 6864 6184 940 8522 7773 7011 2238 9703 8173 898 183 2784 8467 5666 9204
7169 6624 879 7884 5387 9229 5653 4461 4582 3484 7699 624 2512 4325 7861 2173 9233 5083 6151 6074 7833 2866 8791 4621 8073 5212 7921 9168 9577 4753 9082 5802 3918 4219 1084 7525 476 7289 1105 6930 2476 9124 6903 864 8638 6535 5858 6706 9931 1816 7929 3247 2878 7712 1195 1708 4083 8162 9003 9568 8804 1035 5919 2587 5490 5455 4789 217 3433
3776 6553 8691 207 8388 1709 985 4759 6216 9003 2785 4489 3428 2773 25 4507 9425 3715 6889 4135 1625 6370 9073 8290 2260 2233 9855 6109 5301 3167 2195 7359 4507 5655 9849 6106 7616 3791 6841 3220 3615 7294 7912 4060 4705 1440 751 7591 6736 7093 9581 1520 4075 1453 4888 5579 1120 6942 3730 5074 8920 3777 9967 1362 1603 3682 586 5896 6038
4106 914 2007 1993 1327 4422 3223 393 6037 753 6087 5904 1720 7219 8047 2526 5546 1675 4530 226 5950 3847 4750 2197 1948 4073 1094 4755 5316 7987 6004 3611 6266 6610 7952 774 5734 8362 1861 9877 6985 9896 5872 6938 871 1979 3307 911 2778 5268 7152 4522 9165 7645 784 3663 4759 2238 7580 1398 6014 9578 6988 7648 4948 4204 423 7287 1966
1655 4579 4495 73 247 7516 8460 9343 8978 7782 4172 7695 4676 22 8416 9902 8310 7633 4822 3932 7921 4852 7712 402 4159 3925 2476 8969 9091 4819 3167 1036 2441 8501 1178 5077 6530 639 4513 1888 3466 1937 3224 7228 1657 883 7008 5253 6761 4065 8455 1750 9269 8948 9965 2231 6874 3765 9768 4234 4219 394 4910 296 8138 7798 4313 7601 1005
9538 4962 6942 4393 1123 1172 2108 2101 2397 231 1024 8679 6061 5430 2728 7330 7624 4003 4513 7018 601 472 447 8022 9496 8047 3435 1243 3295 6375 8152 3032 3502 4312 7920 2884 9048 71 1450 8127 6125 9851 518 2278 5588 5140 7130 8801 5700 7369 2412 2134 5040 658 3442 3493 6628 1810 3664 1668 4344 8821 5 2485 647 8723 8374 4047 5512
9139 452 8590 6823 9235 3462 9233 4731 192 1900 5707 8416 3733 8365 3050 4476 2179 8262 6013 5248 2305 4690 4655 1479 16 1360 9370 8086 775 8443 2594 8785 9011 9802 6040 9257 7502 9657 6305 120 8834 9604 2405 4044 8775 4220 4017 304 9013 5655 2401 1489 8002 7021 4871 7677 5903 2938 1795 1748 1362 4135 9742 7498 8290 1681 8591 4792 8918
1927 3784 2098 5644 3686 3955 1 7305 4274 6258 9796 5155 5953 5757 8385 2602 5764 9871 1301 91 7890 1417 1135 7324 7708 5770 504 9783 1270 485 8233 5698 6484 2993 2806 8338 6480 1255 6915 8524 8835 182 5139 5800 7615 7920 510 2554 5821 8844 6408 5683 2069 1711 235 1901 1774 6271 1729 8545 2548 9126 4059 4469 6618 419 4123 669 7715
1090 7701 8516 3988 2376 8371 5500 7256 2574 413 4376 4962 9212 1520 3601 8966 3926 3880 4605 1801 7987 432 9097 3584 4843 928 871 9721 6255 3255 4104 4750 923 5220 9538 7284 2782 1121 7552 8432 100 69 1882 1435 4747 1016 5074 2714 5622 1516 580 4545 7734 1556 9252 3438 9700 8478 3700 9538 9942 9185 5968 6781 3752 1456 4226 5149 4413
5981 7613 5929 955 8452 4726 8218 7586 514 4107 1809 8489 5087 6203 8454 7382 2592 2836 6117 8927 4645 109 8691 1423 3799 5950 699 325 8533 2301 7405 8586 7566 7282 8689 7690 3463 6643 8551 707 9219 1134 8819 1537 1357 8405 504 9274 5596 9200 8317 3734 7418 2555 2811 5240 7339 2355 8650 3696 9208 6218 2413 8903 3369 2474 7602 8134 8892
6111 9446 1508 9901 9431 2023 5053 728 5254 3455 6455 8687 217 7633 7243 7327 7861 7134 3127 4828 1519 734 7837 7582 1273 3016 1450 6462 1095 6764 8767 5848 7222 1909 891 2767 910 4306 9904 8964 6185 8647 4528 2451 8811 6507 164 1700 2056 9635 993 8233 9186 6942 4384 2426 4750 9220 1279 8139 7111 8251 7849 823 580 5529 4961 5086 2344
121 4639 7142 5401 9948 1881 1073 960 9412 2916 987 9460 4425 1842 3711 7976 2095 1376 6544 9341 4312 8735 793 4615 4172 8320 5098 3570 5866 4881 9301 2066 3074 5979 9136 1508 576 735 2691 473 4760 1930 782 5629 950 1000 7786 2822 9746 4517 3082 8922 9853 5266 2658 1629 9664 1420 1634 1953 4962 8155 5326 8934 9614 6265 2740 4336 5608
6949 8461 1805 2392 1673 1538 7285 6401 4339 6240 9895 7417 6543 7246 848 2090 1860 4389 3535 8362 3898 3947 709 9424 6319 2476 9361 6068 58 762 8920 6546 9868 908 8757 3863 6450 873 3005 3961 722 3981 1211 4132 5192 3182 3467 8171 2360 124 4588 1654 190 1011 3772 4553 7857 1252 3079 8542 1746 2813 2248 3367 6419 9550 3346 8590 4590
8612 7735 3980 5677 5416 4017 9553 1013 5241 5189 5881 6061 6040 5771 4424 3619 738 7369 7680 735 7095 8693 6409 7528 3716 9605 5411 2902 484 3037 2589 1191 7636 9713 1222 4357 3924 1094 8974 1671 9093 9583 9212 1080 4139 7162 8233 7221 8793 1774 3610 4294 4577 8047 1564 856 4870 7426 5520 2523 9812 2476 1516 6862 4797 2597 3128 6913 2921
5538 9846 6587 6439 5754 3340 8032 2321 2365 3035 7454 7613 9798 3442 8041 937 3358 115 4069 5347 3412 634 1597 9988 2268 8506 3201 8853 9868 8228 8951 6791 5135 2920 8568 6697 7222 5932 7160 2200 3511 9262 538 4005 4627 9622 2994 4159 939 3575 6538 4285 595 1576 4207 2444 520 2910 3846 1229 6006 604 3223 3262 4951 1975 8812 3700 7313
1742 3313 4396 8702 7785 1327 9487 1342 1673 125 4555 7137 9699 1333 9637 5986 2506 3898 8059 8353 9001 615 5950 9521 9083 1911 8289 3778 4609 7580 4268 4897 1443 5747 2395 4498 7579 4658 9416 2666 4385 4885 6463 7607 298 421 4654 7611 9019 2593 5806 313 8911 9934 2476 1788 5 1531 9636 217 4334 6028 2246 899 8538 3862 6364 6869 7827
1062 1202 448 1387 1567 2377 5786 7921 5198 2133 7903 3220 249 4621 4166 5181 7180 1 3337 5001 2296 2879 7726 1973 4319 9028 2722 6517 1573 6787 7366 8947 7901 2628 2075 2280 6073 424 6001 773 2359 2301 7639 3880 3108 7943 4814 996 5416 6745 3109 4190 6022 3061 8990 5176 3081 1545 593 475 8442 8716 728 2223 8671 3400 8110 3201 4780
6789 6173 7151 8776 6379 5491 5467 1358 7525 3568 7540 9758 2452 4832 1653 4477 226 9973 9352 2392 5373 4573 3187 6940 8500 2833 3743 3706 5532 8347 3580 8965 238 1587 4367 5020 4735 9080 1860 2413 3481 9985 6229 8991 4091 8598 2313 3824 1242 3925 5804 2893 4964 8634 2564 5069 2465 4135 6439 9550 3582 664 529 6898 676 3230 7147 7138 4153
8299 9053 2201 142 7228 4927 994 9782 7408 6128 4170 1864 7024 5220 9088 8866 8804 3477 7038 8305 7294 9932 6218 5694 9307 4843 1709 5458 5671 2548 6760 5737 2121 4681 9445 343 6625 3796 920 2482 4027 2748 8237 1198 4786 6304 8297 2715 8891 5727 9424 4863 3502 2319 3983 5633 7921 1951 2995 1567 2607 362 418 8410 5536 9352 2828 7359 3024
9915 3223 2980 3322 7765 4086 253 6864 1119 3800 5824 7865 9091 9284 5950 9849 4819 4214 4669 1294 2206 3268 6503 5100 1807 7678 1786 6483 9505 1086 1135 7781 805 7363 1108 177 2095 8943 6568 1921 3865 1522 4293 9249 1366 6981 9793 5728 6871 9424 1903 7363 9100 5439 7581 9277 4711 3038 5872 4379 6630 2100 3673 8673 3322 6205 2452 7942 2512
9872 3157 2285 4356 8665 9549 8623 4984 7397 9799 1427 9883 7552 3787 3868 5600 7612 1915 9163 8062 49 8329 1963 9000 6183 9317 5330 4819 5453 3295 5380 1314 5083 5135 3250 126 1723 695 6117 3340 3684 112 7879 7999 5129 2650 4110 8644 7928 7844 9812 5449 9820 3455 2659 4091 7567 3853 4532 4390 3350 3367 1749 1549 1708 3784 122 7700 6301
9676 5572 4879 9850 9091 1738 9787 7045 7932 57 1166 607 4238 3211 3342 3457 9490 8404 1293 1982 2760 4285 8848 6124 9423 5523 7531 7336 2731 2350 9431 1580 1981 8956 2755 2854 7000 6253 1252 4261 2545 2919 3885 8613 8155 8052 4200 6948 8305 1705 2872 4195 7743 9130 8220 9010 1768 3700 5327 1272 2953 2081 1764 8350 9766 9954 5122 9307 4513
6451 4049 1570 4308 5248 2134 4072 2605 2392 8596 5474 5311 5905 581 6070 6117 595 6694 3827 8118 5524 4825 9445 6345 3937 8713 5584 5848 636 1135 5593 6532 8206 1485 1002 7261 6671 2275 5094 1528 937 2689 849 2674 5617 5797 888 7531 1705 9269 5095 7743 6815 948 4246 5193 2483 6836 7137 4483 8878 4991 9180 7906 4750 8865 7048 9358 419
1451 1800 2656 9516 9226 9100 2081 9673 2290 9217 5505 1012 8161 5591 2347 2521 8362 3619 9747 5564 7602 8537 9835 2672 9576 8840 3565 3793 2741 9388 1815 3166 5743 8362 1787 3166 6073 8281 3321 8632 8104 2206 3298 7666 2556 8664 4684 9964 3655 3165 9029 5149 1474 5857 6931 8580 2524 6832 1066 4388 6154 5633 4902 8392 9548 3352 7372 4180 1151
547 2732 3460 367 4645 1407 2280 5024 710 2095 913 7003 1822 4555 9353 5014 2905 5241 9040 16 2791 9205 3536 8149 7579 8074 3831 6120 5295 7386 2469 4212 5509 9802 3706 4522 5908 8926 3550 5056 6226 8857 4358 1475 4371 2820 7122 7462 6817 5490 7306 4735 8171 6627 416 5807 9604 4338 897 5929 9340 2344 3553 6095 1734 910 1674 5561 4456
805 6535 7891 515 6104 1360 5779 5292 7634 3011 5480 2843 7217 3578 3700 3940 5507 1786 8623 8790 194 9228 6323 2517 480 9397 4930 9980 8186 1988 9109 721 2303 4070 5401 4808 397 2449 1947 6850 420 9028 558 9836 1435 9567 1225 3158 625 715 1228 178 2877 6094 3346 4218 9996 3732 4300 9592 1297 4162 7558 2694 9286 3180 4058 7182 4411
3600 3785 6199 1702 7657 5043 7588 6314 272 974 2732 497 2092 6224 8358 9865 22 2008 174 1255 1363 3936 9409 6796 4289 5728 3748 3898 2600 3217 6393 8361 3799 7291 5629 1377 1783 5035 1592 9189 4610 8251 5333 7811 5674 2669 9738 6932 4852 4777 3637 3669 6315 5289 4913 19 4457 3347 9706 6304 6979 802 6760 2543 8788 8620 1269 6532 9723
9323 4921 4229 2472 3763 9970 8685 2038 622 6975 8825 3546 2386 7478 823 9374 5350 3610 5025 643 8077 6123 166 2799 6160 6885 8476 4762 9593 3025 3691 5038 766 9076 100 595 2425 4146 8866 5248 8068 5095 1233 6516 5312 3667 9778 7343 6082 3268 9447 2289 6334 8210 7877 9490 5677 9711 1498 6826 3495 2840 1293 1928 5157 7937 163 2269 5405
7525 9912 6205 7459 668 12 9802 4668 8394 1600 7786 4933 4205 2263 5347 5703 7659 6464 2658 595 2111 8452 5798 3108 8002 6679 7497 1414 394 2764 4901 5545 8121 2731 5674 8145 2416 2452 6127 9261 7720 3147 3099 5752 406 3190 4148 3622 4609 6733 6414 8573 5044 4834 5473 1806 4224 3897 820 8968 6908 3013 2179 3843 9955 1837 6566 6382 541
6826 3193 9010 5230 2008 1588 5116 2405 5167 1729 8435 5971 924 3 5628 4723 5115 5497 8213 511 5197 4663 7150 8269 2107 649 7374 7161 9377 9827 9460 992 4356 6178 963 3914 7162 4618 4997 5257 7087 9505 3136 1333 112 3190 2953 4795 8023 3631 6585 974 6281 3088 7628 277 1023 6722 3775 9393 476 4069 7029 7783 1415 3815 3859 7047 1621
3919 9309 676 8130 678 4915 4658 4679 3598 3856 7119 5978 9373 9422 6838 4824 9511 8593 2881 8397 2562 1789 829 822 2792 6592 8440 9645 5614 8196 2775 1720 8299 1724 9836 1504 2011 2307 7564 2279 9132 4955 2805 9175 7382 7483 4822 3726 8698 2602 7620 1421 3884 3705 4060 8029 496 5270 448 5452 1237 6661 6798 6139 679 4594 2920 3831 4987
7823 8001 70 9652 7021 1801 1927 7687 1 7795 8096 1874 4646 5199 624 7609 291 1522 4474 8857 6750 4641 5578 6751 829 7273 6168 5842 406 8416 9527 6568 953 262 1479 9577 5204 2242 7084 9241 27 7822 3546 1867 2362 2154 4683 3697 1951 8326 995 4007 8632 1013 9409 4827 6942 1786 4632 6262 5848 3906 9973 1531 6428 8897 5760 1582 7388
3754 7814 4726 2009 6761 4403 1441 3844 5369 7708 6345 4603 4695 3724 2926 1393 6791 3061 6181 5257 6739 7976 5581 9843 1134 6744 3839 9639 9560 5928 9214 5317 7936 5239 6617 3310 6837 6057 1232 9823 1697 4247 2729 3785 4141 4746 3466 8996 5526 8146 6211 7792 3655 6637 3125 8623 920 607 3364 180 4506 352 7475 9535 3732 9074 9151 1936 4114
6211 6859 7576 8613 9798 8634 5933 10 1557 2102 8194 8824 834 9046 4346 8720 9457 6272 3829 9030 5655 2015 1726 3268 3262 2579 5743 9832 3953 3729 3727 6891 4605 2894 1450 7051 6734 2324 2746 5874 6699 8227 1477 6258 4638 1572 4093 2751 3063 4640 7022 9955 1486 2174 9856 8893 8831 4797 735 8240 6344 2432 834 6142 5074 7127 2619 9869 1162
2529 8854 254 4357 8840 7404 8651 1648 4531 397 130 4199 5020 7434 9086 760 767 7129 3388 6622 4377 8221 1359 6001 5642 2263 7476 2414 8263 7962 9953 7492 7756 4487 6310 3121 8437 9729 4594 1603 3649 6275 7351 1679 3621 4720 4421 369 8834 7529 2620 1846 9128 3277 7317 9576 3439 8385 9223 526 2533 1567 3763 2410 3655 9892 2236 8078 7723
1741 2801 5221 8877 1415 5627 6933 471 724 7926 7240 4406 1871 9349 6528 9091 9802 114 5257 3029 7115 2757 8809 9973 9175 3052 9545 9373 3411 6290 6355 611 4271 1515 924 1779 6860 310 9467 8714 4504 3423 719 9386 856 2687 3682 1254 381 4986 8992 4717 3156 7454 881 6394 2806 5484 3540 9101 2432 9736 3691 2008 8330 8551 8974 2859 2818
8785 6360 1453 853 2392 3510 6735 489 9942 7621 8455 2107 9365 8740 8844 4276 5156 9799 6145 1312 2881 7362 5589 4477 6177 7672 2893 2889 4497 9802 9725 5359 5327 1099 7434 529 2377 9406 3827 3367 4225 7926 1522 3378 7052 672 8858 9291 9571 637 3367 9161 505 5659 5600 6673 8124 7846 2671 3419 3051 8794 892 4823 1638 255 7930 4778 8836
5737 7009 573 6344 2327 760 9724 7756 3336 4150 247 5131 3804 51 652 9865 4381 4585 1094 3775 7654 4148 1061 5556 532 2855 7132 8302 6426 1012 4895 1562 1244 364 5433 7642 4163 1072 5963 109 7030 1044 3970 2732 9531 2661 9022 2179 3481 3461 6004 6597 3576 2608 5665 4843 8863 5377 3235 5947 7980 4048 9264 5077 3791 1855 9480 4286 5299
6493 8770 6569 7243 7670 8545 8730 9271 5188 1792 5573 4049 415 1814 8173 6832 3562 8243 2803 3556 1849 3121 4933 6995 3387 4862 3459 6364 4932 4346 1024 4437 5688 1099 2887 4483 5953 9451 379 1955 1995 9637 5494 439 2407 3521 6931 3801 2701 7153 2289 9596 622 496 2018 8250 2733 1833 7064 3730 6158 3845 1833 2458 5917 2134 6531 3466 7856
9473 8188 2968 8258 5572 7718 6908 1451 6805 6667 1055 3939 3277 8268 3403 3510 2083 3587 2179 4082 8709 6901 8261 8724 8809 5758 812 3844 3700 1500 1685 1015 3592 2510 1333 3880 7591 592 8844 7838 1213 5082 6597 918 254 9880 8312 2045 1329 4801 7294 4601 2212 8218 7450 4952 595 6294 6091 4249 3271 1091 2189 4669 2818 2320 204 2442 2689
5428 1045 862 9723 4693 8456 3008 6865 3706 1519 1468 6601 4192 4877 8050 6850 8962 3982 3636 240 1921 971 4861 3136 5887 2743 3785 2113 5824 1316 8638 5531 2290 8224 805 4283 4819 6218 6152 5878 3946 9962 4576 4592 9208 4528 198 6270 2525 2672 9952 9910 3983 2663 2223 3192 2759 4564 4168 630 8598 4725 817 8142 8848 1984 2583 2662 2789
8659 7414 7099 7808 3385 7336 9808 3820 7206 4521 1864 1662 5761 8440 2642 2914 2901 5797 2922 1285 477 1170 3504 8276 6526 6415 6319 1816 6333 8063 7948 1603 4058 2641 8939 2185 1144 3047 1850 677 3236 2308 313 7132 6349 5797 7795 7786 1232 5252 5698 7093 5575 1310 3677 7332 3510 4656 1208 6944 7375 7444 8748 4366 4445 1495 8482 6838 6341
2542 1002 3670 6873 5014 2170 7138 1299 2070 796 761 7264 9273 530 8183 6004 2287 1813 6556 7552 3367 8443 9340 673 8659 8908 2119 3275 4690 3562 4632 1447 7051 9841 5680 9865 1800 6467 4935 2505 1130 1678 9793 6733 2434 8842 56 2613 3989 1688 479 7428 3229 8203 7809 8552 3688 945 2051 7567 6240 2408 4714 9189 2641 8709 9390 3837 1453
4522 7106 7000 84 7289 1582 8719 5347 2667 9011 8119 7509 6871 9589 3283 1135 4029 3542 5707 4351 9516 3623 3696 9976 6310 2550 8020 7373 2869 1672 6789 8707 1906 1190 8878 1057 4968 2074 9424 1291 6107 4694 8104 4911 422 528 1189 5591 397 7384 2284 2799 2332 8218 4753 9730 7835 5543 3865 9568 3519 9647 7223 4430 7864 4367 7668 8299 7687
5590 1533 7096 9712 6769 2038 2324 8882 624 1564 1165 4831 434 7806 6574 9266 8115 7549 805 5684 253 3940 8788 7457 1018 9595 2611 4924 1094 9901 5174 9214 6253 9226 1397 5229 8663 7624 9770 9757 7336 4632 2019 1566 3646 5834 7888 2794 4495 9374 8438 7835 3789 6800 7342 7308 29 6668 5683 5109 7120 4315 2871 9197 3268 9649 4423 666 7777
3799 8020 4929 1639 8654 7052 5124 298 6585 7219 4648 1339 2484 3280 8247 5317 8570 8542 7246 5358 667 4000 6287 2332 7993 5428 5277 6553 1213 1346 9082 37 5102 4159 7840 133 8443 4013 7223 9472 3394 4864 9691 7915 4951 3763 3169 7747 6535 4216 959 8609 9171 7663 645 6898 3718 9062 1345 4170 9516 7781 5206 313 1622 2102 4231 552 878
