77
3411 6703 3581 43 8674 677 704 3651 720 302 2918 6529 2215 7617 7426 7174 6778 7025 7489 6634 2821 925 6976 5446 7825 322 2887 834 5785 131 1 6778 6589 8138 7175 250 9082 1258 4216 3247 4405 2827 7206 3925 3906 6294 1871 5716 8503 5989 9083 2710 5803 4081 4123 3124 1226 7219 887 9804 7711 7772 5482 3871 536 2392 7176 5629 9598 652 3392 7418 808 8554 4420 4753 4017
1974 574 5338 372 5692 7790 3569 8061 4069 8080 3678 8184 1585 4938 7954 9550 1005 4222 4023 9794 9667 509 2464 8117 8989 1394 4218 9281 3211 4291 4819 5809 6915 4600 2164 3772 6382 6040 6145 7410 9793 231 2830 3457 3607 1741 652 4474 4150 1291 2069 7921 3003 6967 2942 7263 391 107 1288 4810 3251 808 4617 8784 6154 1943 5130 7372 1699 5451 3431 2050 8319 8003 6403 4512 7083
9175 4888 860 9943 8671 8095 8176 3107 7513 6012 6581 936 7004 5877 6139 1945 9475 4953 7019 3059 4563 48 3042 8086 8614 3786 7248 2988 721 1414 433 7402 5326 6739 2605 9283 3439 1187 4980 1285 9997 1686 5114 7705 7377 6834 4666 1085 3424 7993 6453 2289 870 1186 4676 1693 4876 9350 8839 6229 8870 78 2080 6031 8795 3607 178 318 2842 116 3797 9885 1486 3565 5221 6194 1352
9178 6691 3847 9388 465 1249 314 235 4895 4242 3320 3649 2617 3450 5363 3658 5058 3219 7984 4060 3818 3283 7093 2908 5428 5042 3547 9750 242 6718 7322 5882 268 4511 7138 2233 816 817 6257 5875 4951 5376 6465 7867 7228 2419 1408 7102 1693 8485 1264 3694 4834 8443 2587 3502 7612 3783 3051 4867 745 5833 2701 4400 2647 1624 6068 5145 4333 7994 1025 7750 7132 9028 9626 7591 6522
7276 6356 5288 5620 5032 7804 4531 6661 8488 856 6050 3154 3601 6052 1153 5464 505 6406 7171 8128 9388 6424 8353 4169 9384 9375 1003 5937 9114 4070 6301 8100 3679 5302 7879 6743 6076 3250 5965 9846 8181 3049 6143 3565 9676 9520 3230 2908 6837 1887 9406 2014 6493 250 2780 163 118 2745 6683 2080 220 6162 6444 3796 2983 8183 1151 2283 6899 974 7303 7978 5488 4069 6580 3631 7581
6409 4350 3619 2160 1868 9634 1011 9807 955 5161 9820 205 6938 1648 8008 7528 5570 1583 5383 9604 2626 2548 4582 3730 6291 5232 3739 7723 2020 7298 942 5032 8754 7300 6886 2113 6888 9372 9070 6483 9659 2107 6540 1807 843 8174 133 6272 901 9012 1691 4463 3315 3040 7536 9217 8574 5212 9 8836 7087 9604 5478 8544 172 7421 1646 7597 3709 874 1277 2350 7496 4852 7714 8241 5926
1864 3970 9061 149 3103 750 7079 8276 1670 3919 7067 6913 3059 3803 8459 573 8929 5542 6749 7569 5843 1211 3440 2803 2863 5950 8745 7512 8141 3264 2647 2910 6757 632 3704 8587 1128 9045 226 3771 9552 7273 8134 5648 5743 4753 414 8636 3895 6168 3475 4528 1216 1066 7843 5152 3862 9084 6524 4363 4545 692 6868 3475 1317 6962 5170 1129 9286 8227 5689 1936 7495 1957 4726 5574 9106
6898 2769 4746 827 6940 8317 3536 4953 9765 5132 628 6527 9274 9634 3550 3367 4894 4409 1402 6380 5556 9462 4092 9738 2936 8658 8139 8286 7756 4951 7997 4915 3880 2908 9755 2641 1937 4680 1217 8641 4687 4314 7627 1849 5869 168 3718 6448 9931 9691 391 4948 5380 2941 6860 2983 9916 9803 6820 5584 6338 4445 2323 8506 8983 6375 8902 3906 5730 1188 5939 7712 885 4402 6139 5543 7315
2531 3948 1981 6558 1625 9393 2401 4639 46 6227 8119 9913 7446 5086 3784 9706 9616 2551 280 1358 7979 8620 1522 2773 9280 9572 6289 6406 3037 9188 4102 4720 5032 6756 7339 7088 2567 9199 928 9179 7093 9900 2765 8785 4873 8515 385 6439 2014 1772 1703 3943 8578 8668 4455 2807 5391 6973 7656 7294 9527 1270 361 4099 1370 955 5787 7625 1063 6075 301 1513 8812 5096 2789 514 1734
6727 8533 9088 5755 8653 954 1662 94 9834 90 1018 8894 397 8732 8020 3021 7855 7233 666 7907 6744 9316 617 2228 5889 5563 4230 7525 9001 3103 6478 1837 6334 8174 4127 7750 3870 8752 139 8414 1664 8484 1663 2767 720 7499 4162 3762 856 2227 8952 4293 1729 8801 5059 3598 1024 1831 5617 864 915 5576 7432 5739 5611 2458 5842 6388 1952 4528 9401 5832 5556 5446 5087 7656 2644
3637 3936 441 9852 9186 3728 9394 4115 181 6419 3082 6066 1367 4240 7437 1517 8186 6409 98 736 9769 4616 5947 4071 4065 1565 4408 3354 685 7939 7183 9998 9846 5878 7201 1867 2616 2562 7030 896 4645 5083 7138 1665 3652 3691 6353 43 4072 6421 5143 7502 4332 5721 9016 9378 9366 949 2624 3544 7496 8888 5980 8618 2383 2596 6733 1929 309 5151 2174 7210 3826 3134 7312 6553 1369
5869 4128 4831 774 8428 8387 9676 360 9460 3058 5131 4712 1830 2101 2278 6187 8350 2323 298 2777 5819 342 7348 4159 1361 5259 2630 8549 4768 9089 307 3086 760 8664 1651 3826 1390 4354 2701 9010 9307 3561 2324 5096 8776 1180 3616 3782 6775 6667 9424 9704 1490 2663 4717 7444 8041 6967 3411 5330 8248 8587 346 2190 1099 7547 9850 1780 4870 5128 8824 2053 1054 2884 5523 6300 1365
265 8771 3429 9694 6415 1080 9190 554 984 765 3003 6040 9414 7807 8053 7477 1874 3057 6558 8815 7374 2557 3889 9480 6379 6040 3073 550 9820 3163 9613 9164 2113 6760 658 7241 760 8746 9320 5094 3169 397 9560 697 1491 5182 6869 739 6051 2467 4357 770 697 5706 1720 3304 5272 4657 4928 3259 9910 2257 1633 305 5504 593 8870 2575 3042 5490 5672 7028 8650 1750 1288 7873 3256
3804 4001 1234 3832 3679 9628 2526 1239 1133 8989 2211 3763 7024 1555 414 9013 214 6964 451 5276 3694 2256 4993 5077 5530 6679 3310 3943 2227 9025 1735 1449 334 6277 433 421 8544 8318 8455 763 7837 363 102 7253 3268 9591 3076 3345 6931 217 9412 7135 3520 9910 6038 1941 2368 7234 8164 1411 859 8590 5578 4473 9363 8893 8245 7957 2652 8107 8911 5578 4513 3731 304 4828 7338
784 8443 1403 3428 5377 7723 5105 3421 9582 8839 5357 8500 5850 7441 3381 8371 6157 1165 9554 8484 2728 1333 2743 2920 1260 982 6746 5381 5512 5059 6829 3020 3377 4577 352 2767 5785 1189 3904 2461 316 7066 216 9355 5262 172 3457 9126 4533 1372 7001 247 7666 4644 3745 764 5662 748 9181 5728 4745 7226 2855 9782 7270 7905 7696 5864 8845 8383 4852 6035 2815 7625 9223 4166 7461
6647 1289 7514 5794 3007 551 8404 5078 6733 3286 9304 7033 6763 3884 329 929 994 6885 2355 2719 1574 4717 5902 4102 9462 9129 2926 9833 944 2157 6901 7346 3469 3961 5319 3085 4290 6922 1216 2377 3557 2695 2712 7603 2212 9978 9820 3738 9443 7683 9955 9479 6406 9569 8294 6768 8938 2122 737 9316 4186 3871 7102 6268 9395 9685 2397 4087 8218 694 3485 2806 5703 4748 9241 2181 6294
3262 7723 7084 5737 3952 5993 1537 2355 4546 1122 7765 6776 5185 9316 7801 1569 6562 3532 5741 3317 6333 9640 4981 8383 1735 7541 2698 6213 1586 6019 6583 5752 2500 5446 4726 6259 2095 885 5501 1190 1837 7531 2993 2199 7114 3529 5558 1945 489 9884 960 6539 34 793 1936 1431 2485 3518 8529 1621 7978 9513 3946 2972 7318 9659 8684 9719 1342 91 2571 478 9028 496 4126 5711 6949
2754 7303 7552 402 3563 5641 4350 969 3448 8694 7588 532 7669 6211 1903 4060 9458 4434 9394 4178 9536 1104 9236 6979 3460 9109 4334 4954 5193 2354 2857 4470 433 9712 8717 2874 8965 442 2424 8237 5083 2341 1276 7560 4294 7396 5227 2188 5301 769 2564 9593 3394 9899 7081 6983 2717 8746 804 6854 2608 5855 5719 946 5611 843 3566 3090 991 6224 6739 9154 7099 2288 7438 8293 6598
5605 8818 4886 2697 9826 9905 2526 2764 8940 120 5478 4193 4546 4610 6073 1513 1885 9538 1333 9851 9967 489 3064 3763 8393 2221 4861 2008 5864 8224 6451 664 3646 7936 3397 6637 7111 5952 1298 964 1520 9596 4123 4675 1811 6644 2258 8428 3277 6736 4797 8984 3088 4114 3646 3400 5065 7657 7495 1314 2874 1840 5408 2278 7420 1368 9077 1442 1716 2281 6498 8848 6249 4696 2647 717 5380
9534 1317 862 7911 5533 769 4039 679 5303 2166 5173 652 7336 8221 4593 7877 5627 7302 4363 2763 9807 8614 5864 5788 4401 5573 1429 7627 8513 937 1353 5050 3442 6040 7024 4430 446 8201 4714 6451 2030 2971 2903 451 5334 1621 8347 9437 40 5528 6742 4741 5284 9797 2849 9154 2646 7723 4411 4351 5965 8211 9607 8542 8056 320 464 2010 7293 4735 3622 7762 1659 7030 3762 7451 2043
8504 5333 9916 7606 4069 259 210 8636 8098 2384 2176 3018 5787 485 712 386 7996 1768 3009 7602 5152 3784 6931 8830 4938 2413 9320 997 2649 9307 6079 3498 6295 7224 1471 4189 2017 4525 7957 2058 4357 2139 5713 4123 5164 8719 2593 1638 2594 122 6449 1483 337 2641 3530 8496 2571 3552 2014 6202 3175 5503 3974 3292 4210 2064 7504 1893 5242 730 8299 3777 7528 8715 5005 5354 1802
761 1214 6613 3997 535 6904 7991 8235 4531 5311 6265 1635 9730 8692 7052 8560 5644 5440 3061 1084 8139 5523 3268 1855 1028 8116 1966 2260 7700 4595 4076 7055 8668 5119 6889 4049 6093 2034 1718 6392 4610 9139 9098 7692 8281 6634 3210 8689 7840 1079 841 6409 4685 8113 7446 6880 5809 2457 1405 2073 2399 5428 5518 5515 3569 922 8329 461 7987 9784 5361 7723 3961 4020 6217 8866 2588
6691 2003 1189 1052 6014 991 4162 7813 3900 6491 4663 7097 5523 3907 6391 5622 6498 5365 6625 3455 8179 5713 9874 7980 3809 9375 3524 4283 277 7516 1943 880 4470 8888 2959 7822 984 3466 9859 9277 2252 6694 3036 2131 8623 8995 2587 6373 4269 2873 8182 8114 3480 4804 9283 9725 6283 5515 5529 4819 687 2882 5314 3457 7851 9584 1458 8854 9122 8083 6907 1054 3412 3925 1129 2011 8033
7204 5823 4096 524 1440 6722 7711 2527 1306 3494 8896 5624 6256 4144 6346 7857 3241 4283 2377 5441 7797 8994 8100 7811 6695 5332 239 3835 1068 6898 2154 9896 9727 4224 177 3983 4159 5549 87 691 4393 5341 2400 5303 9907 278 7564 8311 3007 8530 2691 5893 6702 9854 2526 5361 9731 7858 6247 4698 89 7819 3629 4357 7565 6661 2438 1050 4338 1378 5915 2470 6350 2071 4382 1212 5149
5677 4168 9259 6544 9706 429 8651 8477 6469 2705 5503 469 2004 6117 8228 9466 2034 6601 9300 3817 6169 7820 9301 8269 811 7705 4726 1387 5845 8504 675 3193 6394 2476 8436 5401 9259 6885 7795 1895 8628 6647 4375 8360 631 3403 7666 7231 2341 9126 1367 592 7468 4885 9450 8086 415 2851 7453 2333 1266 5457 5164 2382 6052 8659 4383 5255 8065 3736 2825 9007 8182 3856 7920 3090 8807
7595 8263 9142 9439 7107 9403 5968 3036 160 8501 4168 4951 6821 16 1633 5402 1486 2437 4331 7237 3721 9450 2638 2872 9612 4352 6934 3515 1396 7461 528 5403 1618 5518 8014 6711 3950 7296 748 6603 914 4687 7646 9286 6410 2665 6073 6821 6823 7399 7972 9304 8482 2047 3763 2708 3811 1934 5281 2852 3055 3176 809 6292 3521 1990 1438 4518 4342 5356 7657 7204 6422 9021 9010 1981 4434
9025 3244 3776 5179 2182 2675 3620 3936 5478 9063 8973 8379 1815 9883 726 2298 5515 427 5677 562 8164 3347 6777 5388 9231 5013 8755 8760 1837 4456 1108 6799 7243 8324 5337 8480 568 9497 8101 2801 5608 6460 1244 3961 3554 1018 61 3558 2139 3345 8651 5763 5131 6733 8129 2410 1175 9516 3005 8203 4672 9592 1436 2401 9808 5172 6425 6051 2798 6046 1717 9593 6073 3103 9694 5898 5162
1191 9028 9881 9926 9505 3853 9517 2551 9706 6743 9050 525 250 9595 2212 1317 3459 9061 974 1583 9330 1828 9076 1310 7138 4837 2331 4573 8708 4117 2646 5144 601 4687 6073 350 8029 6400 6832 5832 914 16 5699 4525 7206 6758 5530 6436 3261 4252 5353 8960 1774 8109 9688 563 6612 430 9526 5113 5684 4693 8986 7211 2252 1621 7494 1713 1408 6331 3402 3793 9064 7371 4786 666 1189
7393 6440 1789 5480 7548 7444 6855 6567 4253 4857 6088 5860 8699 6040 9703 7408 4875 9210 3775 7661 2926 6248 2069 7214 2939 8940 8621 1651 2185 8399 6172 463 1318 2202 3502 4904 7633 7458 8608 793 129 7366 9534 6701 1911 9927 7687 9541 1498 7250 1555 8185 3914 9939 6568 6777 73 8812 4543 3108 247 9145 2091 9607 7327 5992 4 5056 5644 4304 7341 4566 8787 7211 3716 4917 8791
5319 6013 7813 3784 4913 2124 1819 688 1224 392 986 9462 8421 9301 2202 7508 5908 8637 9097 5575 7041 9870 3536 408 1669 7436 1747 2710 5095 9505 638 391 7300 4666 8290 5879 7670 12 9833 2956 7316 7443 5060 4060 4005 182 8992 5437 1847 454 6166 9494 7665 294 4657 8642 2122 3200 7089 1706 2271 8953 2840 6181 739 506 5548 2683 6788 7412 7165 7384 45 6908 8703 217 2024
2863 9580 9910 4528 7261 1090 136 1057 8188 64 177 7894 298 3447 4321 8219 3809 6788 738 7381 238 7914 4582 8295 3389 5864 9121 9926 8407 3466 580 6841 9406 9305 8929 9611 7003 2390 4402 8188 7129 9604 4676 2773 693 6858 2324 2197 2066 6246 3871 5387 1516 6418 4867 7397 3443 8614 6755 8333 2880 4924 2872 8526 910 4894 9351 497 1512 7340 1443 6109 6381 5451 3652 8449 1011
9154 370 5385 1889 8098 6238 8285 1214 3020 9122 8830 4810 3488 6775 2682 5424 9336 968 470 9421 4324 5152 5043 1168 1994 7690 847 408 7006 3127 2250 4159 3255 3107 8356 5657 4489 2776 556 1045 5994 5647 7583 9164 9924 7507 3154 4192 6704 1438 857 1443 5072 2466 8749 881 1629 72 4381 1531 2608 5446 1241 4201 9933 3742 3322 3868 7416 685 7778 9934 2373 8210 5279 8232 8047
3088 2629 6768 6981 3334 5329 256 1932 6011 4223 7798 8288 7718 2575 8110 3838 4876 157 2511 6022 2296 9073 6505 5346 9685 2272 2644 6405 3133 3654 7162 5182 1357 4459 9197 1657 4492 8875 1698 8580 2672 4773 5804 784 852 4770 6275 4862 4225 9637 9358 4303 2089 8758 811 5577 2172 9394 3268 2167 7655 1347 8101 4972 8614 2440 2700 5418 9253 6583 4871 6905 1070 4317 9919 5565 3682
8128 8953 8332 4379 7480 3494 6127 3752 7888 9559 1063 7530 3736 3223 4546 6206 277 9762 5126 7516 1633 2542 2695 6040 154 6062 836 4496 8227 4576 8881 1750 9955 6526 2401 7843 7892 2719 2371 8783 2535 464 1386 8335 2465 8329 3352 2070 8665 8068 9526 197 4279 6775 9528 4856 7182 6594 3988 8473 1607 8803 4146 7600 8195 8331 7852 6768 3150 5348 4912 1654 4375 3181 5905 2509 8014
1990 9995 5177 5446 2652 7399 3181 2671 2628 7004 9712 8381 6464 8150 7092 6968 687 4207 4526 8130 4722 5272 9359 538 9134 5686 9068 4195 4391 5570 4258 1111 2706 5398 8967 9505 9982 856 9978 4105 3790 8808 296 280 356 1729 3094 7543 7916 234 673 4940 3772 2125 1525 413 6448 9673 5914 8152 2326 9259 9206 8155 3268 6139 5815 260 9967 2269 3646 9718 2269 2971 8841 5572 8516
463 7447 993 6295 5284 1237 4308 8579 5857 4870 9721 7291 5833 9845 7093 4170 9220 2718 3301 1331 8084 5284 2340 5707 8691 2423 155 7697 9933 6214 2989 8920 8818 68 6970 9970 7909 6722 4753 1348 2782 4169 3830 2737 4258 7474 7486 2872 4546 802 6829 2059 2928 7639 7624 577 6029 1316 8549 4126 9329 4015 2736 2119 4587 8277 6598 3049 8500 7957 510 8146 4210 2542 46 2530 6942
7861 5531 6188 7273 5644 2689 8504 76 9697 5483 311 5536 1171 7886 8109 7882 9191 1776 1223 6337 9610 329 9019 7643 973 9955 5446 7943 538 7242 2527 2509 9280 5446 712 3629 7932 1358 4838 1225 3631 9994 760 9580 7091 2586 1 1596 2707 8383 3817 4560 2680 8770 6033 2938 6478 197 7155 9751 8021 7242 1063 7579 6433 8972 2143 4600 3604 7129 1597 1962 4618 8114 4885 8813 9372
9831 2585 1445 7329 7923 4587 1006 4772 7701 8965 9568 7957 4369 8519 2269 7586 6134 8193 374 556 5857 9696 8718 8524 8042 1013 8018 1707 3675 2503 4593 7921 414 7343 6629 9550 5802 3821 4729 8520 1222 596 5512 4895 7360 5114 7888 4889 552 5395 6782 2938 122 9151 1990 7290 2172 2309 2371 1330 9476 8273 4231 6553 5546 9025 6365 1595 6064 7125 5599 1907 3958 7383 524 1599 464
7480 4762 7945 9722 2723 9021 3672 673 8816 5632 5893 7877 3901 9703 4234 3403 7555 6729 2664 9877 1908 517 2898 7300 4771 175 3565 9055 9626 9567 5930 8437 619 5674 5120 815 9898 9604 234 8241 8459 2245 1555 8691 3928 3993 613 393 7692 9155 9901 8295 1137 5086 9027 2400 1775 6727 626 2323 7254 1789 9269 7627 8014 6447 838 2689 4082 6123 2202 9043 2981 1701 1714 1564 3385
5311 3319 7617 5621 524 7525 793 2905 3220 357 5077 5941 7189 892 7052 9004 2597 1812 5385 6634 434 2698 9233 317 5887 4702 3070 353 6430 4180 6890 9746 221 64 9829 7858 8812 983 8911 9868 2460 3588 325 1509 6898 9415 9226 1428 3367 4256 6875 5083 2296 1872 6145 8183 3144 5355 5869 5360 5368 3502 550 3315 44 2192 9424 2296 2560 460 8509 8719 9764 2355 9478 516 5748
1259 2610 9688 5663 1644 1175 9928 3217 1984 259 9109 3565 940 2557 9451 3840 556 5446 1368 5048 3340 8717 6121 6766 9924 7955 354 7555 1954 6172 5480 1200 3502 7815 5270 1195 214 3752 4738 6546 6436 3363 5771 5321 670 4412 6129 8356 779 6517 3730 6535 2491 5494 461 8773 8287 4324 5132 98 4325 1213 1711 3699 1486 2737 7404 775 522 703 5671 1893 1032 6415 1138 2740 5791
9034 5272 8170 637 7701 3334 6540 5186 443 3478 1882 9367 9126 6700 9984 3343 8928 3719 7246 298 5838 7265 7673 9057 4924 1794 553 4999 4204 5320 3710 7900 8723 9351 6729 907 6214 1145 4346 7162 5915 2145 3029 6095 1989 3901 2817 5890 4858 7690 3433 2189 3612 4598 4353 2249 4560 4000 610 2314 1 3905 9402 9592 8213 6711 199 5652 7670 2889 2674 9602 3736 9419 864 7066 6392
2367 4007 3721 4162 982 8433 5266 8672 3355 8356 286 1314 5916 3061 4151 5280 2017 1643 5611 8695 4467 2064 8166 2080 1641 5868 8218 6215 4722 7199 5358 7814 994 9917 2293 9400 9447 3838 4508 1651 6955 6981 187 7927 1843 5678 7888 7937 177 8482 5369 7239 7611 7273 4991 6794 48 9649 3760 9049 200 5309 3475 5869 523 9280 7019 4500 8829 9137 6110 6361 2532 7579 5910 113 1819
3947 1547 8957 3708 4966 2143 1472 4213 7410 6600 4365 5554 716 4550 3866 308 6057 7269 3013 4327 7473 9362 6657 8471 7262 6041 7657 8822 7855 2242 6807 4973 8743 1205 4438 7900 5600 3379 775 5788 6307 7051 3667 1381 4083 8848 2615 8784 5870 7600 8763 1607 3779 4121 4321 6136 8877 8541 7885 6776 7125 3756 8164 9010 729 5797 7831 3479 964 8907 1282 7162 1 4805 2488 6249 2901
1520 5611 2533 6282 5082 1537 1886 4542 2644 760 9262 7822 2417 401 3592 6127 2588 5848 5687 2446 3218 7258 5281 9066 5769 3487 4496 69 8655 5550 3664 4952 4054 3118 1213 5665 7637 5917 4947 5364 8332 1 7844 9316 1716 8106 9183 1381 9913 2413 6943 1769 9439 28 125 7010 5257 3859 4429 6808 4813 5179 5881 7552 3012 4098 1374 9696 5610 2129 6393 879 6737 660 5253 8446 3664
8541 8486 8719 4429 5019 1144 5536 9415 6040 1063 2965 5532 1828 7075 8861 1859 9637 3604 5662 4728 2872 4330 1121 6089 6406 7471 9875 3400 5230 1495 3712 290 419 3040 2480 7982 5053 3719 5025 2278 7060 178 1081 4837 2559 8639 7514 46 4098 409 7988 7881 4552 7432 1913 5608 9773 4075 8576 4435 3520 7969 2378 827 6271 6508 1709 3880 991 3989 3770 1065 7090 5856 708 9397 4251
4720 6999 6566 8430 1495 739 1319 2738 443 4643 8330 2896 5000 2328 3978 3961 4987 8614 9151 6535 4317 7812 9322 2557 2744 8291 5938 19 6433 1179 3343 6067 4299 8749 2122 1096 7144 105 7925 8650 9778 6375 7431 4754 4601 5150 6459 5579 9475 5734 2557 4132 4627 8425 8893 898 7475 347 1634 1744 4435 2407 7056 2647 3520 952 7930 5732 9784 4391 1884 4582 5692 9935 2936 3752 760
5700 9397 7134 7347 8645 7533 58 475 4675 1302 2149 1207 3355 1052 469 3961 8578 8493 2656 1675 7822 2659 3591 9544 4821 3964 5644 8632 9874 8222 3 1636 2916 9547 5076 4057 5310 6562 7795 8122 8845 8435 1819 8196 5188 6441 7135 1099 5613 7228 1609 8688 3770 5748 5751 6442 3198 9478 4762 5662 7606 9534 244 2078 4213 532 8636 9437 2234 694 5848 2604 586 896 5757 3016 6429
482 6832 7850 3973 4694 6212 3031 702 2707 7741 6820 3493 1216 4501 7294 6742 5655 293 7746 3535 4918 1906 7066 2839 6814 1522 4633 445 6451 1320 5035 2980 1332 8911 2626 4594 8811 3156 1639 1837 5686 9271 1765 8889 1187 5838 9136 1141 2701 3642 8102 2405 2285 4171 7276 4600 5985 7231 909 3439 7811 8380 6392 2030 6606 5551 9260 7840 9001 5058 3636 8944 7574 6972 8196 6212 8390
8119 196 499 4777 2272 5455 7372 5677 2267 2616 6143 4517 410 7519 7291 6881 1200 7048 919 1732 3513 2713 2612 3061 9934 6092 6942 1214 914 6084 3232 9809 2999 6511 5305 355 7480 2206 9010 386 7361 965 5188 480 1755 9701 3320 7574 3049 9592 5135 6970 9568 1843 4759 6531 1079 6580 4522 5920 5824 7795 199 4335 5734 4845 9391 9846 5050 4042 7279 1063 871 8163 5208 904 3259
4725 3034 917 3839 2179 2791 4357 523 1930 2831 7468 7892 4549 4099 6232 3334 5215 5471 8415 9810 1605 4192 6708 5776 1711 3382 4540 7327 8285 2872 5485 5998 9472 3340 9240 6249 1395 9524 3141 6613 3570 4071 8865 7079 412 8300 6117 6682 973 5617 6712 9973 3595 1363 8731 4505 8452 5215 2532 8005 5464 9181 3071 6277 7759 4253 2313 8101 5732 930 6409 8821 9182 2781 7540 4608 5422
5518 4761 7885 7972 7768 5850 4059 2635 8269 5240 1048 729 6313 5770 1415 2526 2201 2368 3840 4510 3240 3818 2530 3499 530 5314 504 767 3944 745 2491 8611 6627 6502 1000 50 9643 1625 3764 7604 9620 2674 2296 5323 6849 1111 9069 857 5385 5925 6940 3391 5767 2573 6610 751 67 3653 199 9681 951 1903 8986 8801 8517 4373 2575 9250 7958 8570 5935 6499 3133 4842 3106 1702 3412
826 9351 5859 7624 2080 8506 2410 1873 4573 6718 3976 9379 2728 9982 4392 3235 6335 7705 9065 9091 2169 3333 6601 2737 4356 6361 7704 5469 4416 1876 2140 2527 6580 9145 4366 2396 6778 2026 8200 2403 4973 2152 9474 4681 9900 1316 1351 5960 9769 6680 2211 3428 3071 4525 3037 1672 1156 5496 5708 1801 6082 5671 8764 7173 813 3428 3844 3079 1 6668 9046 7861 7786 8783 324 6502 1985
1978 3389 9007 722 6722 609 7423 8011 6855 6841 4941 2905 2161 5752 9616 1122 8435 5406 4215 5426 1737 9226 1123 2539 8283 1966 9282 7685 1998 1468 643 7825 46 5699 509 8504 7103 4621 3463 8564 6274 5949 544 9118 8301 7822 1369 8503 8751 8222 7036 5455 4066 2074 1178 6202 6229 1921 2725 6467 7003 7285 8711 6700 4589 8889 5410 3456 770 5366 5017 3388 5486 490 3327 7629 6049
6078 1063 1089 6371 8142 1011 9421 9955 7877 449 598 6733 3424 397 4803 5962 5738 8284 2755 5350 4947 4856 3672 8529 6521 7405 7206 1123 2956 2806 8383 8701 2240 396 216 1271 8531 1200 5974 5830 2836 804 6651 7000 3640 9875 8395 2856 1255 2562 61 72 1948 2476 8959 3948 457 4653 8278 8903 9190 6970 2167 8896 9151 9397 5556 1909 1893 1349 59 3298 2773 1765 8064 2944 3502
8095 4225 2611 3034 3346 6539 1285 443 1030 3725 4234 2113 4659 9274 8668 1047 859 4687 5627 6071 5212 4293 3516 5017 1 8911 7546 3115 389 3513 6996 1095 3185 1046 9254 9343 211 5100 540 5811 4105 9202 6986 7433 8617 9166 1854 403 4501 714 5917 9406 625 5372 2512 8023 6529 2032 1576 7155 6977 6594 4944 5428 1998 4108 2072 5233 9385 1126 5323 5894 7438 8014 6643 8917 5546
8281 5656 5302 5185 3568 6634 7723 6306 3187 7897 1890 8390 9162 677 8407 8410 298 8581 3941 5828 7354 6328 3891 3950 8306 2488 1992 4007 4624 451 7310 5671 2465 5098 1085 6208 7362 1702 9703 6425 6638 1512 4494 3687 7001 674 7302 6013 9724 1971 2953 5663 6667 2581 6215 9292 7916 438 5145 5657 352 8566 6992 1378 9730 5259 8075 6328 6358 919 9594 3876 3943 9505 3394 9574 8470
2484 7976 2064 5424 6013 631 8430 9681 5146 7216 3212 3732 6970 9365 7353 865 3793 7497 523 7768 5588 8878 7864 8638 2115 1081 3925 4175 5212 1459 9145 595 4429 6731 9934 6122 7453 7840 5812 6296 9010 397 9706 1431 5098 8284 4988 8061 37 2508 8926 7215 4207 6095 389 931 3925 143 2426 2169 4147 2847 7410 8332 3416 8677 6841 4335 5739 6563 2227 5655 8454 5985 8616 250 588
9906 7538 8986 3389 6844 5968 958 3895 6800 1665 5484 4438 3923 5561 6438 6859 885 2863 9883 8275 6016 1376 6136 4952 1703 9815 3093 826 1447 1014 3420 8038 1044 4917 2161 7374 1803 4399 7428 5917 82 11 4489 1516 381 4843 3643 8556 5313 4768 8218 6271 6517 265 2493 8614 4329 2172 847 3347 7755 2620 3196 6815 2413 2674 860 3257 3121 1386 4850 3682 4884 463 2934 4542 1212
5275 5236 8146 7452 5699 1817 7300 1909 254 3745 3389 8916 4423 975 5215 3915 8058 7744 4594 4148 91 3640 8011 7006 7063 1184 2621 9847 8179 7327 5781 4084 9103 6832 5632 1374 9963 3297 7887 5595 9206 9098 9651 6405 3093 9315 4528 7993 3280 1711 8305 2710 9119 3802 7459 787 1127 886 1398 6037 3645 1364 8384 7568 4027 375 4172 3813 7984 5143 2016 5261 2728 9013 199 5340 9601
3108 3106 7723 8651 510 2101 5122 3651 8526 3790 9694 155 8697 5863 1999 8185 315 7164 3707 7522 455 4499 6403 8227 3616 6305 3940 5107 2313 4103 9179 8002 9550 6832 6842 4212 45 9410 8185 9233 6439 203 8201 5149 8161 7901 8779 5377 2876 116 5192 2855 6766 4819 8732 9679 3645 5427 4522 532 4236 2872 1863 6610 6920 3918 9893 1079 9978 4966 7255 4762 8562 4060 4744 4015 2647
9289 2734 1277 4995 3873 6499 1615 2128 5077 7746 8069 2515 2266 2888 6337 1879 6200 3334 1432 9892 7876 1527 9505 8810 9304 6798 911 3318 7354 2693 5486 8506 5293 8909 7843 7870 5313 7806 5635 8784 1819 1118 4071 9004 8950 1706 495 8087 9424 3796 4675 3901 8665 1967 7489 1077 2542 9584 202 3675 7123 1882 5527 5025 1240 4447 8555 6624 8514 2575 388 5420 2195 5446 7566 2624 6553
4771 2674 9500 1979 9865 3229 2579 3031 6916 4558 9199 8949 2577 9764 1113 7134 6231 7430 5379 9055 79 5791 2905 3985 9955 4464 4700 8564 4545 602 9346 6598 6526 9604 128 5632 8223 1120 8775 7384 4645 6028 5091 5133 520 5677 6535 8887 9364 8497 5653 1018 1441 5533 8158 9571 5534 1816 4636 6174 4236 5664 7333 9723 7728 1093 6130 1817 1213 1737 8928 5414 3080 7732 2417 4778 3484
5534 4717 3925 5641 2405 8361 5712 6280 1852 7003 4214 4091 5894 9105 2919 1923 772 5503 34 7077 4807 2630 4388 1516 1268 602 2279 8632 2663 2688 482 8243 5495 1508 820 1213 6850 5974 8152 4572 7270 8585 7587 1189 1042 2449 2686 4412 8265 3988 8998 9445 1721 1536 397 5923 3098 9401 7711 1926 6580 1080 8042 2334 5859 9612 1200 1662 9208 9119 8605 7869 5395 3676 1291 3664 9253
4185 9778 2949 5940 1153 3879 7040 9637 8614 7540 7332 5664 454 9620 795 1160 355 2034 1378 451 3277 8174 3814 7300 9085 947 8689 2786 5102 9006 3021 6073 9850 6013 4947 2866 2188 2135 1714 4962 1704 66 3591 1376 2665 7696 8491 7976 9297 4060 3799 8749 1042 2105 4589 793 7173 6391 3862 732 4924 6404 2987 6238 2275 3427 5427 4681 495 1545 7813 4066 2584 2533 738 2712 5038
3672 7394 1063 3610 5319 7888 256 2611 1543 6614 5305 8641 990 4232 1846 4387 9947 875 2205 201 3107 3313 477 9442 5203 4445 9807 757 6343 8058 7276 2082 7246 7674 7012 7448 3682 7318 2929 3823 3825 2625 8274 1972 2905 1422 8786 2238 1079 226 9591 2263 6589 2611 68 1657 4771 7459 9686 8986 1406 6059 6144 2312 6601 6454 3812 3377 6511 2381 8976 1414 6535 2816 8128 7465 258
3788 9756 6225 5699 3297 3723 6007 6295 3958 3994 7281 2161 8002 5836 2050 1404 9409 3718 580 6130 6428 4474 979 5421 5941 8307 7453 4902 8821 9025 187 9483 4105 4582 430 5523 895 9891 2278 8065 6125 7188 3674 1866 658 2179 1180 8262 9844 7207 2025 8883 1805 8625 2523 3662 5327 4186 4640 5412 9406 3034 5732 9495 8318 8734 565 3506 3297 2776 9936 2533 7052 4400 8959 8417 7947
30 3022 5104 9945 9939 9328 3760 9918 8056 4511 9552 874 6317 2710 5725 2720 272 2230 5977 9860 2365 4808 7558 6346 5464 4887 535 6534 958 136 6247 2598 3297 7349 5997 9466 373 3223 6352 2869 9002 2659 8270 6442 7206 8287 3651 1905 5192 524 3744 8917 4372 569 4114 5740 1486 6383 5435 187 9174 8630 4338 8935 9384 9495 3342 8557 1277 3719 7723 9798 1135 8178 816 6257 3679
572 1946 9766 6860 8765 256 3964 2912 6688 1847 7243 934 2834 4423 31 3645 9811 7461 9175 4272 541 3378 9739 8092 849 8383 4464 8303 3055 4849 915 1861 8767 8331 4027 8641 9184 9430 6529 2188 1894 4190 9901 5103 2256 8749 8979 4993 8998 909 9512 7453 22 3938 5817 504 5969 8592 1225 2213 7313 9431 780 5459 4576 9314 3331 8526 910 8515 6229 3278 4198 3748 2570 6657 2920
8254 7804 6084 8314 1414 7021 6748 1419 5125 3469 911 3433 2568 9521 1550 8854 5960 5644 8896 9622 7855 4342 8485 463 8350 9263 4537 7397 7690 2215 9586 7363 9250 4643 6319 4058 1123 4591 1291 7239 1669 3883 9171 8216 7438 5407 616 2506 6949 793 3173 4352 7756 1724 7156 4835 4464 466 1262 7314 4840 3554 67 2639 8221 9406 525 7321 8327 4846 6263 7668 1909 980 1886 1858 7959
7320 6227 6874 9822 5555 8167 8826 3850 2935 1996 2796 9286 1729 7869 9541 1661 1468 6721 2468 7333 5731 4962 5338 1716 752 3363 2197 7842 5545 8632 443 4780 2432 2938 4340 3397 3304 9208 3169 3752 6745 3604 7525 963 4297 8592 7189 2500 8471 9490 8038 3815 2401 3268 8713 4705 9258 5488 1115 9670 3586 5428 2425 2062 1711 356 9156 8503 1774 1101 300 8690 6262 4601 7486 5161 3681
5498 1774 4448 5176 280 7657 1516 4638 4756 4100 5458 717 8721 4345 574 7644 5011 4960 6148 3385 4021 2755 4728 320 8404 3459 9389 1927 7470 9797 3709 4540 2206 1212 3739 8999 3219 5611 7549 7561 5622 600 4991 9703 747 8602 5431 2629 3844 8482 4621 9433 9885 5424 9433 4057 4154 2602 5937 2397 5281 6799 8848 8975 1097 3097 2118 6471 9343 8064 3277 5923 9318 6369 1764 5569 650
1838 4792 6645 1716 2158 4386 9091 298 379 3388 9664 5974 163 7043 8344 5931 1720 1498 8506 9394 5239 877 2497 4024 2419 7408 2674 4463 3069 7713 209 8195 7330 8059 202 4797 9293 6706 9904 3889 3277 1301 7598 1284 4057 5032 9325 9080 7876 9528 2608 425 9216 3508 8752 794 4293 5449 9248 9506 2734 9043 3331 6574 9314 2498 6367 7983 5335 9538 7686 2703 1904 9939 8546 8400 449
1181 475 6229 5275 6313 3349 3631 7923 2173 5965 4663 9012 4066 7195 8458 3071 4541 5773 1230 8174 4573 5548 1436 4511 5153 9961 6359 1978 6178 4398 8834 7315 8182 136 8081 8579 4114 898 1423 7558 2980 5764 4594 3565 420 9764 1828 7661 9531 8900 4116 2805 8065 157 6771 2694 81 2058 6523 3606 7756 7165 9188 6742 5959 837 6567 1012 3518 3726 6478 6499 8119 7021 5514 6562 8690
1342 4671 3271 8716 5853 9703 3220 7405 2437 9633 6088 7849 9982 5234 9535 4318 917 3185 8293 1299 4798 8658 4258 9460 5656 844 9682 7030 9983 463 8255 1533 3192 7552 8410 7541 5401 1694 5347 1270 2208 9862 6381 1237 1267 4255 1154 5293 9607 5985 2674 2239 1051 7584 7075 9922 5479 8838 91 2830 4927 1904 1479 4857 77 2158 7608 9460 434 4074 3061 5065 6958 4858 9763 8764 6711
3305 9823 4214 2351 2251 649 5653 2263 6385 997 2158 3549 2321 3088 8425 5494 7798 3992 8576 8727 4913 2617 7894 9730 3808 5329 8493 363 3664 8416 9903 7712 4411 6374 5569 8196 7263 8217 94 8218 5997 6221 4312 7535 4053 3790 7071 6371 37 9037 8407 8299 2040 6261 7031 9177 4042 3980 5662 2516 3262 8814 4780 8097 676 454 5626 7042 5548 1298 6882 1738 1139 1348 3041 3748 9543
5013 3616 8449 1702 8131 1057 6814 1756 3619 6364 3378 4121 7212 6370 5803 1461 9473 4159 5636 9133 1220 5306 8703 8228 5302 2080 6301 5699 6551 799 2440 7579 8106 3028 5420 5950 9710 2047 4600 2319 7228 8470 2193 1494 9502 4187 1954 6985 2899 7732 2468 6691 4836 2212 7432 6124 9373 732 8653 2137 4561 3219 147 43 7720 2388 2670 7199 4546 1076 6724 6591 9076 6569 4110 6199 9455
