72
1846 2791 4217 1 1342 2098 4604 8240 4455 1018 7490 1660 4803 8872 4555 7151 9981 2584 3713 5395 2456 1651 8590 6949 2881 161 8982 2146 1036 5266 6819 4077 4468 5207 7486 2586 1780 910 5761 614 9696 324 5580 4537 8584 661 5689 7381 4243 9376 6201 1933 892 1584 4040 4346 7330 2575 8898 1204 5325 8768 4162 4870 4410 7778 2900 9647 2536 5793 7577 3520
234 623 5391 1882 4218 4244 6969 175 1589 1822 652 8185 7072 517 1178 5163 6326 4326 838 7231 6594 8251 1456 2454 3918 8842 9859 5590 7534 3136 8326 7683 4093 2534 9516 2256 9046 3532 5952 916 6418 4488 5623 9263 1 4095 5287 8914 3783 5041 6831 6180 2780 3746 541 7774 5234 7051 5267 7795 9719 8895 2728 5969 955 6898 177 2011 6888 9964 9046 2359
1753 1388 167 928 5512 9418 804 4909 2261 6353 3562 6867 3037 8190 5761 3931 9024 7816 6733 7523 818 6967 2809 5639 7098 5468 4057 5622 6100 1003 6976 7819 7336 1468 6432 2350 6971 2134 4225 6036 5866 4913 738 3864 9436 8560 9495 5937 9692 9904 4804 1465 4818 1801 3068 2941 6722 5441 382 508 5443 9544 8254 408 7379 5419 1585 6946 388 1477 639 3448
7269 6082 2907 8890 2917 1238 2308 1321 7576 4710 8662 7659 5149 2159 6718 5470 49 1661 8283 9829 3220 6751 9506 9561 685 5347 7669 3469 4003 4667 2575 6787 1477 7052 885 9495 4045 7834 5617 6152 1261 6439 4228 5209 3073 240 6802 8785 3994 6715 8833 724 4210 650 7916 2240 9653 8148 5917 4069 2432 3768 5009 1585 2344 4446 1558 2443 496 2960 5418 3822
1370 3367 5320 8200 9663 7189 6363 2341 1374 564 4464 8434 679 4307 2342 6613 1215 4987 3916 6946 4267 9776 6526 2869 6129 6197 3070 1072 4445 3576 7615 8992 4122 3066 1 9180 9896 964 6661 9113 8075 8965 3909 8093 3253 4150 3871 5158 349 8724 2983 4357 6114 1344 7484 1231 1930 7093 636 9595 3766 5331 6266 4438 2620 1256 8914 9624 148 6869 3190 2734
3773 5631 4072 6242 1421 1565 9835 5764 5827 2567 3234 3949 7651 9744 5862 4703 7675 6340 7183 3206 9156 8184 3447 6262 4387 9208 542 1213 5317 4302 1131 1157 61 1116 9746 8933 8773 2115 4555 8734 508 1460 1200 640 967 5864 3691 7832 1822 9876 5840 7666 4606 1260 1834 7723 9596 8401 3488 760 9499 3153 7339 2599 7391 189 3162 4459 813 8206 8965 559
8947 7997 8065 4578 3940 7371 7019 8126 8326 9197 9018 8938 5434 6223 4102 7613 7629 3607 107 5905 8308 2302 7797 9703 7385 2329 939 7046 988 9714 391 7580 1092 4966 7966 6216 3778 8326 1918 7120 1631 3835 7525 1025 2263 3268 9874 8014 8797 3871 5908 9254 3792 2224 4147 1515 4458 5487 5339 7789 6988 8317 8857 5242 2844 4122 9378 2573 5941 160 8885 4630
1095 923 720 3331 5594 3499 7516 8890 7172 3312 2245 5842 5890 8155 6505 7862 2683 3280 7900 6515 9531 7297 7593 1452 7132 3457 9855 1323 5572 6261 7897 9874 3116 4681 4112 1154 2498 7835 2723 148 7569 2934 475 78 1512 9384 789 7943 2914 507 6337 3040 7338 4602 7855 9309 1736 6483 4654 8902 1465 4227 9433 359 55 7680 6166 3403 9241 3273 298 250
5207 6910 1864 8198 1556 9067 6307 3532 3293 4663 8422 7966 2170 7813 6057 5866 1265 8023 6940 1423 5455 6486 7160 8459 7992 8805 2078 8101 1854 2641 7811 6008 6811 8182 1531 7399 8641 6579 3407 9498 4454 4182 265 767 5308 7804 2188 5979 7575 3178 2051 6661 7417 2892 6668 3104 1046 25 7580 145 424 8565 6203 6590 6367 4082 1737 5760 7793 353 5455 2644
5358 245 7833 4869 8599 3913 5833 5929 6957 5443 7930 8860 4188 8980 2548 4231 9865 7942 7663 7777 6031 5702 5842 3454 3694 6531 8818 6733 6028 5780 9187 7947 2383 5473 940 2587 3511 1843 1027 4896 4209 1420 8283 5252 8308 2547 6318 1403 5029 2533 8720 7336 1742 8346 3944 4829 2001 4798 3070 1216 8768 5857 5229 7188 1586 222 1368 4230 2356 4123 3829 8659
7669 5354 5938 105 3245 3384 969 4377 100 7874 669 5651 5302 4988 2806 1807 1828 691 9604 2898 4775 6774 2264 8699 8811 2840 5820 9405 7142 3151 3363 577 4522 631 4213 358 9922 337 2179 8269 484 4146 2152 9199 345 3077 8122 6865 2095 1451 2629 1398 9127 5314 6359 577 1317 3982 5908 3659 6779 4985 5852 9424 3843 2212 8905 4951 1570 8182 9019 8776
1058 7795 8128 1205 745 7810 8069 1950 1915 6310 1978 3575 2694 1782 3970 3522 6940 9268 2665 940 6226 8172 7063 6961 9029 4780 3566 8809 4885 9499 1990 1564 8303 5986 7084 7040 766 2935 1363 8038 2639 7929 8453 9345 4069 8384 1231 1266 1090 2189 6403 6421 4104 669 1645 8110 5842 4237 8623 8823 3568 2112 9856 6668 814 5329 6797 7936 2960 490 5710 3795
8155 8407 8539 9428 6273 9085 4042 3358 6467 7140 5044 1937 1017 194 3874 8788 107 4123 6553 5840 8779 8147 902 1816 6194 7565 2465 4512 1144 1881 5248 6778 8447 5239 6166 6095 7344 8183 1952 6876 2467 8497 5923 2381 8816 7457 813 7799 907 2804 4881 2521 3733 445 4624 1045 7184 2047 3754 3847 9175 7422 5134 9307 1757 9295 9484 8542 2641 8917 9274 8533
8935 7153 7834 5979 7129 2827 955 1283 281 7955 7685 9703 2791 1958 7114 1476 3068 5555 4633 6579 9787 4391 2106 6955 4748 2368 8020 2872 716 7807 2599 6340 3128 1008 2973 4708 3259 7870 9733 6745 3466 6468 6106 2063 6351 943 2222 9588 5216 3903 5840 9675 9895 3075 5321 5378 5512 3901 1255 9500 6458 1740 3224 1950 693 8086 4126 4852 9637 1176 155 499
7727 1292 6800 5932 7978 1438 8359 4309 9886 5473 622 7786 8060 2476 7624 646 2286 1450 45 4597 4156 3004 2197 624 7177 516 2710 5641 8830 2161 9376 784 6584 3161 4258 4528 2735 2395 1339 3261 3994 1864 3379 1249 6616 5953 1493 9018 5681 2384 3458 2308 2598 2168 8479 366 8009 5427 4706 2675 1136 2503 1121 6689 164 3274 2047 4951 6436 2809 4849 4657
8185 2829 7525 3691 3158 5572 3777 7150 6196 2996 6406 1369 8318 7206 119 6787 6916 5416 4366 6499 9946 5711 4168 1284 4447 6040 1613 2141 7380 418 4861 3541 1277 8980 9214 3091 8262 2181 8471 7687 4255 2491 3301 2585 5059 1179 9310 3877 9449 8284 8108 3829 2146 1266 5354 4467 475 6382 4951 1109 3826 8210 9365 3839 1463 8924 5620 6190 875 7195 820 8919
2020 5116 5159 7175 2804 2108 4637 7366 6941 5211 4066 4000 5577 1844 9267 4022 2575 6139 6853 7833 6866 580 1054 7090 2206 2698 4725 5606 2122 3379 4648 8295 1355 787 8263 3017 73 1864 5281 4877 5897 4131 3605 3817 9225 5847 7084 136 4912 9289 9559 3484 4312 4983 7833 2665 8755 7916 3580 6205 4890 9490 1510 7765 7332 1480 9883 5383 9252 5997 869 1633
5522 8471 2872 2916 8639 887 463 3213 5260 8170 2950 6238 5917 6061 2805 7521 190 109 9697 5650 4661 7048 606 7611 6799 7264 5275 4046 6196 8185 763 1 7641 6837 5061 8377 899 1511 2575 6853 9141 6010 8988 2525 1393 8215 2509 6433 6445 2197 6725 7525 8686 5917 5615 3334 2540 1909 5745 5131 1156 4939 2368 7810 8541 7705 1027 6504 7244 348 331 8863
5995 8746 6146 8587 5623 3851 7468 100 8452 7084 5108 4288 7132 3676 2764 8922 6478 1544 1464 126 5845 5519 3225 3496 1608 3043 1451 2209 6040 1795 8429 9013 511 2729 3493 5288 6012 3722 2128 448 8350 6545 2632 2011 8286 5589 1208 8485 7833 9556 6082 5933 3772 8812 6724 8587 4267 5950 6132 5254 2899 7901 3645 1151 404 5743 806 9947 2406 3750 304 6870
4445 5747 5025 3290 2941 8037 4810 2899 5158 4776 131 5249 3334 8371 9838 5951 5518 6583 1423 789 5523 7597 9310 7906 9173 1926 3966 937 4825 9664 5581 8189 473 3565 1088 7844 9667 2407 3451 2467 517 7679 552 3975 8884 1231 1922 9427 103 3001 9835 6955 7978 9487 7938 9919 7077 6754 6707 9946 7194 3419 6843 9745 1498 9933 9003 5122 8182 8581 6323 2256
9617 1978 9053 8425 1468 9382 3124 7316 6733 1011 393 3196 3430 9669 6085 265 4042 7024 4496 908 3772 7702 857 5318 4758 9568 812 5636 4654 6310 7195 2570 6538 5624 6086 1264 8326 5671 6089 7903 6204 8005 6016 8933 8416 8740 7177 5011 6379 2500 6238 920 2701 6770 9181 5392 2799 341 7273 3768 5266 9458 3301 5554 5638 441 3322 1429 1168 1213 4154 8765
2849 8601 1112 5059 5977 2009 8767 8253 8592 6007 5338 7345 5931 7148 7030 9328 9701 1018 64 247 5365 9407 9046 8188 7327 7022 4754 5488 9937 1367 5321 2658 6518 5831 9418 7987 9724 7488 2098 9440 7021 4604 1603 7539 9694 12 2707 9368 9848 869 2180 9181 444 8867 7399 6877 4772 9248 9026 6856 7654 1958 7391 1000 1397 8990 8848 6157 6667 41 622 5165
3753 6447 8164 450 4944 9322 7119 6650 475 2561 312 5941 9427 4933 2284 2828 9275 5497 7069 7546 2206 9577 586 3367 9131 4983 4537 9186 8140 1415 8188 7408 586 8299 1460 3723 2790 6517 9201 682 3926 3172 8548 6992 4078 4111 2080 9980 9545 257 5741 615 9588 1109 9648 1681 9790 8998 3940 4056 4544 2962 1377 4144 3907 529 2223 4046 7096 8966 6681 4710
5160 6153 9919 7249 3763 9298 8401 7876 9037 9826 1386 6121 9588 4892 4951 807 7987 4028 1576 8451 7462 4018 427 8299 7378 2881 5972 5815 4928 5579 8405 7084 1885 5908 6500 5799 981 6775 3796 8125 8779 2305 3412 6018 8455 3802 9377 4528 1124 5904 4319 5380 2983 8348 1176 3632 425 9044 75 1594 693 1331 9210 4610 2786 3191 3352 9010 9588 2509 9378 4126
4610 9988 4489 5344 717 4516 7043 719 321 9349 1357 6850 9404 9451 9552 9723 444 3054 2100 1102 1219 6999 4199 1641 7093 7672 7093 1576 9890 7552 4939 4099 7589 954 3123 6010 1 4416 4861 6283 9045 6433 937 91 1409 7171 7543 5897 1453 997 5620 7429 6124 3280 148 1552 1773 1959 8479 9512 1679 8583 4769 4856 634 7882 7928 7990 433 84 1510 6353
3279 5689 3565 4753 8404 2958 5341 7531 4031 1568 6970 8896 6601 7109 6102 5688 9337 4424 3378 892 5518 1081 3306 4797 6076 3934 6454 8788 1264 7026 2043 6535 8731 5443 658 4786 3019 9329 964 8257 4064 4582 9424 6379 2728 442 1131 708 3295 6885 9867 2714 4621 2602 2614 5517 430 5977 8667 9869 5180 4357 3941 5194 2450 5002 46 3330 4287 5191 9544 7159
473 3622 490 5796 9775 7060 4205 2465 3598 1242 5068 2684 5434 7712 5404 8808 6172 5941 5644 9235 802 8263 1065 1261 1255 5725 3511 7645 6997 4282 9254 8812 9046 745 5790 9448 6850 9598 2223 2434 8795 1366 155 8481 8550 3422 3385 2137 3344 729 9547 91 4042 868 5230 3916 5997 6703 8245 1560 7482 7219 2728 2563 9516 9397 3472 460 1811 4750 2547 1453
5809 5642 3290 1948 5518 4597 1201 3884 6806 4837 8119 9646 5553 1819 4366 2401 5922 2560 570 7876 5709 9820 9001 2201 1222 3430 9340 749 9110 8658 9598 8382 9745 2050 4066 3784 162 5221 8807 4040 8803 8896 9046 2080 7118 98 7957 5556 2303 7265 8537 8029 4139 8243 8577 4123 3074 1927 6139 8175 4136 9175 2440 9853 7489 5593 6400 3958 3571 9010 3474 2496
8344 7500 6264 7414 6806 3877 4915 2657 5986 6559 5014 355 7171 5518 3973 220 9501 313 7419 5381 3026 2836 8867 5512 8863 9455 7687 1571 7237 8532 4783 3751 3023 8335 8096 5881 4762 2818 8141 2226 4519 8666 81 6805 2939 133 475 703 3666 6566 4983 3137 2286 2983 2011 1901 9446 5750 2610 5040 7033 5286 7905 7492 7990 415 1200 4675 7371 850 5642 4609
1750 8082 9067 7111 3123 2134 1652 9951 3631 4996 3235 5284 67 6388 4658 8250 4555 7876 2986 3363 527 2382 7021 9498 9572 8719 4929 4543 1352 5343 7984 9017 8783 6226 5329 9758 9875 6154 9244 10 8611 4317 5600 4665 6428 478 7203 2145 1926 6490 7168 4766 9000 4658 603 2638 8125 9402 3202 9059 3132 7531 4674 8392 1717 3554 8725 2192 3403 7030 3268 1014
8936 3010 1870 3996 2099 3392 5661 3795 5914 123 9575 7375 638 8899 9478 6322 1720 9937 52 1275 4135 6436 7437 6292 6244 5602 9274 1288 1168 532 5248 4269 4363 6016 3035 6355 947 3358 6073 8316 5347 8026 8283 857 5380 4594 9472 2739 1585 58 7727 9676 4357 5684 4486 7891 3447 4575 6657 3255 4641 2506 946 639 2899 1261 7411 5011 6347 6010 298 5371
9753 990 3004 1645 7228 937 815 5248 3845 9880 1737 2945 8647 7560 6183 5932 2556 4447 5490 7549 6407 4054 6568 2037 8035 2872 1033 7526 1249 931 2893 256 2386 6633 154 3990 6078 2884 7371 9029 5820 7949 3888 2962 1786 9349 7858 5005 9652 5812 8597 2749 1651 3331 9123 4709 4402 4795 793 8324 4761 6195 9118 5471 1175 1807 2122 9823 4301 463 1499 532
9898 6752 5572 8220 6021 6964 3326 5120 3936 1420 6589 7931 1777 3391 1725 4591 9576 5469 3861 4778 1276 9086 1090 7971 9979 2563 2538 9862 9770 5834 4489 428 4069 6756 1253 3019 9754 1315 6220 6931 5167 9109 1882 3481 3576 2705 4011 7153 619 1693 1917 562 1717 4647 8967 5753 9439 4034 8800 8339 2478 9505 5573 1668 2912 5281 8598 3017 6721 917 1193 6193
5974 1061 3427 9136 5482 850 2036 3186 1616 9901 3838 1438 4679 5743 4231 892 4203 6361 5786 8483 1013 523 8245 5230 8239 371 5308 3685 1378 2058 3469 8240 9427 1408 5791 9103 2032 3477 8326 8297 9665 467 6589 7282 1653 6265 9483 6045 8804 4903 1076 7349 9285 3493 2002 127 4704 6456 8173 265 4417 397 9577 7667 8175 9720 3437 6723 5699 9340 1993 8961
3175 886 5325 3514 8560 862 6371 8815 9107 6436 3659 5022 6745 7201 7768 1382 7635 5637 2691 4672 6073 4098 1528 5138 3904 1351 1299 5096 3491 5700 7966 847 6958 9805 5720 6392 7778 7444 3713 3042 217 9464 8526 3113 2471 5462 6254 4242 7778 2162 4139 4790 8878 8221 6008 3943 7709 3149 336 8650 478 5685 2875 6944 329 455 3372 4133 9280 6592 5266 6895
4456 1721 1570 6601 1318 3619 9180 3582 5170 133 289 560 9743 4997 3345 559 1846 8152 8104 5701 3478 2122 9540 6513 9055 6220 5608 8155 36 4294 9006 6907 4533 5157 9835 219 7386 4189 5388 727 8900 1422 6032 7583 8256 5812 9508 2767 2363 9719 2114 7876 433 5021 8798 6877 3796 2346 3937 3476 5455 3414 3433 6933 691 1518 4536 7873 738 1634 9118 8062
9538 124 7435 230 364 4984 3511 9565 2564 6335 8851 9379 1271 2331 4127 829 4889 192 7489 8940 3597 9526 5380 4073 8143 4420 5769 2600 8030 9178 3902 4678 4192 3166 5257 2837 3907 1002 5062 6844 3616 7337 2894 6844 9472 376 504 3944 5305 463 7415 2242 1429 3505 6085 7427 1009 9829 2395 9262 3048 7066 271 6515 8280 1555 6439 3741 714 7288 8811 907
9802 3557 4811 4053 6553 6953 5857 3894 7410 907 9172 759 8795 7903 73 6707 14 1522 6390 5065 437 1216 4476 9394 4710 3332 2671 7365 7570 6782 5054 9948 8746 5878 9091 5607 1942 6411 9806 3943 3523 7289 3906 8279 6461 5795 9340 3515 5254 4695 3720 1903 6022 6169 1816 5329 9700 4001 6063 4219 6649 1450 626 2854 3247 8981 5473 7825 1313 3096 2267 260
4600 9832 5735 2656 693 7681 6637 2849 4621 1411 5981 7786 5392 1794 4627 1158 5044 5578 4161 8757 8011 6031 6209 9025 5149 8896 7780 9415 3772 3415 463 7756 5905 4778 927 6467 7926 6633 6550 9486 8295 1087 3301 2674 116 4474 4052 9944 2390 1629 2815 3616 3112 6397 6608 9450 3727 7160 9922 9725 9412 6295 6491 7661 7537 5171 824 1117 4753 1198 7285 6472
9640 8650 4200 4564 7246 9241 4841 8696 8333 6174 1302 1068 4463 7981 1550 5446 4796 2953 9184 6541 2498 9349 9397 8542 101 45 2736 4978 5063 3549 1680 5771 410 6364 8503 1738 8214 4963 3481 4007 1186 279 2147 4951 9505 2386 1367 6231 8042 1828 172 9748 2498 2275 9000 7041 1059 4057 730 5113 8031 1196 6634 1228 4839 3172 2863 5353 9622 1459 9902 3400
7857 5628 5617 3397 1031 7487 5773 9396 7779 6949 659 3712 5570 9643 6961 9510 4060 8596 6265 3019 3950 9349 1833 9351 3381 1394 4285 9524 8315 7373 6436 3912 4833 5908 2203 7140 645 3753 6546 334 3384 1833 4366 9893 5947 9361 1266 431 257 3786 8345 8068 6817 3072 2980 1500 9211 8871 5767 8954 2998 3503 385 4335 6625 5653 4327 1504 3515 1940 5974 2953
3928 8652 8669 298 9409 2275 2100 4093 6262 7163 9838 8021 1060 4774 8761 6925 7869 7491 2665 4184 2362 9712 5856 1261 7562 5011 1684 7328 694 8977 9103 7071 67 4070 4256 4080 9161 3937 232 3862 6227 7140 6949 7709 559 8685 119 3511 4641 3862 4240 9214 3058 3037 2161 3815 7358 3102 2039 3706 9304 1321 7899 6169 5889 8584 1976 4849 4512 9211 2587 7066
2114 6480 7440 4193 2449 9634 2537 7677 2417 2368 9396 4987 4990 2764 8584 4810 9457 261 6427 6643 6550 9021 1916 1626 8051 7281 3679 7723 6877 1135 4104 8900 4834 4006 7146 5672 2701 8871 1211 3333 5923 8632 3190 7538 3577 3266 8058 5815 6196 6695 1868 6375 7683 1664 2884 1531 6334 7397 3178 784 4543 1503 7912 3294 6376 3072 7057 8340 4938 7111 2758 8725
9658 3130 9318 3115 4585 4713 9229 5285 4891 1947 8877 2669 5800 1327 4272 9196 562 5656 4667 5980 5416 5659 4348 233 7627 6264 6153 6364 6289 1373 5014 5206 5320 2328 7060 5692 5953 959 9506 2240 9788 5347 9235 6817 5695 3034 9836 9785 6146 2047 3076 3502 1849 8498 6655 3727 6196 6883 9594 89 1416 9445 1891 4156 35 4354 7893 868 9155 1387 4774 7312
7605 4577 4460 2625 1944 9962 6484 6196 6306 9688 2835 5479 571 5512 136 5035 7264 1870 3988 9101 1975 9794 7399 7730 9361 2710 1409 7549 1789 7673 8455 2377 9394 2926 9182 5040 588 4444 6 2335 1278 6375 6133 6498 9361 2683 9398 9956 6102 2884 8992 1247 8867 8959 4901 739 7642 6638 9640 1138 2455 9472 7828 4220 8619 4965 9970 7624 9778 5454 9156 5860
2815 9556 7451 8915 9064 2456 1140 2411 2668 4400 1 2538 6094 7125 6061 9269 9897 4693 4302 206 7023 3256 6851 3810 4023 5934 863 6010 778 2323 8879 7576 7129 8326 8083 3826 355 4409 1816 332 166 5842 9217 5333 197 486 6055 4825 6316 8905 4126 1018 7750 8093 2094 4659 1666 5641 1713 5944 5935 8977 1315 2791 6901 6427 5307 9021 1369 1032 4339 3781
871 5521 6661 9049 9904 6510 3396 1857 3472 2121 9271 9506 1634 4333 1475 7494 8647 7009 1639 4066 9396 2151 2458 3916 6412 4852 481 690 9238 9646 3322 5719 3424 7498 9220 3772 9256 7846 1761 5585 9919 6630 2408 3201 2231 4169 6571 6406 1880 9145 4874 1877 9241 708 835 2278 4883 8633 7634 3466 7710 9009 3681 9558 1127 4273 7456 9589 3970 2202 2755 5770
9226 2995 958 5833 5765 2834 4879 4638 1213 1447 5277 7462 5638 5155 9783 9037 535 5698 2158 3883 3526 7990 4159 8128 6733 9671 4159 9202 2727 1725 3089 2971 2383 4441 7516 7081 7453 49 1010 8341 4742 9857 3575 7176 6768 3308 5239 1291 4552 7525 3037 5296 6606 9043 4381 95 2833 6616 5077 5820 8377 1135 2256 6436 6250 2953 5149 9988 8207 3869 8854 946
773 2132 7858 5993 397 6112 6057 7404 5362 5113 7296 2304 9626 8518 9631 9519 7703 5399 9580 7441 6890 9105 2880 6330 8371 4663 3823 8088 5275 8866 3356 2623 5746 6261 431 5908 2729 9874 1467 8908 3347 9876 4023 962 1726 375 6392 7689 8963 8338 2786 2516 9012 5707 175 4496 4286 9330 7664 117 3724 229 6008 4132 8639 5662 98 7264 100 802 1431 3918
9226 9748 2442 5470 4351 6334 4453 9081 4446 7210 5911 7568 7599 2866 2273 8233 202 3024 6441 1354 1 8954 8452 703 6217 492 7567 8040 2603 6667 8828 4687 7851 2586 2319 7548 7648 8113 6886 8028 1205 3758 8278 3614 9993 5998 2258 7123 1753 1796 3671 9402 6724 3478 2569 987 307 3460 7156 9206 4951 4036 6336 4825 1234 9067 2990 8163 9043 6964 7174 6476
1610 919 3300 6373 7450 4390 4819 3757 3331 4054 6439 6133 8947 1867 5097 4538 1414 9979 3943 1632 5098 4804 3842 2047 9748 213 4915 7440 7658 4859 2829 9345 4792 3142 5945 9787 6858 3911 3180 5728 6610 7681 5068 1153 6832 2245 988 6307 6377 8651 3844 9058 8063 6271 5968 619 241 9637 912 2260 3971 5844 9109 1426 6254 3961 6754 1027 523 881 3954 3984
4723 3746 2327 7745 91 3589 2797 1496 3819 328 9072 9140 8449 2653 4582 298 9773 8857 6100 772 7510 131 6556 8533 3996 2665 9820 1355 7852 2684 3608 1728 5854 424 6249 6865 3988 8501 4907 1514 8575 8137 4308 3021 9566 6497 7763 6208 6481 721 3202 6316 6989 3875 3084 4601 2594 5860 7656 8336 6847 5545 9832 8929 2381 4442 4005 1702 4249 9604 5140 4718
1891 492 7357 8611 3925 67 757 5941 3525 9015 6650 2658 823 2041 6786 6028 113 7381 6584 6556 1199 2642 1804 2602 7745 6058 8536 3748 1852 4540 6146 7444 8533 2331 9648 5041 7380 8602 5413 433 5110 2165 4799 4881 4606 6874 9961 6841 6357 8974 3899 6322 559 5855 284 1528 8755 2623 5877 3675 5588 3577 6675 1036 3701 6154 4148 3676 7690 6189 6402 7932
3222 7354 2989 3493 5702 2249 7521 7315 8455 9728 3324 5371 9967 418 8016 520 9670 422 2227 1764 7030 4420 1781 1285 2311 5167 640 5281 9817 846 3931 4126 3987 5005 8048 3178 1485 3301 3363 9045 9383 6469 5103 9769 9541 177 1648 8779 5744 9312 1274 5534 8551 5350 8731 6493 5311 4678 5566 5217 2333 3316 7511 1610 8698 778 5328 2773 4645 4654 3544 5426
5077 3313 3033 3094 6983 3336 4054 211 2875 5236 7098 3417 7970 7251 2197 8355 2858 7879 1477 919 9289 3021 1909 554 6156 3847 8423 7279 7453 331 9580 8701 6271 1758 3774 486 421 3997 6814 9899 4423 59 4522 5169 8722 1277 4941 1098 2995 80 8695 436 8511 3514 322 919 7663 2593 5688 3778 5410 1239 6728 6853 3224 456 8890 463 5300 2611 8041 6069
1540 2464 8250 699 7352 4742 5588 9764 2463 9256 6271 2611 9868 3442 7870 5440 6643 8395 3761 6622 2350 2962 2825 8323 8552 9505 9956 3187 2628 430 3320 8417 3507 7999 1878 5587 2405 5761 8133 5333 5056 2680 9477 7871 8439 8635 2850 7970 9535 2278 2062 3124 3329 7660 6234 5923 9248 3000 9813 7327 3293 3935 3642 1735 9274 6928 1483 2448 9358 3788 7819 2712
9989 4573 8305 8230 8944 5705 280 128 6442 3661 5175 2806 4583 9567 5497 4210 3910 2996 7192 2151 9538 3787 7485 3928 8740 9145 1 9275 1023 7701 9982 3577 3888 2242 9079 7507 7278 6823 4757 9604 6733 6703 6575 7444 1808 1156 859 7590 7749 2575 8367 4593 3473 9334 1606 5155 133 6656 8584 4789 9694 895 1892 8656 955 9133 7521 5452 827 7808 8575 6778
2313 9545 3293 3124 850 2782 9197 9889 8979 639 1165 8653 9232 8605 5311 8052 6152 3511 136 6384 3079 9934 7063 3729 4445 8746 3378 6114 5617 6707 6283 7492 755 6304 4143 1570 1882 5488 8646 2300 3862 6118 5742 1497 8260 3496 7624 538 5704 5773 1862 1973 844 2933 8207 9790 2897 6355 5859 5041 3663 5690 2089 720 1360 9363 9362 6541 7382 2901 6474 8575
499 9784 8286 7729 2908 7510 9824 8476 5016 169 817 2710 6111 3016 8029 6823 5470 1450 4186 2701 2944 9167 3219 3412 749 1809 6295 9627 9986 1189 4024 8308 7735 3495 2908 5104 8812 5386 4877 2797 8395 2339 8763 7023 4285 9759 9127 1277 964 343 3738 7990 7326 4808 2448 2665 1009 542 3891 6647 9711 2971 9265 1710 9727 7480 5488 2173 2692 2938 7327 9637
9254 5010 6689 1684 8708 4350 5501 7860 9614 8125 6656 1900 1532 4138 9394 3218 413 5578 2773 1960 3395 2281 3144 5711 1171 3829 1565 548 9754 6818 2773 659 3633 1012 8132 3030 7329 55 4435 6605 1414 8547 2318 5247 1273 1981 4830 6612 1499 4531 7769 3323 5419 1900 4498 8748 2066 3433 1072 2772 1519 3202 1175 6565 5030 7150 8014 5160 5038 2700 2564 7241
2269 9367 2394 8735 5580 7143 8989 2503 9105 6974 5054 9547 2181 3340 5552 1525 1153 345 8812 4615 8301 5465 9598 4171 8154 5941 8653 5509 8611 3268 1981 1990 487 7380 1399 6046 1170 8058 1038 6562 7840 6904 1433 8365 2509 4208 373 2236 347 1327 199 3376 8974 4835 8933 5095 3848 5588 6379 8064 3466 9307 5437 9397 5701 8104 9262 1491 5678 200 9595 9010
1906 518 9885 9982 7901 5553 6323 912 3601 8778 1174 4548 7046 1351 2279 1882 2404 7237 3700 2215 2998 2926 1849 6478 1960 2136 9865 6784 4104 3436 9676 8297 4009 3340 8494 8806 9697 6260 1001 4495 8803 6004 9877 3747 3846 985 7648 9867 4315 5175 8524 9541 5892 9516 2849 3248 7735 4225 2418 1646 8515 6499 5098 2557 9764 3571 2773 5261 6436 7147 1678 3070
9845 6715 1255 4023 1234 7081 3489 8382 4522 4968 4710 4222 6855 1963 9314 9307 5562 9352 7111 4286 9252 2679 5985 2389 8200 6319 2738 5811 4583 3532 9048 3243 8778 3076 6853 8641 4901 9581 8038 5683 49 5095 9725 6178 6461 298 4986 5291 7258 1567 9703 994 3991 5797 5680 5379 9546 3542 8220 7667 1139 6728 5251 7096 6849 1972 2812 2562 7126 7657 2091 6742
9230 9093 9295 4472 3844 1333 2359 1656 7525 9127 8459 2123 6703 4573 9043 507 7024 3927 590 5716 9257 5467 6732 2281 4712 34 1604 4781 1181 6058 4034 1488 3109 676 411 567 8245 7689 5743 5014 4087 8064 1390 132 1912 8974 950 2962 6073 8095 4032 4873 7696 9326 1429 2018 9433 31 7767 9827 2573 8256 9408 1638 8251 2707 6040 2885 3763 4216 6880 1045
9061 8389 2707 7069 6920 7679 6103 8818 2261 5275 6606 2830 991 5860 5291 5455 2751 1475 3658 7547 8260 2165 7338 420 8821 9263 4596 2814 9327 2077 4663 6357 3852 8724 5397 6644 2021 7821 568 100 1633 4294 5128 140 4957 6414 2575 5248 1501 6544 3888 4469 7936 6813 6130 5707 1465 4448 3073 8878 4884 4446 6316 4825 3261 3006 8569 5328 334 4294 9652 4429
63 6760 690 586 5323 3205 4603 4918 1715 6973 7424 9370 2081 7888 4267 9883 4687 3840 3781 9973 9166 9469 1000 5677 7374 263 4522 1662 6726 4627 7777 7873 4786 892 7583 8746 2581 7151 7208 8681 7111 1494 9904 8842 1486 5053 6461 8709 2051 307 5577 1047 1999 1964 8284 2026 4900 4241 9037 3509 89 2992 9077 2864 6263 919 9235 9429 2398 965 1489 5070
1487 3556 1297 685 6415 1990 7198 1218 6223 3509 3233 252 6714 4502 911 8539 7118 4549 5185 4049 8014 2665 3753 655 8757 9367 7190 3205 7570 2186 2319 1444 9209 1301 5253 3114 6133 2165 6487 9715 2656 892 5584 1362 2437 8040 6832 1705 742 1646 6850 1825 9659 7462 8584 6998 7603 5858 287 441 1337 748 8208 6325 7668 4258 8638 8060 7272 8493 9659 3136
384 4962 4256 9171 7018 9274 3301 1743 422 6362 1333 9154 6709 1564 2800 8911 7030 4872 1087 6930 1354 7676 3901 9502 565 936 3929 3785 6295 2212 7615 7558 9351 9843 2398 1099 1571 7408 5671 7687 3873 3238 7459 8193 8893 3730 3493 383 145 1567 8147 6454 7178 9586 3988 1 7030 1145 950 6535 7558 9211 926 311 5775 8270 4078 8569 4488 3251 6259 526
1675 3489 6139 2352 3316 6786 5028 8537 3466 3826 5083 6638 8290 4858 6697 3900 4366 8780 2627 8119 2505 8960 9555 9952 358 1801 9605 106 3745 1234 5224 5457 7156 9198 6235 4423 6522 7231 8883 2954 1829 6656 5621 2020 1494 3329 8838 938 2212 729 7927 7285 2942 292 353 3079 8731 6444 8974 4891 7731 3345 8517 5313 4924 2368 4445 3046 3318 1355 7614 6091
4768 479 2076 2476 9276 8623 1942 2773 3880 1026 7417 1579 3963 1242 1656 19 8413 5689 7604 6595 7450 4445 9109 3635 1351 2197 2851 5764 9152 3673 6118 2578 2629 2369 4124 67 6720 9712 7633 1221 4710 7081 3905 2107 8170 788 862 8621 7787 3673 5714 4282 1207 793 1165 4995 2182 5471 2367 436 1462 2695 9358 6656 5698 4149 4789 3718 5666 6637 8877 6407
5371 5669 4269 9746 5716 6790 6555 103 2453 1695 6190 652 3510 577 7440 6022 2911 1696 2029 100 4150 9679 3580 9718 6845 5880 8757 1407 8641 8929 7903 8974 9505 2026 1241 8588 7202 8215 9121 9669 5545 9406 5097 8627 8720 7236 1816 4531 4896 2947 7461 3637 6145 523 76 7310 1 4055 93 8034 2266 1936 8506 1558 5821 8057 8074 2634 5471 7782 5978 7226
8975 4371 6574 8447 6878 439 4516 3545 4631 4396 6446 5113 6012 6667 5634 7014 9158 9637 7156 4690 8092 4241 3851 1585 4462 5944 5491 803 586 5104 6265 5001 496 7894 8031 9455 2584 2642 1864 3674 1234 8026 4506 1432 3142 170 9668 8480 4998 289 945 9161 2135 7354 2748 2418 9970 7822 8419 2827 8548 3046 2314 8731 1144 8082 2289 9127 8701 3124 8872 9111
