80
6769 1756 3473 6081 4036 5148 6795 5882 5086 4626 6986 5855 1744 1379 9725 6263 8036 1 3345 3917 1690 5313 2585 383 6529 5443 2872 6859 7273 2384 7270 9439 7646 4906 5056 5041 2492 6326 4815 3067 4109 9316 1713 4318 8713 7096 1189 6672 2428 9940 5991 9701 2461 7766 6286 8146 3573 2328 924 2143 3323 9048 9094 376 5098 8204 6038 7074 5317 7856 1214 5723 5920 2675 7293 6499 5055 7921 4951 4428
7330 2890 5168 3676 6933 2520 2062 7426 3214 6045 6144 4488 4434 6790 535 4203 2930 5283 1153 8809 4324 8308 6265 3908 1616 8221 2212 212 487 5523 738 9546 2633 6027 8325 8878 6101 3003 1243 1439 5963 4119 3784 5857 8020 9307 1836 4285 1943 6043 6577 1769 6934 1166 7922 6130 4423 5392 1279 1365 3232 2044 9334 4350 9085 5388 1430 7006 2836 2047 6252 2080 9208 9059 9474 6195 2795 1397 1030 6040
4591 9472 5366 5334 9550 4954 2857 9010 5963 6267 5815 5886 6965 5653 1578 2248 3992 2102 9115 7299 9967 1327 7129 6158 8440 2743 265 7381 3682 9064 3895 6130 6458 3089 3039 1365 2425 4422 9352 5567 8063 1366 9827 7822 9080 6734 8525 9080 3966 4659 7357 9009 5581 8129 6437 6615 3862 3031 9874 8635 6337 5992 8084 3129 3818 3908 2524 5859 7173 5564 9406 1233 2890 9219 9484 2311 5924 9946 6238 475
2976 4456 7267 9682 1158 1549 9829 9775 4234 2469 5928 3801 6152 6203 298 4642 1387 9350 3350 2844 4273 3502 2245 1378 8964 2860 2457 7050 1133 9693 6067 2340 6814 9675 1554 582 536 3914 9620 64 3737 8104 8923 6985 5279 584 5593 6014 796 9238 4145 9505 5360 2060 1963 8542 2476 4815 2494 1793 9649 1792 5626 2560 8333 3183 131 7554 1096 5658 3491 8119 9899 4406 3725 850 7038 1679 6535 2668
631 820 4346 4580 1895 7936 9838 5870 8240 1323 6907 2455 9024 1799 8169 1619 3009 6235 2692 6294 7943 7589 6715 3787 6616 1108 319 4424 232 2476 7069 3821 2300 6140 5167 7916 3931 5026 4525 2660 4756 9402 9118 9750 9727 8713 6058 6832 2944 3708 5365 1948 3476 2008 3210 6883 9523 1145 8508 9448 7341 1549 4277 4559 9580 2234 1713 6694 2145 9685 8898 7271 607 5185 4741 2801 2092 7866 3232 6907
4690 2199 4528 8827 7984 2221 4247 8446 5386 8181 7852 250 8934 7401 5404 2162 4741 6422 1656 4699 3904 6586 3773 4671 1872 4357 4647 7612 2620 1997 111 7366 1789 7411 7552 4546 4981 1547 4877 2826 2218 5254 5605 40 2101 388 892 7134 9571 2949 4223 2060 2132 4756 8374 343 6423 2550 922 5340 4979 6485 1098 7883 675 9209 7989 8479 862 8229 7517 509 7318 9970 3224 7912 5501 218 16 134
8219 6068 9271 8205 7629 5955 8587 9175 5073 1285 1108 520 7295 2872 1922 4282 7003 6517 6361 6614 115 7465 2175 2073 6586 853 935 4852 9808 5404 2098 1422 7900 534 9037 6787 3953 8653 2293 4393 2413 928 4800 5896 3367 5881 4127 8714 9076 5180 9009 7129 3175 2953 4017 6367 7594 6099 1815 7236 3001 1480 6325 2844 5369 2977 6114 4951 7025 4669 4180 1120 2510 3613 2610 2651 2539 3423 5051 3879
6072 6744 5149 5875 2822 8698 694 5806 6089 5119 8692 8956 9208 2621 4876 5075 4071 4798 4876 6913 2735 5019 7948 8900 9448 3137 3031 2454 9340 842 9731 2410 3097 6711 3796 6454 9248 8200 8734 892 7582 6151 6486 4393 3670 7776 8299 5266 2443 3391 9982 8397 6688 7196 5270 7243 5529 7747 1409 711 2696 2008 4787 9112 4576 90 5536 6761 6005 595 8732 5425 8504 5113 1434 5470 1404 622 6868 7516
2436 352 2256 9406 8014 867 1941 1447 1929 9604 1013 4090 7939 2560 9349 173 8122 7166 6882 3485 1944 6931 9168 3334 5311 2574 6865 2878 6249 331 377 53 2401 8096 3412 1208 3658 5509 8528 5886 1073 1346 4259 6832 6760 1168 9550 5656 9878 7141 5772 1124 5552 9595 5843 1108 6139 7016 1881 3241 9773 3709 6049 3709 7249 6015 7606 6058 4819 3914 8006 9523 6117 7720 5626 3835 4447 9397 5188 5489
445 2116 7624 4757 7281 4573 3481 1823 6078 3637 9406 4282 1354 2015 8065 1312 6729 6681 7432 2460 5634 2302 7327 474 4320 6036 2333 2289 4951 9425 6712 4209 423 1405 2371 4982 1601 1936 3790 7273 6270 9403 1678 8599 6728 8483 6697 914 4318 7877 9094 9483 2325 2499 6000 2351 7336 3264 6759 1187 1365 1495 1898 7665 8047 2212 6851 2540 2755 1807 952 2150 540 6194 3700 5854 148 6267 3054 7869
8830 4291 3169 4351 5479 7824 6357 6499 595 3598 3229 6375 6405 9175 9020 1003 2058 4393 6295 4996 8119 235 4374 6619 982 2399 4615 8037 9508 6592 289 7387 6235 1118 2748 3637 5963 6553 7203 8797 7427 2604 9319 1373 7214 6563 2325 3729 5338 3361 6546 1479 826 1972 1464 4396 6395 5793 696 4555 1596 6817 5633 9048 1378 5975 9163 6619 7162 5357 7279 2212 1684 2506 122 9748 3001 2794 3301 8730
9167 8388 9514 5105 6931 7219 3289 3235 8819 6222 4951 7492 1682 9199 9487 3103 8605 3303 523 1244 8472 4946 8786 6428 3965 8455 1434 4618 8947 4099 2738 4125 4591 1891 6480 6319 5320 6751 8363 5834 9871 2799 6520 2344 9504 253 7246 8330 625 1506 1825 4744 7651 4528 8307 3035 4005 6220 322 1141 342 6007 2734 5632 1114 2068 9770 9547 9499 6157 9720 8823 287 7039 1258 3316 7626 9043 4951 5315
3613 7327 3976 5431 5734 1489 4863 211 3316 3493 7861 878 7789 2835 4309 1682 1654 6337 856 5527 6883 6211 5897 3327 3453 6106 5077 4699 2771 2376 4957 8053 4254 3805 2599 8976 4012 7189 484 655 3008 3670 4606 3433 7687 4997 3334 8542 2616 8839 3885 6399 5942 2707 1957 9019 1215 7873 1739 3403 7162 2111 705 613 6975 4919 8905 3580 2992 4220 2627 6985 2369 8781 4198 653 7142 6751 395 3938
8911 7507 6875 243 5268 128 6337 463 320 9973 7519 3376 8211 6793 7089 4753 8882 1882 2008 4891 4426 9109 1648 1255 1780 5263 1321 9268 6931 6821 4607 9040 7975 4232 7525 4205 5321 5599 8720 6522 9120 6436 3314 8259 4510 6892 1176 9910 3580 727 8543 1475 746 8842 9791 1280 6895 5165 7111 2665 4840 4121 8428 4681 3244 9778 2333 5974 7205 9481 877 8359 2593 5827 3425 5919 4320 5554 2597 4638
5635 6767 6175 880 1 7144 2048 7894 2813 8922 2485 5644 1596 4757 4918 4366 5851 5644 8789 3697 8708 5678 3202 8680 9296 1984 4765 4201 8537 3292 1623 3154 8471 7294 6688 9406 2439 2914 6013 2278 9080 4525 6109 2272 1005 1369 8152 9769 2230 9538 2845 183 3754 1006 5323 8119 8945 5443 7180 6058 378 2782 8187 2122 5731 7650 4348 8955 3846 5719 7777 6981 8625 3133 408 8206 2594 6760 9680 301
4190 7525 5226 6148 1960 4050 4343 9565 4258 4021 4834 7498 7052 280 6369 7872 2171 304 8215 3511 1596 4996 5008 9467 6535 4573 673 2215 568 5460 5637 2360 4601 1442 9147 9244 8368 6989 4064 9060 2413 1493 3646 4194 8721 8668 2349 2280 1 1609 152 4171 3808 4213 373 9616 5435 3003 5556 3061 5401 4978 4569 1720 7817 3772 6925 204 4710 4382 8258 1468 3015 186 9800 8668 967 5863 203 2087
2442 5207 4843 8197 1645 4363 139 5756 8927 5598 6162 3187 4481 6970 6579 9829 1123 1252 4656 1495 1356 8788 6629 2615 4411 514 3241 7228 6271 8257 1577 5314 4738 5455 8218 2139 7664 700 2397 7660 5737 470 6909 4065 8875 3166 7525 4447 1381 4548 868 5368 4198 7511 3625 54 6427 1849 5930 3799 2451 6920 10 499 6783 2065 1090 6466 8965 745 8512 752 6986 4242 1250 6705 2224 9631 8364 8032
7246 1651 8158 2066 2158 9712 7984 5257 1574 5776 6154 424 6196 9046 265 6380 4335 5983 4843 4564 7120 8433 3241 345 8803 4549 2304 8311 6382 7648 89 9982 6847 379 3610 6037 2899 4927 8972 5913 3799 7624 5800 1052 3112 3926 4201 2536 2728 7021 8182 3490 8200 1876 5690 6416 5355 5239 3163 7342 5452 9200 1457 4339 9307 7910 7569 2350 3883 2295 4702 3442 5360 3838 8229 5914 8984 729 2968 255
4783 913 9401 484 5914 5311 9432 6441 5078 1801 7096 2980 8012 4662 6326 1253 8030 9502 9430 3734 4438 9649 603 5990 2003 9037 9790 1563 5802 5974 9079 1279 4240 6651 9957 800 1780 7347 331 2506 2713 813 1553 1332 4312 5732 5468 331 7178 9055 5140 1819 8308 991 5889 7450 5701 6117 9239 5248 6707 646 7854 1711 4012 3252 9109 7138 4228 2008 2977 2761 3433 9604 7195 5370 3931 7877 3934 9097
2920 5820 661 379 2476 9619 4788 4337 5959 3736 3475 8713 5789 8623 7216 2317 9361 1088 9121 7889 49 8493 8539 7053 2035 7900 4237 3814 2740 8124 2228 9739 5333 1684 8785 5552 4078 3689 3622 1387 4053 2054 5564 8107 1008 4839 4401 4400 2191 8300 958 5077 1575 4171 9249 4222 8572 5358 6391 4477 1873 9244 6541 978 4211 3662 9991 3157 5414 5895 2021 4838 9086 1173 6733 2740 7111 3840 2306 8512
7015 9480 7783 674 946 6166 1477 9907 2760 3361 5029 6133 1483 3877 1387 7123 9824 9551 52 5494 232 9741 5337 4593 1661 50 6337 2478 9401 6359 3796 5371 9255 4272 4949 5455 6459 8218 8020 5993 8940 3669 770 2782 6734 5452 2621 9451 8304 620 496 2009 8803 9145 4886 3350 9394 3147 988 749 9886 8254 1957 208 3103 6443 1087 6854 6716 9967 6136 4060 4650 2811 6541 8032 6198 243 3097 8581
6687 6776 8119 5152 3220 7327 236 3852 1786 2437 3815 7687 2245 3464 397 6946 4352 8182 2782 6831 7846 7282 2959 1486 2301 9703 7204 3349 4466 478 3831 956 5134 989 8764 3172 4138 8623 7462 6748 9860 7756 3590 1640 702 9043 3250 460 9852 9632 7475 6344 8421 1657 5310 1908 7259 3342 4879 2863 5730 9079 1717 9827 193 2788 7219 9054 7957 4836 9752 1858 9563 6577 408 4561 8028 4798 4740 7327
9238 572 9141 9175 3200 6821 6304 4834 2935 9800 9973 5271 9476 1282 3510 2086 9135 2380 5712 1357 7130 544 2825 2123 3994 6814 4963 9037 1829 6665 3223 5261 3555 3090 1839 1273 2322 2224 3116 6805 4931 3740 4348 19 3598 6160 9840 4256 8175 5545 2927 1 5840 3565 297 9526 6580 7041 9762 6466 5633 4395 4105 507 641 4288 6342 2030 4708 8182 3325 5786 7270 952 3664 2627 6416 9593 3862 7594
818 3866 1278 1943 8196 7096 339 4444 3358 8020 7197 5801 1756 3937 4845 5446 1248 604 5254 3763 5419 1328 3221 3691 7319 9505 2490 4321 5080 7602 7699 3574 623 391 4701 522 3865 7341 9568 1810 6559 4964 5595 4525 8995 4065 4588 3995 889 4159 6671 3433 7969 7723 9484 6767 773 5078 5279 3259 2246 8335 4521 6825 6364 4956 2110 6646 8122 22 8884 6592 7020 1288 5137 324 5555 8027 8396 4841
3426 2555 7273 3575 6085 721 1706 8591 2706 5591 8008 6112 702 6406 5395 1765 2641 3549 3394 9870 4389 3273 8491 8368 8233 999 7489 3709 7855 3901 5045 1141 9422 7292 3724 6479 8695 9825 3865 2826 298 91 4051 6267 9338 6936 856 5620 2035 6171 2655 9311 1776 6722 2938 3149 7175 9148 9316 6708 5932 1680 8386 4284 3850 2784 6869 9286 3496 3763 2381 8282 353 6550 4503 5365 7459 2996 3658 5581
8221 2053 8068 6657 3322 17 9740 5982 3907 6481 243 1123 9523 5512 7862 4813 3335 3436 6933 1612 8958 2920 3670 4968 1132 3451 6076 693 5290 2377 326 1251 578 4852 8011 8767 853 6136 8916 9189 2981 1132 2509 7395 4741 2443 6891 2533 9920 2850 3814 861 6317 9603 5568 988 5626 6339 2377 655 9184 7970 7111 379 7250 1 4145 622 2911 4822 2260 7142 1328 6958 8832 3887 155 6595 1281 6265
1111 151 7824 9478 6667 964 331 3772 643 895 4693 1831 5296 3581 507 6112 2407 1674 8494 2089 6892 463 9235 8455 4753 6058 7183 4948 6066 9697 9091 9703 5331 9505 4357 4563 7415 6403 4459 5639 4406 1172 9436 5030 5413 595 4015 4346 3681 4792 6834 3137 4072 5710 3888 5302 6612 9310 4531 8904 7627 2203 6045 5899 9424 166 3560 5253 4261 1192 7354 1163 987 809 9961 4863 8017 2485 9075 5732
4459 7461 9073 7754 8981 7428 5275 5680 9593 9546 4705 9378 3024 8599 8311 8470 3381 8857 5320 9583 70 1904 4159 5741 316 4042 164 9577 7831 4357 7638 6208 9235 1087 55 862 358 7301 177 2059 2805 1759 3565 7196 6315 5644 6859 3223 5163 5892 9235 700 8646 8668 3925 4655 6629 2593 413 7030 1209 4937 4513 3101 385 6967 937 463 383 8527 592 9506 8526 9459 7369 2172 7203 237 4061 2146
529 3375 127 2499 1149 10 1396 5631 9954 9225 9941 7930 9478 67 6508 5995 7172 9465 2231 4363 2753 93 781 8468 4951 4371 2275 1363 1144 1705 9746 3353 1387 244 2956 2509 8208 1448 9895 5545 7279 7837 2332 2811 147 9343 9768 4137 9870 334 6209 847 5380 3618 9739 4549 4658 4877 5491 7011 9169 8228 2208 2393 3857 4739 2599 6598 4093 1594 7018 2329 928 9208 8272 4238 4987 9495 5689 3791
1854 1616 9817 3334 2623 3421 1585 2359 4087 9000 1228 9263 2634 1453 7723 9559 3301 9697 6667 6890 3088 7850 5895 8407 5664 9597 661 1369 7927 7111 1060 4138 8889 7150 6766 1882 1945 5764 8209 1534 6080 9996 8671 2367 7844 78 9970 8989 2833 7345 9762 3748 7513 7489 2497 807 506 1090 8395 6300 3952 5520 8414 220 2557 496 7375 7645 4957 9406 4462 3257 2063 77 1349 3632 9941 7668 8164 1373
5580 8650 171 1151 6047 5644 4630 7027 9320 9226 9472 6332 3235 8481 592 6400 5387 5911 508 8382 5782 3435 2143 7938 2698 8317 9199 6802 361 1313 6590 6544 2382 4648 6146 8365 4689 5492 1810 9437 4436 2872 3694 7489 5171 7439 3686 8361 8073 7497 9841 5005 4747 4780 578 2041 9442 8660 1432 5813 5339 6788 1018 1489 6127 8794 8256 848 3658 124 9420 6277 7441 2489 5281 8581 7049 3341 6058 6282
2962 1538 4869 3395 8282 1705 4763 991 4147 1432 9702 784 6274 5746 7450 5508 3194 4750 2417 4312 7973 496 2620 8794 3787 7166 7192 2785 2461 4349 2242 2959 67 7366 4600 532 3070 4632 9933 3487 1821 6454 3919 7637 9845 8536 8792 9131 9334 559 9251 9931 1387 7184 1763 6249 8959 8479 568 8449 8230 1675 6564 4635 9065 9952 8501 8592 2386 8289 9505 751 4247 8240 5339 1654 7345 364 5983 2435
9910 4532 5520 5905 8414 7894 7839 8146 4003 7357 1912 9157 8569 919 8710 9811 3839 5185 6517 3910 8506 8227 8803 7230 1767 4277 1249 1348 4450 7332 7754 1112 7620 155 342 7990 1291 6256 9973 3034 9131 598 2951 1565 6617 3055 3958 9023 7732 7457 8488 3706 3135 472 8209 9754 9952 7027 7315 3791 7778 6274 2859 148 8995 8287 7102 5303 9775 3770 8110 6459 1451 2673 2482 2440 2833 5766 3755 8743
1128 123 1501 9782 472 9118 418 2800 9243 2731 3544 4469 5940 9967 841 4723 2943 8690 4591 7722 589 6850 3895 6506 8482 6764 296 4156 5287 5842 19 6670 1919 1363 8497 3126 3877 3736 6061 1161 2557 5603 4030 531 2970 7936 784 90 1522 3268 8632 8883 6136 7440 5374 639 7973 1675 4645 1062 5600 6682 3345 5809 4806 6136 712 7888 3535 9574 386 8690 9991 4613 3813 4745 5560 958 3372 4879
7165 4495 9841 4867 8128 8009 1772 9823 9696 4645 6849 1790 4906 8910 4955 4267 3229 1150 6305 3889 6502 7759 5990 7228 2982 1 971 2776 6202 7150 2326 1274 246 7948 3294 9036 2422 8554 3262 9997 3854 3230 8417 141 9641 6004 8746 1126 2080 7669 3069 5204 2301 6524 7282 4616 3001 9235 9668 1534 3517 2968 5969 6095 2952 6874 1698 4875 8965 9334 1613 8232 1031 826 4198 1850 5590 9153 2135 9770
7390 4033 682 9892 8443 5965 4489 9697 2470 3558 3724 5455 3611 2346 4504 3772 3600 1999 2836 3607 4209 6081 5541 5218 277 6655 2179 9263 4061 1435 4429 6577 7614 6160 729 5677 9035 2245 2335 1713 4809 3630 9367 5002 328 720 6148 1567 9321 2021 757 4142 6596 4522 7666 3499 1327 7140 7342 5116 6106 6976 6590 4866 2308 4377 4793 2182 3547 5956 9733 3637 2383 8560 971 8059 8302 7303 8128 3441
5527 6571 5407 5365 8058 3613 3673 7246 3796 4314 304 7300 8222 8431 6451 8977 6321 1245 5941 6976 3564 6670 7129 7527 1054 169 331 2733 9400 9183 6003 6707 4174 6765 868 430 7381 4646 9087 7648 1739 7504 738 58 1183 9406 2854 3851 8384 2839 7954 6401 7030 3791 4438 3181 1783 6796 847 2075 1392 4006 3719 80 161 4808 1500 9555 1112 9780 7921 9739 5357 8251 1882 2608 3114 9792 6838 5529
7003 549 171 6183 3961 2161 3985 9709 6385 1865 6880 5263 8085 8936 1369 5023 8836 7185 2725 280 4573 5793 6788 7782 4243 2993 3794 2920 7189 3840 4576 3508 5122 5590 1096 440 289 1096 9073 7512 8083 2638 6854 7741 5284 633 6524 8932 6710 1541 8381 2544 9704 9626 1123 706 5384 4012 760 4203 6040 8474 9002 8922 4962 4357 7745 6733 752 2446 8514 8583 2224 7063 8294 424 9725 190 8552 4942
2407 4179 4267 712 4465 7796 8132 3656 1002 2111 2740 7201 8699 1087 173 4510 5743 89 694 506 1209 5005 6602 6021 155 6937 3111 4852 9030 4243 8471 1640 1740 1677 7356 9250 3159 2412 7091 1101 4696 5861 6724 9800 9672 6157 4932 261 5938 5659 5437 2211 3164 3448 2613 528 6966 782 4489 9151 2053 1067 8021 6997 8058 5821 1765 4842 3145 8212 8720 3527 9109 3214 3761 832 1205 9684 9360 5839
1326 2766 1006 2332 8433 8194 8515 8059 4753 335 2011 2688 4064 1675 4312 8746 2794 5905 8115 7336 5041 6297 5027 7867 3331 2317 9702 2901 2223 5182 9508 8874 7459 3433 7489 1642 3964 5980 408 3782 1522 6769 7591 3500 1738 6229 5538 8005 2836 6103 4345 7471 3893 9727 3093 5101 3697 4264 5902 2046 8386 5167 8737 8481 9679 1 4436 8237 7280 2386 7675 8725 1924 5219 9754 2999 6228 2201 5753 997
5176 2287 317 8842 4748 4636 9193 3335 8462 7491 5173 5053 9543 2724 5993 8905 7132 3016 5241 3766 5052 1343 8965 8718 256 3067 7300 232 4375 5709 6017 1648 3707 2639 3610 2341 925 2605 1197 3034 4630 2887 7592 7894 1099 8659 4978 9246 5127 7663 2531 3589 7273 5172 9064 4392 1924 2448 2677 7627 1258 478 3906 5524 7885 3682 9574 5530 4780 2995 9141 452 931 837 1438 5842 9466 7025 5923 3391
9208 8387 5638 8933 2777 1 3689 6766 9556 2708 3235 4830 442 3109 6616 1836 8583 8554 9639 2200 4051 1450 5715 1926 4820 9175 8659 4809 4454 8768 497 2254 7519 2649 2638 3790 9699 2580 683 1888 4652 2755 8448 2890 550 1602 5746 6578 6973 7513 4843 9120 5026 9572 2168 7174 8090 8995 3792 973 7290 6940 3907 3514 1901 5021 6704 3545 2091 502 8329 5760 1507 9108 70 8015 2410 5588 2425 5899
3290 2117 3746 1495 2824 4150 7050 5289 3814 8198 6323 2484 8575 3710 138 6610 184 9307 2674 2666 490 3708 6926 3246 2512 4626 311 9008 849 1750 6319 7918 4395 2438 1093 9472 259 1015 6516 6718 1882 2869 7207 3604 5136 5866 1312 6293 9252 1649 6092 8389 5140 737 6548 9621 2187 2815 2867 9615 1812 5917 5841 3661 2808 4985 395 6604 3115 3310 9294 2935 8302 9637 1750 1252 8794 415 3718 2908
3094 3168 2488 3567 2743 3223 3819 9407 3805 5498 2773 2440 8899 5203 3673 9197 4544 8911 9145 3684 5053 8317 5806 4316 6194 1412 1057 1263 7396 2672 301 9307 8295 4691 460 9391 7100 2845 4720 8757 9091 742 6211 3155 4489 9432 9314 1543 1027 3271 6646 5977 9320 6653 9928 5212 2581 3876 3697 2797 5374 3342 2080 3606 2850 8823 9455 4624 7014 8449 9966 3872 1354 201 4429 7945 4013 8909 7897 4240
7642 4159 4861 6953 1297 8740 8613 1298 6427 5975 5461 7204 2469 8315 9874 8563 6476 6367 6205 5042 2622 4350 5254 3806 3703 5664 3091 1292 8728 2208 2845 1381 2863 1592 1920 4359 6403 8148 5830 2263 5724 700 506 7016 8053 6715 4969 3994 8792 4999 3009 6762 9124 2034 9911 2719 8808 3753 9834 7795 935 7296 3993 1933 4904 4445 4983 2911 5755 5272 799 1859 1640 6980 307 3022 1090 7842 8025 7158
5821 5751 4870 2245 3805 7113 86 9792 1888 1352 7351 5592 1882 64 4769 2504 1091 6693 2583 855 1288 9508 1069 6145 6343 1948 5402 3295 3859 4006 4539 9794 9173 7236 5099 9032 7689 3020 5884 7939 2146 7156 8599 7235 1918 9697 9049 2410 461 1132 606 104 5382 554 4381 1493 993 4707 3315 29 4204 4012 8272 2827 3265 3334 1948 73 2132 8863 2425 9954 5643 2749 6742 8811 3185 1607 6703 2347
5469 7334 4014 9098 4874 2627 7880 5698 4750 8773 2899 2752 6119 1825 3124 9433 4652 5743 2422 343 9989 2179 7787 7915 763 4972 9669 1532 254 1462 7656 3748 8376 2091 3695 5237 2218 6913 9469 9940 4897 8848 2656 3919 9967 2992 2477 5182 3688 8570 400 3204 1654 8162 8504 1946 5347 7510 8451 8290 2770 2654 8891 7990 9220 7172 1109 8280 7938 5782 5614 5828 382 8209 6596 2252 6636 3829 1713 4698
415 2170 9625 7906 7228 694 6192 5817 9006 439 4283 6762 8742 5006 3997 5653 5396 1291 5908 5338 9832 6002 4407 7371 6263 9563 1247 3169 8391 3895 983 6076 4495 7817 1566 9346 4744 4853 7306 6706 5284 4752 1369 3705 8746 5365 58 6461 8521 3827 5356 5692 7516 5050 2759 9972 4581 9787 7709 1764 6436 1465 2055 5499 7219 5537 6572 6733 2005 6732 7145 5104 9396 2720 6047 5599 8060 3849 3394 9346
2656 1030 9884 3328 3612 5955 3955 2955 3356 2829 4699 7635 377 4015 5176 804 6733 9311 7712 5554 374 6036 4270 7096 553 2472 9495 9447 46 4136 9979 3319 5259 8104 1372 3816 8884 5294 8947 1834 7542 9199 1636 7734 7088 8396 5559 2096 6139 7601 2476 408 4876 1159 8403 495 1456 8625 7802 9362 7602 5717 9907 2113 2821 4500 727 2433 1680 150 8569 9538 9313 6391 5936 7775 5641 5953 9890 5207
8663 6046 1376 8650 9352 9918 31 904 7823 4060 141 166 566 7255 6551 8576 8011 8306 6683 6179 7063 7674 5127 8725 276 3857 2092 6132 1030 10 6589 2191 4681 9046 573 5562 9541 9288 6828 7771 6216 1486 4759 4232 3844 9970 3469 580 844 8146 6393 2632 3213 2716 4049 1810 8215 7705 6318 3493 8679 7615 5248 7261 4829 8020 6757 8591 8306 4761 1642 8335 7818 4187 1918 6910 4440 9289 7516 2080
1 2949 732 6616 559 9441 8897 6305 4626 5315 9115 9314 5049 2144 881 3038 1647 6796 9657 1945 2296 3835 9267 9937 2971 6270 5203 9927 5853 5875 4501 1057 2896 840 2740 1288 9817 2190 5734 9694 5866 5275 4735 9323 5689 8053 8006 3343 2677 6284 1378 3106 6022 9838 1162 2797 5001 8354 5347 9324 5929 5558 9976 2732 6464 523 673 4437 6366 4975 976 4153 6869 9554 541 9031 6450 9824 482 8144
8578 903 7339 4634 4620 5293 8364 8683 1180 4203 9706 4379 5406 2008 2758 3862 7216 8707 8734 5898 3629 2324 9473 1945 6553 1198 9785 3466 760 3884 8009 8678 4635 1447 8719 4833 268 4339 1534 4936 6661 2908 6637 292 4205 2950 752 1711 2308 447 443 4068 2425 4321 2971 1617 1075 674 6299 9604 4903 6406 1308 3538 9471 4474 3439 1483 8716 430 3097 2057 3587 9187 3896 6250 3725 1252 1650 9987
5189 274 1081 6739 9175 9979 9901 4173 8420 275 6229 7040 1144 4360 6676 1648 9650 581 8632 3796 7801 2120 6238 1563 6854 7654 9654 483 190 3903 3499 7816 8683 1948 1 7534 5647 9958 9329 2289 448 3001 6991 2196 8757 7822 1287 6488 1701 9703 726 4027 2312 3151 9467 1126 3115 5568 2311 2413 9784 1051 4460 7489 4126 2306 6652 5761 3999 5983 6346 9350 5343 793 3301 6515 5356 1277 8006 4978
5056 7240 9818 1045 7786 3890 2300 8236 1030 1144 2833 4870 7492 2501 4569 6409 6360 1918 2344 7410 4445 6897 3433 9010 3442 8718 8922 4394 6013 5260 9293 9235 1058 7606 4528 9445 371 8062 2950 6103 9817 3220 4798 6859 3355 5214 6178 1032 7720 9898 3778 7473 6429 2662 4318 9524 4236 9925 5698 2536 7020 6514 7291 9388 9643 5531 6284 2726 5053 6667 8338 7927 8938 6508 7964 6376 8833 4135 4015 2639
5851 8272 5164 4187 994 9595 1770 7344 139 6070 1336 6864 2586 1761 9556 1292 6391 9385 1881 7839 8944 427 4916 9940 1667 9934 4784 1440 2740 730 6183 2694 780 7825 7093 4537 9972 1620 6645 794 7892 7094 2894 9190 9295 2212 9435 9241 9502 4888 628 2727 6098 5699 4588 4165 640 7165 8079 5148 1171 8963 7723 3048 3229 7856 9604 9415 6174 2941 3471 91 7089 3592 8149 1243 826 3121 9019 7168
5347 2638 7837 7855 9545 6396 7372 8119 8645 9171 3352 3106 6915 513 2114 8782 487 8310 9439 3370 7066 858 3637 6326 4491 3745 8383 3125 9634 7111 5011 125 2530 9555 4307 8863 8483 8578 5403 178 3004 6544 6459 5843 6585 6648 2778 4721 1787 6989 3666 8749 6946 7578 7571 5848 8496 2003 3340 4516 6205 4588 7006 5476 5397 6700 1915 1990 6304 3839 4267 1066 2953 8821 2766 3235 4521 6070 5209 1901
9648 1254 4524 6196 8728 7409 2814 3169 9727 2770 9535 1672 7208 8083 610 7497 9235 2402 3171 9019 3457 853 5244 4176 1662 9340 6340 7685 2334 1750 1540 3131 1964 4311 1843 3551 7228 6142 7281 4768 7283 5143 1297 6948 2734 5224 6704 3102 2665 7731 4129 7228 9616 113 3106 4657 3823 7846 9859 9211 102 8253 7828 280 5608 3961 7105 841 8707 7726 4840 2761 6489 1433 1621 2900 7127 8911 836 609
8179 8330 2965 5382 7461 774 3493 28 4214 6818 8128 1504 2789 6031 331 3501 3439 8416 1767 7316 174 6954 3244 32 3559 2277 7573 2772 9607 2818 2134 5709 243 333 4675 6499 5345 2469 1912 7728 2048 691 3030 1693 3457 8688 9798 2006 9681 6821 9442 5684 4691 8738 2371 7639 2745 5320 2179 3634 3670 4546 8395 4119 5699 2138 6003 8401 3181 3602 4876 9230 2080 5611 9839 1416 7882 646 8926 4683
2697 4622 6946 6832 9355 7333 8490 3313 8929 3015 1656 9322 2383 3173 6670 1218 7942 4250 3609 8308 573 430 8008 9890 9505 8113 8961 7426 7336 6850 424 8875 5556 1777 6340 5017 2045 1642 7891 8704 9946 403 9703 9676 5475 4258 4551 5941 529 9127 4972 8854 3538 6589 3218 5935 4609 1264 1154 7588 2608 9626 5455 8443 1002 6639 5208 5519 4843 9853 5728 2152 1030 2735 5262 8890 8653 6494 9846 1354
7467 7072 1182 5716 3795 6142 64 5004 5914 4944 9676 1756 2588 6728 359 6528 4054 8488 6131 6307 8186 3151 6249 6352 8242 3235 334 5896 7437 3286 8950 6233 4962 4033 6490 6162 1881 6475 1914 571 9667 5743 8867 3291 2033 7646 2575 1620 154 4977 6958 8564 3953 8279 6506 7005 2729 1047 9786 3708 8350 3382 6085 282 2345 7127 8146 1802 5741 4048 6761 8209 8596 9463 7228 4096 9659 2218 7160 2692
9631 7575 6931 8983 3214 7074 1902 4172 6232 5020 5284 5095 9265 859 8517 4874 2402 4456 710 2739 4735 5983 8038 8993 298 9250 9732 3124 8205 5329 9127 3900 8869 1246 5154 4870 6051 4669 1002 9295 8579 9883 2566 3910 5865 1387 10 9492 2170 722 6139 2247 2017 5611 5672 7732 2557 5470 4126 1223 5980 2863 4845 7224 2815 5663 3768 3656 1888 3988 4674 7199 6874 2960 4366 2056 7138 4357 5050 9338
4159 2311 179 3530 1993 6346 2228 976 6200 640 2979 3019 9922 7422 2107 1331 2582 4933 8308 3574 3088 3515 6792 1260 8419 679 5441 3022 3158 8761 353 9714 5137 6799 9970 5848 4141 2456 1999 136 6832 8452 1505 1023 7778 1594 897 7400 8023 8330 9825 1855 6667 8139 1573 2371 4840 9829 3316 7916 958 8528 1222 7331 2467 8516 4549 6348 5850 760 1765 7030 3634 598 8240 9747 7329 6346 1963 6346
7859 7917 4192 9973 1376 850 5527 5116 8350 4213 5572 4741 6226 132 2021 8842 9872 4275 2418 749 4901 3035 9874 2195 8763 8552 6195 987 6502 4285 8878 531 6620 8980 8100 7203 4040 3791 646 1992 4768 8795 1363 633 9433 9238 2665 8764 5687 2197 3732 321 208 4086 2368 4298 3508 9602 2364 8442 9003 5758 4087 2157 5755 3851 4195 4450 8551 4050 7426 7005 2745 8303 8006 2863 3130 7744 8184 9624
340 1541 3307 3016 9945 9488 5480 3523 6796 250 2764 5274 9756 8911 727 1698 720 8426 5073 1165 1297 4708 4687 5797 9763 6547 9670 1242 2727 7234 4145 1969 412 8833 5266 8005 6806 5131 6855 8224 8692 4084 6436 6338 1335 3862 9749 6238 5017 1882 5017 6006 1945 9027 6571 1367 6236 1231 4759 7312 9731 7696 4531 4060 779 3499 5545 3919 9243 9646 320 7832 2503 3628 9008 4326 9567 232 4445 4122
5416 3139 8321 3811 8257 4997 781 8614 2722 9963 5597 3692 628 4204 1468 6622 6470 3388 6467 8187 9397 3947 8218 636 5583 7594 2652 892 5852 6769 1340 5727 2017 4915 2976 211 6410 3785 682 4478 7899 5941 1560 1547 9799 6438 2017 835 4684 6461 7960 8389 1534 754 9454 2989 988 5111 5073 3536 2076 916 9439 2295 5710 748 1149 3808 1081 2380 3461 4144 7333 8915 496 8381 2280 4170 4123 3962
3469 6754 688 2136 6172 4498 2939 4909 9285 4813 6728 8607 6485 6559 55 8837 36 961 8205 8843 8222 3214 3567 3196 4083 6008 577 7459 5806 3976 8020 8626 2278 6385 4171 3705 3543 7936 2598 5105 5233 8805 9622 1882 8935 5905 7677 5156 7592 1147 5223 9079 205 8026 3652 8824 9355 7009 8608 1035 4331 3794 6832 3367 1983 3763 9795 2341 4928 4142 6310 9268 910 6415 5734 8911 1400 3451 7783 5301
1537 9919 5642 3024 6676 1882 1189 4624 1531 8737 8786 7066 9334 7278 4368 8170 8867 7306 9619 4186 7812 4884 6295 1607 9901 8271 4732 7627 6742 7208 3947 9056 4550 3631 1486 679 4319 2323 2968 2991 9260 35 565 1650 5759 2039 1151 4793 8749 7859 4849 665 6933 1936 7371 1000 4574 8856 4924 7092 9734 510 8540 6049 1789 6455 9594 238 5106 434 9547 8479 2292 2659 5059 7260 865 860 2119 6484
3949 3769 190 5053 364 1887 9538 13 1393 9516 3521 7012 8162 6158 9030 1147 8584 5912 6852 2515 3322 1090 7569 9851 2293 988 7365 2951 7571 8859 4340 3823 780 2397 1251 9220 6709 4549 586 3120 1541 8164 3295 1536 4491 7742 6904 2235 4695 536 6011 1189 2044 2719 2347 7903 5170 2836 5647 2663 4826 3399 2813 3000 4639 4325 4734 2817 6117 5256 5095 6256 7262 3213 9461 4244 1621 88 2251 2418
8216 8968 1794 6328 319 7249 2160 6007 9681 1871 1948 7443 7651 9614 4471 8914 6768 1445 4915 5140 9202 3052 6824 838 3796 2578 4075 7353 6313 2347 9964 3330 979 362 9608 1607 5338 5185 6216 9703 9199 8600 5865 5509 5988 6558 7691 3444 6854 1789 6506 1664 6853 1567 3719 6575 8064 2400 4201 3010 4042 2692 3545 3763 5689 6751 2881 488 8440 6256 7210 628 9445 1737 8703 2883 3150 6372 6156 5443
7354 4231 1032 1400 5120 5441 9658 1635 4468 54 6580 4630 8299 8035 3326 7273 6074 5600 3448 2963 6643 4655 8247 2652 9472 6635 5794 9433 6694 4120 4772 1182 5695 723 7150 2000 3654 3201 4507 7193 24 8044 5839 8223 2825 678 1694 1710 8702 4228 5815 8227 4989 6733 8332 5890 1063 7030 8962 5173 7064 5314 801 7165 4141 9748 1507 2492 8835 5891 6712 4096 1891 4970 8104 5684 3702 2408 352 9147
7273 4293 1004 7042 2002 7789 5962 1546 7918 5118 3459 2179 8242 5861 4552 7982 2991 5121 6652 8870 4477 2107 418 1074 7192 8212 6994 4589 3574 6589 2222 1042 9288 4369 9412 5473 4835 5109 6088 1509 6413 7837 3448 7608 2529 1277 6381 784 6874 4719 5602 7657 2047 2782 5095 1381 2509 4368 514 5768 701 5746 8990 2179 2278 3004 7740 6436 6333 4634 8779 4240 607 2971 6128 3574 3808 1378 3532 8281
737 1040 9768 6704 2500 2185 7624 6270 8682 7930 8929 6262 6365 8227 6631 5626 518 7987 6375 7705 7098 298 7225 3382 1084 1099 9652 2206 3151 6687 9703 6084 1976 6916 4265 307 8676 2750 3922 3117 8172 5116 4212 9402 5669 1711 1393 6988 3253 3104 2606 8110 1354 7867 2173 9381 1187 518 9536 4192 9182 19 7941 3757 3273 4593 1029 2190 5743 4392 3327 2660 1587 758 9354 7415 9184 9767 5414 9285
609 900 5877 9320 9900 547 6953 622 7506 6633 4379 2986 6649 4906 6670 2956 7699 2787 3400 4897 5095 2023 2949 7216 6074 1347 23 5028 2758 2194 2092 3322 4330 8185 4157 1045 712 3963 78 1149 2525 7591 6715 203 5138 4218 5213 82 4171 5938 4513 8284 5038 6346 7498 188 7315 5310 3186 7651 927 7043 163 3819 9095 563 1692 9601 3304 4672 3230 499 9478 253 8704 1036 5060 446 2393 4022
6001 7444 9093 3565 3018 7162 8735 9084 5217 7420 3299 5455 4979 5941 8864 9285 8662 9249 5367 4786 8581 8209 3613 3882 3610 3055 8768 3476 3247 520 923 7074 9684 8726 3946 7858 825 409 1432 3214 1153 5428 2842 9761 7931 72 1204 5743 4146 3253 4666 8849 7183 5758 2976 7663 4182 6985 9950 1547 7565 1436 4312 2531 8812 9296 115 1707 5218 492 7270 8776 5257 6652 7882 7034 332 2868 5147 3011
8461 1156 9076 4229 539 9377 8424 4738 3447 4667 1630 3763 2269 5094 6106 5971 1864 7132 6823 6223 8212 8719 4874 9823 8147 3313 6811 3466 3428 9429 7499 5506 1943 8336 4105 3640 1662 7489 5833 1387 1065 8419 161 3237 775 658 1792 7129 7740 2178 1212 5266 9682 4420 8562 3600 5105 6823 9419 7252 7617 46 455 9680 2780 1640 3045 2887 5545 7173 1593 3385 8370 3330 9704 2467 1367 1121 2211 1908
3691 5968 7526 7389 8482 7301 8377 7774 3787 862 474 3691 1375 9651 5983 1571 8810 4633 3698 1237 7765 9979 2062 1779 584 5330 1792 739 493 2876 7681 9683 3835 3529 5683 8773 2223 9564 9112 9172 5182 8023 8971 7264 9175 2356 4762 7179 1499 814 2296 2856 7319 8380 4855 5006 4774 3253 9373 4360 919 518 8048 1729 2463 8288 4539 5818 5215 3843 3994 4875 106 4119 7573 6399 1814 2689 6061 1
7525 8482 7282 2443 9901 6686 904 561 4410 8670 4394 7115 5477 6645 1098 599 2224 1490 5541 4861 8197 545 2468 6250 7410 3235 4570 2452 1009 7320 472 3239 577 2192 8761 1963 90 4476 4053 8467 3982 5770 6886 2470 7273 7780 8710 8856 8533 9503 1123 6058 2314 7316 755 4123 1229 2065 8045 9115 1107 5523 833 8746 6946 2844 6436 8959 4412 6616 3840 5278 5731 811 6217 3599 451 9010 8920 7969
6744 4554 8914 5086 6676 5159 7740 2805 4905 8572 1930 1885 3422 4069 587 6108 2580 4609 2665 9628 4121 4507 9523 9710 5602 7105 3607 7747 7976 4345 8292 1021 1691 4009 6275 2251 7118 7624 7162 2467 8434 9564 472 505 3598 6475 2296 5659 3619 5706 6185 243 9095 334 206 5944 555 8874 5127 2608 6001 9153 7565 6787 77 5029 7360 1402 1270 835 8652 1972 8526 3279 2761 5950 3217 5087 2661 58
7658 7106 7171 1708 5821 9043 420 6163 8320 8460 7045 5660 463 4287 8831 4825 3721 3026 9523 4295 6574 1669 1090 3926 2989 8182 415 6484 3540 235 8784 402 1678 6029 6615 2182 5719 8790 8327 9734 7368 2521 183 8105 8119 5532 4072 871 5774 2568 3214 8552 9189 5381 749 4760 1172 7975 6976 9459 7765 6774 8777 1759 658 3169 6749 7457 2173 4951 1279 8316 555 6177 7835 9613 6913 9005 820 3338
4465 754 6391 1657 46 6670 6519 3928 6444 217 7054 2725 6533 5365 7309 4177 2336 2364 6849 7291 9769 7064 7948 5042 3778 7359 4423 2373 2707 8534 9064 2421 4810 966 5285 4268 9730 7588 6690 6054 3811 523 6799 3946 8562 3439 7789 2140 4867 4401 304 2208 7309 2512 811 3361 1830 7534 1876 9385 2520 6769 5319 3949 2731 972 3259 8423 3946 8311 8263 7806 3439 5027 2113 3434 1893 8029 875 3285
