19
41
51 94
54 13 78
18 67 90 98
76 36 54 22 24
85 22 76 52 21 10
30 5 56 92 46 66 5
64 75 81 42 62 50 85 26
40 49 78 66 45 64 50 97 92
83 3 8 1 61 31 49 7 76 25
39 13 43 11 87 21 98 54 13 16 90
42 19 33 50 0 38 17 46 5 28 69 33
10 98 57 74 8 11 34 52 84 21 44 75 61
65 53 42 67 39 59 65 69 14 98 69 89 95 95
24 80 21 29 78 77 14 17 88 13 69 41 87 20 88
28 44 79 55 14 7 65 30 8 82 83 83 72 52 59 31
34 79 37 66 13 79 27 77 34 85 58 22 3 61 81 75 81
43 22 13 68 5 9 3 84 96 84 33 38 23 65 0 92 95 53
61 44 12 50 73 20 40 66 57 93 9 8 21 98 39 70 35 82 44
