88
37
44 28
17 77 98
70 72 8 37
11 8 14 99 78
15 55 91 44 50 68
10 59 55 42 34 49 84
9 4 77 34 78 36 46 85
26 37 64 81 22 10 11 94 58
92 38 57 45 60 67 44 18 39 21
18 18 88 90 64 28 94 4 18 9 36
56 95 73 97 16 62 27 88 84 67 9 55
78 56 26 27 82 44 19 35 41 75 14 7 91
77 79 86 87 15 36 45 90 5 89 16 38 94 26
41 29 63 72 66 30 91 6 44 13 37 39 70 74 72
3 77 38 58 82 67 96 4 51 8 35 79 70 30 75 53
16 5 58 33 37 51 33 28 62 26 97 89 56 99 66 20 11
42 60 47 25 4 57 6 40 38 19 57 47 19 87 0 83 78 12
20 57 72 17 66 10 15 13 14 13 10 42 24 38 7 5 59 89 30
90 25 71 81 68 72 23 92 34 51 59 30 3 17 50 72 11 67 16 72
49 56 8 57 11 53 69 9 52 49 77 35 4 2 11 68 41 17 64 45 52
11 26 4 10 69 62 69 10 26 92 61 11 50 9 89 76 96 0 14 30 46 56
3 32 18 81 38 84 48 92 60 63 63 15 35 78 62 39 26 10 83 62 13 5 76
16 72 80 18 99 23 95 91 41 47 15 39 78 47 49 90 89 64 21 74 83 96 44 79
48 88 75 62 91 96 28 6 62 62 23 32 15 4 26 52 9 72 34 47 67 97 69 84 37
99 55 73 64 78 60 7 63 30 30 52 6 96 14 81 40 73 5 70 80 82 39 13 8 43 77
0 33 77 94 12 57 51 70 30 45 62 84 47 37 78 64 69 52 60 73 18 93 52 65 50 36 64
78 91 4 64 45 7 54 72 60 87 76 67 20 47 16 95 66 99 77 36 94 10 80 60 10 4 83 45
36 8 66 71 10 77 0 14 96 21 88 9 94 62 32 0 30 15 40 22 30 19 43 64 35 97 61 32 81
59 93 73 6 7 10 13 31 96 27 23 89 10 50 42 4 55 95 60 20 14 5 92 74 18 30 47 63 45 37
19 21 97 42 48 23 87 65 12 66 31 66 34 34 97 9 63 7 98 40 24 67 93 51 51 47 84 6 96 82 1
53 83 22 94 52 36 66 11 37 45 76 52 44 33 49 56 83 66 83 33 29 68 27 39 52 6 8 46 32 46 18 38
28 29 51 82 70 64 4 62 14 24 11 26 13 94 27 81 22 86 21 91 62 25 37 20 53 2 37 24 26 44 30 12 34
80 83 51 23 64 63 61 79 25 26 25 61 57 76 29 98 86 27 51 15 70 44 63 1 18 65 82 2 75 72 15 28 46 72
47 10 5 16 57 4 74 77 5 33 91 19 72 61 33 31 56 15 90 91 39 76 69 63 74 52 42 77 68 18 10 21 58 91 28
27 74 92 30 19 70 48 27 73 86 34 27 81 97 64 24 38 76 61 62 83 24 67 17 33 59 4 58 37 85 39 72 29 49 8 91
4 20 53 15 74 2 70 52 72 88 69 69 49 91 17 70 15 34 77 53 70 53 62 94 98 67 71 66 68 74 63 44 63 68 78 69 66
46 84 67 11 70 15 9 91 66 64 42 4 83 30 17 23 32 18 58 82 79 24 15 40 22 77 42 72 34 79 76 11 53 64 48 75 37 66
92 39 90 90 16 55 13 89 96 5 60 56 67 68 83 36 80 27 9 57 71 1 0 91 24 16 51 84 85 9 4 58 50 1 51 41 72 24 78
93 8 73 31 63 43 9 38 73 82 19 61 53 90 4 73 45 35 26 42 35 59 71 16 31 21 86 59 57 33 7 21 22 8 14 44 53 57 85 3
28 42 73 35 98 73 85 97 31 54 99 43 13 48 49 22 3 87 45 34 18 26 46 33 98 65 27 13 34 96 37 39 95 75 16 1 36 37 9 0 58
98 91 72 46 76 98 53 87 32 5 36 2 0 18 99 24 98 31 39 11 8 7 22 85 64 17 73 3 65 9 77 34 89 16 86 97 28 7 54 41 54 60
37 24 91 27 40 51 65 62 56 52 86 31 64 92 51 99 24 47 80 48 74 69 47 53 80 47 18 82 40 68 9 24 15 55 62 1 85 69 98 27 2 16 19
5 70 5 91 6 63 6 47 72 16 84 33 45 44 47 67 78 72 7 83 64 12 93 94 97 63 69 11 62 35 15 12 2 81 57 42 2 82 60 29 92 51 23 22
26 97 53 47 83 32 52 11 82 8 76 65 22 35 18 0 10 81 32 80 28 67 64 45 87 94 23 84 61 81 73 67 48 14 12 35 56 78 21 54 53 46 54 24 3
43 10 18 89 32 6 55 93 7 51 39 41 66 95 4 88 55 83 78 62 95 82 77 23 26 85 26 63 34 50 60 97 96 87 48 60 42 40 74 84 36 11 27 29 13 63
96 18 48 63 25 57 70 98 29 3 95 91 55 39 6 37 66 72 44 83 61 38 36 1 62 89 41 21 60 44 31 52 75 85 28 27 8 80 35 55 31 90 5 44 33 96 63
91 16 50 11 43 54 4 35 36 61 87 36 56 12 59 69 77 26 11 96 67 72 48 31 0 61 40 95 29 96 74 94 45 38 34 69 17 14 92 55 14 52 43 91 29 54 71 56
33 61 17 23 1 40 12 69 3 40 36 81 47 21 25 27 75 48 92 42 81 88 27 99 77 68 60 1 91 96 97 87 72 90 18 32 16 97 28 3 35 84 32 45 25 14 99 5 84
74 8 28 66 38 68 52 24 56 72 24 14 12 1 34 2 92 10 21 14 87 80 14 39 11 66 94 31 58 88 90 14 98 98 63 21 35 53 31 24 28 75 11 24 93 97 27 2 29 75
19 99 39 91 57 77 12 90 19 80 73 24 43 14 67 68 85 59 81 18 34 99 49 62 66 44 7 64 17 7 70 68 19 82 59 48 18 85 15 0 39 90 23 74 44 80 35 9 49 29 78
20 3 8 67 83 98 47 18 6 54 17 29 10 94 24 83 33 93 76 65 49 0 5 64 1 13 10 87 66 25 49 69 8 55 78 33 48 62 34 53 58 35 28 92 47 24 50 43 67 98 95 23
19 89 67 5 31 3 9 79 18 53 6 20 39 39 5 93 19 7 90 55 70 23 79 22 3 55 57 57 36 52 71 15 47 62 2 47 23 91 2 27 84 31 21 69 85 81 70 44 73 20 99 99 0
51 0 83 31 23 54 47 26 30 75 81 71 64 79 70 5 85 16 45 59 48 1 15 28 60 81 72 26 74 17 12 13 88 39 28 38 28 89 15 35 91 83 78 48 10 41 14 58 37 26 51 79 75 47
64 75 63 60 24 52 91 69 51 19 21 61 52 28 72 37 52 70 59 43 16 84 18 53 89 0 90 10 45 81 32 71 41 33 45 8 28 13 95 48 44 60 24 17 78 51 81 22 53 96 71 92 20 50 40
62 74 22 16 61 68 12 75 65 94 42 43 43 35 38 24 23 3 90 38 34 8 46 16 93 45 43 70 84 61 75 86 87 42 34 95 52 47 37 71 33 75 19 50 22 5 46 59 7 8 0 39 14 71 26 2
59 94 17 28 0 91 35 5 58 70 36 78 6 80 77 81 63 8 15 45 1 28 3 54 66 13 27 21 83 51 18 25 72 54 17 39 27 15 83 66 1 43 10 65 0 29 15 29 98 7 20 9 14 66 81 17 81
70 62 85 98 3 40 94 41 64 1 77 91 37 95 96 17 60 45 0 78 82 82 32 96 70 53 73 14 22 77 59 98 93 2 13 52 1 38 40 45 46 37 74 88 38 43 45 32 36 91 31 81 55 36 50 96 36 51
48 40 7 70 59 41 18 13 25 83 44 27 18 73 38 42 39 31 48 25 86 83 81 59 53 98 90 2 41 51 4 0 55 11 29 7 66 45 16 40 59 45 92 75 65 72 93 26 88 25 83 74 74 92 94 17 97 39 2
38 79 14 10 38 94 15 17 79 97 81 14 96 71 41 60 20 9 9 2 53 91 13 24 56 65 51 63 27 71 86 65 97 98 44 50 3 68 38 88 54 21 30 67 51 64 14 80 85 30 9 32 83 77 35 41 70 22 21 62
23 73 0 46 99 70 19 76 86 96 46 92 52 84 27 6 37 48 88 71 85 16 93 90 99 79 81 12 73 84 38 56 70 42 56 85 51 73 31 90 56 20 43 86 92 58 10 46 67 86 63 55 29 71 17 47 85 36 82 29 39
47 82 78 2 67 10 26 38 6 38 91 36 75 43 12 44 94 85 73 89 6 11 92 14 83 27 95 84 65 19 40 80 59 47 62 44 5 20 74 46 67 57 8 25 56 5 21 77 80 37 75 63 3 93 0 18 9 3 26 37 6 97
88 73 11 1 61 65 47 64 13 16 73 71 13 8 26 64 13 96 45 96 1 14 97 39 13 79 6 55 40 26 21 76 72 32 18 82 35 79 65 92 12 45 91 96 75 73 89 62 5 35 87 46 24 20 93 23 89 75 67 71 40 28 21
17 65 19 9 38 24 6 46 85 55 11 99 4 24 52 34 79 49 17 31 11 30 86 48 25 49 6 82 83 21 18 27 39 49 13 19 74 11 54 60 49 21 62 63 41 86 79 8 16 92 88 94 76 83 77 52 91 81 79 21 49 4 88 50
45 85 95 51 95 4 51 43 42 56 17 87 19 47 39 9 97 59 69 22 82 47 12 77 54 39 54 34 93 62 86 45 79 81 30 68 58 96 73 29 58 76 58 70 33 77 9 65 97 73 2 80 66 50 78 70 20 97 19 94 87 39 67 87 37
51 44 22 99 17 14 42 14 39 77 86 89 96 73 93 5 90 8 9 35 24 70 68 53 30 94 54 39 50 43 71 33 69 41 14 11 61 73 79 4 60 9 41 41 98 71 82 9 78 84 92 65 68 20 59 7 66 75 90 18 73 50 95 32 40 1
37 17 93 91 7 66 59 12 69 77 42 11 90 85 79 98 90 42 43 63 53 64 47 14 24 73 40 37 95 61 52 64 25 30 55 62 61 4 43 45 54 79 16 16 25 72 72 9 45 50 57 80 98 7 59 13 17 75 53 92 6 72 46 18 70 78 66
26 86 14 88 27 47 72 7 9 1 43 50 49 61 78 88 67 61 23 4 54 60 19 21 22 38 49 85 24 33 18 17 85 50 65 15 86 4 41 4 96 55 42 36 4 22 81 26 37 94 50 17 27 14 13 43 12 29 81 30 10 66 10 37 68 3 19 57
47 88 6 44 13 82 46 23 47 96 23 37 13 30 25 87 11 13 75 35 66 23 87 35 54 53 11 86 77 52 90 32 12 43 85 80 57 65 40 62 49 66 99 44 70 59 4 35 58 16 24 2 81 31 24 76 22 41 11 83 59 6 41 12 73 89 33 19 56
39 5 87 16 22 4 27 38 2 60 57 25 12 52 19 0 92 92 69 31 77 61 40 30 3 98 69 13 2 65 97 2 72 76 98 35 74 15 57 40 41 2 6 55 80 4 88 49 5 46 10 46 93 11 50 65 15 67 93 25 26 66 33 8 82 4 70 20 56 51
54 15 99 34 77 43 96 31 82 52 93 91 10 89 8 72 52 7 20 31 56 35 9 16 59 91 43 2 9 95 34 74 21 60 60 48 34 40 43 27 65 13 60 87 81 50 11 94 1 82 85 46 7 81 88 53 89 8 24 88 80 47 93 88 1 71 9 67 67 86 55
39 25 69 95 28 96 8 65 66 34 78 11 2 25 29 46 28 25 94 83 81 94 9 98 84 6 5 84 46 70 18 96 89 13 82 93 46 53 83 43 23 66 41 33 14 6 97 85 91 53 32 31 21 96 97 37 59 99 42 47 61 13 84 48 76 85 19 31 52 0 55 97
73 32 72 14 92 3 51 43 40 91 30 61 84 56 66 41 39 74 29 79 69 33 43 39 20 60 0 96 28 65 46 21 58 5 22 14 38 14 2 38 66 95 82 92 15 42 54 3 65 17 57 30 44 12 68 13 7 63 97 75 27 36 64 62 81 97 10 73 39 62 99 4 68
92 50 15 14 91 68 90 87 20 87 80 99 81 39 83 76 23 87 5 58 54 8 11 6 28 26 9 24 93 55 5 24 20 31 40 96 20 76 97 30 23 7 35 36 54 77 28 75 11 31 62 19 57 3 69 83 28 61 47 64 7 1 15 93 75 85 33 4 33 21 24 92 37 61
79 88 68 1 3 59 23 75 86 32 52 16 18 3 67 19 81 27 56 94 6 3 3 49 14 69 16 95 27 9 25 59 43 63 4 77 77 75 51 46 17 45 50 73 62 64 93 73 43 39 62 52 84 41 45 15 59 89 49 70 22 3 22 32 52 99 60 68 39 92 5 77 59 60 94
44 12 76 73 48 50 84 85 45 34 77 14 87 93 98 91 85 77 37 94 35 82 34 95 50 75 5 70 52 32 45 92 76 62 60 10 57 1 53 26 88 7 78 11 58 42 46 74 16 38 97 57 25 7 74 38 57 2 85 45 63 38 97 52 78 13 84 61 57 27 20 97 57 71 77 98
26 0 13 5 11 92 79 85 16 10 17 20 9 0 9 19 95 49 64 14 54 8 31 99 32 82 83 14 9 34 69 21 1 64 19 49 4 40 60 25 71 90 8 62 86 27 0 28 46 29 43 87 1 16 64 59 72 65 35 15 70 58 26 57 20 72 54 68 27 85 35 28 39 38 89 19 60
30 74 14 3 31 82 32 9 20 87 49 79 93 65 15 12 30 1 38 46 69 91 54 24 23 29 36 8 35 14 86 67 85 66 28 97 23 59 41 93 68 9 41 69 6 79 49 66 89 57 30 51 17 90 87 79 55 92 15 96 77 15 33 43 54 76 36 80 5 92 39 36 70 43 92 19 49 63
68 76 22 14 60 39 16 53 71 73 85 70 22 88 6 89 73 60 86 56 26 44 74 74 74 0 72 80 20 56 53 16 89 35 43 35 72 86 80 97 64 16 23 7 43 1 56 90 86 70 11 51 2 9 46 25 36 55 62 89 26 88 75 79 37 29 92 37 24 37 39 61 50 17 56 83 66 64 47
87 53 5 23 54 24 5 89 54 93 86 24 73 39 92 18 48 1 59 61 61 56 57 66 49 55 46 62 15 5 83 68 25 10 80 23 22 18 94 89 9 98 18 80 68 55 57 37 82 77 94 32 20 39 98 41 50 16 39 30 42 40 72 94 57 69 69 75 40 11 59 65 50 5 21 96 51 96 67 12
45 14 98 66 20 82 39 86 52 49 61 66 31 59 8 31 42 82 26 48 25 2 79 5 38 91 23 45 22 24 77 22 33 39 0 20 1 28 66 13 44 6 61 16 86 35 27 43 91 34 26 78 7 28 96 47 2 54 60 37 51 80 72 77 85 78 35 91 52 81 6 7 99 94 43 20 61 59 32 20 11
38 16 87 60 48 23 59 58 59 73 94 70 32 68 99 79 18 73 44 52 79 62 81 61 15 3 67 13 93 84 97 27 90 6 84 30 64 23 2 57 37 66 94 64 68 87 91 44 57 99 97 91 69 75 87 42 98 69 95 80 90 32 70 33 19 99 32 17 6 41 33 75 25 60 13 88 67 30 85 98 19 82
48 56 11 89 77 49 87 11 88 83 78 73 58 92 73 67 50 55 83 3 1 83 22 21 36 69 84 75 89 52 73 13 70 13 11 56 34 56 15 92 99 83 45 72 63 10 27 13 8 97 5 47 19 16 48 42 54 25 38 92 50 99 97 34 84 96 39 59 25 73 76 48 54 18 10 96 51 82 37 24 3 41 19
22 68 82 73 58 88 19 94 82 24 68 3 59 96 3 96 35 68 99 62 97 42 20 21 46 99 73 59 72 20 47 37 87 77 42 9 32 85 80 28 25 14 26 31 18 65 5 95 85 56 29 37 52 29 29 46 87 33 21 32 53 41 71 32 2 39 26 40 96 53 70 25 71 13 53 4 86 99 24 54 77 71 54 42
4 47 78 40 80 81 64 29 25 3 20 12 6 3 97 25 11 42 65 75 45 38 24 78 96 35 27 62 55 17 12 27 82 41 2 94 38 20 77 7 4 23 46 42 9 58 1 89 63 60 68 75 64 13 63 62 45 88 10 87 63 51 24 28 57 11 57 13 69 10 4 15 11 79 74 78 86 67 18 61 89 76 33 90 67
97 78 4 13 86 2 18 95 2 84 60 88 93 44 19 75 96 82 1 88 59 41 15 82 89 12 2 4 21 90 55 78 76 86 79 15 3 13 10 57 42 10 13 80 82 50 46 97 0 45 17 91 79 35 88 86 1 63 13 93 27 92 57 46 49 94 68 45 78 76 59 78 41 99 73 90 48 11 70 28 19 10 59 91 58 86
59 56 85 72 79 10 84 7 93 35 8 16 41 19 86 77 86 6 74 34 41 82 63 61 83 29 62 43 64 58 78 56 72 60 3 24 81 35 7 19 42 6 19 15 63 67 96 15 92 43 78 93 29 91 41 0 50 51 67 32 13 50 79 92 92 72 84 10 5 66 34 84 1 34 87 27 2 67 2 32 16 53 32 32 48 20 15
94 63 26 58 0 5 77 15 94 76 28 89 23 61 53 50 28 23 51 40 25 81 90 77 1 86 30 18 93 20 64 34 0 39 22 45 1 5 59 8 15 11 63 5 14 57 35 40 50 83 94 97 5 70 37 97 41 49 77 83 7 88 61 44 34 11 10 70 84 64 41 87 18 85 99 70 16 17 61 41 29 46 77 82 51 89 26 64
