89
94
42 28
40 28 72
8 51 18 14
59 64 72 71 97
20 18 68 75 87 52
83 9 52 1 77 80 54
11 15 36 51 18 89 67 9
71 8 84 45 20 19 18 64 35
46 70 27 68 97 66 77 70 33 57
54 6 95 71 67 16 92 61 79 37 93
89 76 65 36 98 42 67 4 31 61 82 36
13 67 71 28 56 16 35 75 23 32 99 15 48
4 33 33 78 44 51 88 11 6 25 84 33 50 38
23 2 4 58 60 11 82 18 1 42 46 94 87 69 10
5 33 80 27 97 0 61 49 88 86 60 27 64 36 17 79
14 94 61 34 52 57 31 17 42 85 70 5 69 46 64 5 97
5 25 31 26 71 21 88 69 77 91 77 48 95 45 54 23 80 15
0 71 66 30 62 72 93 91 84 95 99 4 65 48 75 21 16 20 10
7 73 1 34 67 74 50 27 73 5 70 87 86 83 66 43 69 31 39 10
27 85 17 72 32 18 75 5 58 61 9 8 26 3 65 21 89 69 15 43 26
55 81 2 72 44 13 95 54 24 3 52 87 52 53 23 30 62 33 35 16 97 11
2 16 49 97 33 95 58 54 30 27 23 51 5 32 41 6 41 4 85 45 93 4 89
34 60 9 63 23 48 99 48 10 32 5 99 20 34 82 34 69 43 53 29 36 51 37 3
39 3 34 61 80 59 62 52 62 15 24 76 39 7 40 8 18 69 77 84 23 60 81 69 11
29 71 20 16 9 5 64 59 85 99 13 37 47 12 47 85 90 45 33 27 32 0 2 25 51 83
14 25 46 56 15 24 20 19 64 64 1 47 8 99 11 81 97 34 68 42 37 83 23 64 73 44 76
29 28 32 42 54 5 38 53 18 45 96 40 87 81 18 21 52 98 89 78 47 68 26 94 17 40 33 16
25 83 5 48 61 90 42 90 91 61 88 23 2 6 29 7 37 39 42 75 95 71 33 36 69 5 53 20 50
14 28 86 69 81 89 62 18 89 5 73 23 8 0 13 77 28 53 68 0 80 85 23 31 4 47 79 81 12 14
30 58 50 0 16 47 98 64 84 34 46 87 89 64 53 17 71 38 31 54 9 57 0 94 57 58 40 61 38 22 76
62 45 98 5 44 86 78 20 58 34 8 83 17 24 93 20 46 15 42 15 86 7 32 88 36 98 60 41 83 16 97 10
87 2 59 0 86 87 28 27 50 64 19 7 0 27 55 47 39 58 48 88 72 12 77 32 64 97 90 89 47 31 47 39 43
24 8 55 8 65 75 55 24 66 84 67 63 4 73 2 17 67 86 74 22 28 31 39 90 48 64 68 31 96 17 52 90 7 19
21 22 53 60 18 6 78 8 5 79 61 47 57 31 78 4 19 93 91 80 71 42 68 88 78 38 69 45 13 76 38 98 63 7 40
78 28 88 71 97 37 43 29 46 43 77 28 0 39 24 96 39 52 0 57 49 75 46 70 60 99 26 77 9 12 0 56 56 13 20 49
8 37 68 82 43 96 41 94 18 16 92 61 69 19 25 21 82 3 23 54 38 31 23 47 16 37 45 40 56 8 56 95 73 68 7 81 99
59 18 3 25 87 8 79 14 18 20 21 12 68 20 34 66 26 29 28 29 92 14 63 96 64 56 85 6 0 20 47 74 38 2 8 1 77 96
47 95 0 81 30 98 0 95 37 92 23 70 38 40 27 18 47 13 24 59 63 0 12 79 51 72 7 8 78 4 5 54 51 71 99 96 95 8 0
47 0 58 52 73 40 0 76 57 82 3 10 66 50 53 49 52 17 58 31 2 73 63 79 24 25 49 67 14 60 36 48 98 70 23 78 0 21 62 62
75 53 48 3 47 17 90 42 44 32 47 73 21 38 6 43 4 75 24 32 43 39 36 32 52 33 70 81 44 85 60 40 5 7 20 63 18 90 16 36 94
38 83 74 50 17 44 47 10 40 93 57 17 40 58 49 14 34 65 35 59 47 40 84 5 68 65 25 99 56 9 94 3 16 40 96 20 80 29 83 16 38 80
87 56 88 10 89 65 53 10 14 27 90 75 71 93 69 92 50 66 13 75 60 97 17 39 1 22 85 73 43 38 61 40 78 53 61 5 18 46 62 88 46 44 48
25 65 22 95 3 76 64 80 72 74 18 91 10 36 84 87 53 51 12 72 96 46 97 6 2 88 70 45 38 22 78 93 13 13 79 22 58 23 67 68 10 8 68 18
19 82 17 92 55 6 91 75 76 66 19 50 23 96 28 37 66 55 58 11 0 21 52 93 79 37 2 45 38 92 17 84 28 86 73 68 4 17 15 46 5 53 92 22 6
12 56 45 77 1 29 3 59 37 44 7 89 10 49 6 39 10 39 40 45 27 10 10 71 72 42 35 18 10 50 97 15 10 85 5 29 70 42 60 17 55 53 87 47 26 0
77 52 15 86 14 33 92 80 48 22 5 19 17 87 45 85 52 54 75 95 89 53 37 88 66 73 88 72 34 66 40 78 49 74 52 31 93 72 21 57 83 72 54 96 79 21 56
81 24 80 96 1 54 18 40 7 31 70 90 83 35 60 50 83 82 93 3 60 8 14 93 52 28 84 66 62 63 51 87 53 32 16 88 39 16 95 55 63 96 80 94 89 9 3 85
25 75 18 8 19 24 97 55 54 91 35 99 48 42 13 5 55 80 44 75 41 54 4 51 71 18 27 5 86 40 3 41 25 30 41 82 30 73 17 33 34 41 29 79 51 30 61 69 72
82 60 80 74 18 3 93 80 5 24 55 92 80 61 19 79 37 98 45 26 71 43 58 25 83 44 33 90 27 85 81 70 91 40 55 14 0 66 95 45 25 98 59 16 1 36 98 89 59 12
95 47 62 4 28 41 32 99 57 47 46 41 63 12 29 12 87 16 66 27 31 10 59 37 86 53 44 23 19 18 38 97 58 57 75 16 4 43 77 53 41 82 87 92 23 38 6 11 58 19 0
70 59 94 0 50 4 59 37 74 57 9 44 10 85 30 50 52 21 95 62 4 30 17 24 91 84 89 30 6 2 21 34 70 17 61 80 84 91 72 31 65 93 47 22 51 94 12 53 9 55 74 72
11 97 73 64 38 3 4 19 95 40 74 73 7 90 57 36 67 11 17 71 76 70 25 45 22 91 61 40 64 51 92 69 14 42 59 33 17 21 95 44 80 62 61 49 82 76 82 57 74 18 97 90 82
99 58 74 95 0 2 14 60 3 99 63 14 60 71 66 63 27 65 45 1 73 53 68 44 37 4 94 7 10 16 47 37 37 39 88 21 37 31 58 1 58 50 26 90 78 60 74 56 93 37 36 68 87 14
84 2 68 6 37 29 88 85 99 23 63 68 12 64 97 90 81 0 34 15 5 57 49 92 96 72 53 46 6 79 99 95 75 26 58 34 48 54 75 6 72 52 21 55 64 94 5 7 33 53 5 90 77 92 45
14 69 96 18 46 19 48 60 49 74 62 25 89 75 46 5 47 43 31 9 79 2 59 45 60 63 92 62 47 91 10 73 33 71 7 29 93 49 46 24 64 99 22 61 83 95 25 32 7 58 32 16 84 29 95 66
39 77 8 89 20 64 77 96 80 38 91 59 98 92 99 64 94 20 82 55 79 6 40 50 90 45 50 64 57 6 16 83 13 3 50 0 72 42 67 14 64 96 97 83 26 58 85 35 11 68 73 5 60 42 54 6 52
44 24 88 43 71 26 48 21 38 70 91 15 16 47 36 15 69 11 58 50 0 20 82 7 19 47 61 41 89 35 48 52 1 63 7 3 0 84 15 57 86 7 41 22 16 29 16 49 61 53 27 70 79 33 86 56 40 47
48 66 99 10 83 71 94 19 95 62 12 59 23 7 73 51 67 33 49 42 59 79 52 14 0 64 36 45 79 16 48 7 69 34 54 99 37 77 8 29 26 21 99 38 5 62 98 74 10 42 68 53 8 39 48 59 32 79 17
12 1 11 10 49 53 34 12 77 51 77 39 5 77 72 10 54 40 40 0 98 6 69 87 43 12 26 52 81 78 80 24 64 53 36 6 34 16 30 67 3 72 6 81 27 17 34 77 7 93 91 8 98 75 3 97 48 97 52 11
78 44 85 10 14 70 6 3 32 99 94 14 82 2 1 90 40 77 5 34 61 47 70 61 49 47 22 89 80 96 8 86 40 72 54 59 5 40 6 42 96 32 21 87 14 34 6 59 43 88 86 26 11 4 94 96 27 25 5 53 61
81 63 24 40 24 50 81 54 74 95 28 79 87 12 31 67 89 76 74 66 77 91 30 94 6 95 63 70 45 70 0 46 89 19 83 16 84 53 52 34 11 58 91 15 13 74 63 68 32 31 76 22 48 8 8 42 82 38 54 82 16 95
85 19 56 33 89 38 94 53 32 9 62 3 62 42 93 72 18 85 86 8 6 55 22 18 49 93 28 28 78 16 90 46 59 87 78 87 32 40 73 72 8 22 73 23 39 13 40 94 28 90 76 40 16 16 26 89 96 17 3 26 6 24 73
84 78 77 60 31 89 10 82 58 90 1 6 19 78 44 29 38 20 63 85 8 9 59 49 20 56 55 45 77 21 28 99 89 21 79 38 77 24 42 21 78 25 35 24 13 53 64 14 10 63 38 23 56 78 22 46 2 41 96 65 3 77 0 37
19 44 90 6 36 43 50 95 17 40 24 25 34 75 5 14 54 84 8 18 13 23 39 13 19 37 99 23 9 34 26 64 10 11 40 10 83 39 31 8 75 32 80 88 54 61 92 83 36 0 60 79 52 63 43 87 26 24 45 16 59 62 29 49 89
83 23 89 40 4 98 42 79 26 40 62 47 80 97 2 12 32 39 64 55 86 14 16 89 3 76 47 98 30 13 73 99 84 36 11 22 60 15 35 41 10 4 51 21 3 73 95 94 36 45 82 41 80 35 22 70 84 60 68 75 85 22 28 69 9 99
92 40 90 7 46 19 75 9 66 80 81 82 15 71 84 3 52 58 43 29 1 15 39 10 83 39 99 68 7 81 68 17 97 24 8 13 2 91 4 98 24 39 68 58 42 8 70 14 75 57 18 55 47 44 70 86 40 16 51 59 26 1 87 53 8 14 27
59 82 21 55 14 30 12 80 77 85 10 94 21 13 97 15 76 55 15 29 60 56 53 7 69 80 67 74 9 0 46 14 58 2 89 35 21 59 66 90 16 58 63 97 95 6 46 4 1 81 32 19 20 67 14 60 65 82 37 92 22 30 46 35 6 53 26 36
19 12 54 10 18 21 89 13 86 16 78 7 51 84 43 38 51 64 75 38 7 23 19 83 10 44 70 20 25 10 3 15 74 86 95 61 90 15 45 29 90 59 58 6 2 3 44 53 48 94 83 95 9 16 31 5 49 33 51 31 42 75 89 10 99 18 56 16 63
97 79 21 97 61 36 98 49 45 65 90 68 27 12 60 20 97 34 20 29 9 45 93 81 97 1 16 90 0 72 11 7 93 36 58 90 28 63 37 19 19 35 89 35 10 34 52 57 15 62 3 18 34 68 21 56 83 2 88 56 53 6 85 16 17 66 55 39 97 60
1 30 99 97 47 96 48 72 37 82 63 47 78 11 17 76 11 12 8 6 7 78 55 98 34 42 9 43 54 71 47 40 29 66 8 23 38 90 74 70 45 1 38 33 70 47 44 43 85 60 15 21 75 34 11 13 80 73 86 44 27 36 96 52 51 26 84 60 25 62 38
16 35 55 47 95 60 95 59 27 75 15 32 43 97 8 70 73 10 10 48 52 29 6 66 53 61 34 60 14 67 79 12 89 99 87 4 68 68 1 89 18 25 52 91 72 5 2 67 88 26 27 72 14 93 1 96 16 15 98 89 8 95 54 56 91 52 28 70 73 75 61 40
56 44 99 26 18 19 14 14 76 91 91 16 76 81 70 94 73 48 97 3 18 80 95 3 59 25 21 69 50 12 44 0 51 57 81 18 93 7 1 84 30 85 76 62 92 84 18 87 54 17 60 11 82 32 92 66 17 55 58 21 75 32 24 19 26 87 86 36 75 84 4 58 36
88 27 46 19 98 21 86 32 32 15 69 64 7 50 59 14 21 7 1 57 92 10 32 60 71 40 68 84 73 48 73 18 86 81 23 0 69 85 91 95 32 94 98 14 21 80 55 61 25 54 79 65 58 3 68 85 33 48 63 63 13 10 51 69 87 58 10 77 32 63 22 36 89 5
10 33 75 83 79 50 13 63 73 45 84 40 3 10 45 0 41 76 97 43 78 24 73 67 40 29 24 64 80 89 31 69 70 74 38 49 31 96 52 52 63 80 96 29 35 45 18 12 28 82 67 27 97 5 9 76 32 29 12 92 78 24 12 43 89 31 41 25 4 52 66 53 44 13 17
26 86 37 98 2 80 68 1 82 29 74 85 59 40 42 93 76 34 71 63 68 57 94 37 68 42 86 56 52 64 38 82 26 34 10 66 4 72 73 68 52 24 85 0 59 45 98 52 61 28 22 29 18 19 59 25 24 24 9 34 6 64 57 22 49 51 4 6 7 85 77 10 85 13 90 82
55 15 16 12 49 31 18 2 70 32 86 52 17 11 61 49 78 62 12 41 85 75 70 79 2 0 47 86 16 19 50 59 45 53 39 22 47 71 42 59 42 52 15 95 93 56 56 92 70 54 9 0 53 92 42 98 57 99 20 84 60 82 72 89 74 99 42 22 24 66 95 63 82 34 17 10 76
60 67 19 25 28 21 64 71 59 36 63 16 44 84 92 94 56 34 45 1 20 74 45 89 76 17 83 27 32 37 65 81 17 67 25 29 53 1 80 19 85 88 3 29 86 98 32 63 31 61 98 99 39 14 18 25 56 17 14 39 69 42 71 66 31 26 80 87 30 79 14 67 98 15 19 92 41 66
71 56 63 16 16 3 94 88 84 60 83 11 66 45 68 92 46 81 71 52 19 14 40 91 34 90 48 91 73 72 37 27 32 46 26 9 32 87 49 35 50 70 95 19 62 0 78 45 35 20 10 33 90 31 37 16 86 98 79 72 43 79 83 48 11 55 56 83 22 29 53 56 70 82 12 26 80 54 2
47 79 68 44 56 84 76 83 18 91 80 54 34 94 53 66 59 55 62 25 40 65 42 66 18 89 26 42 1 0 44 14 19 90 93 93 95 69 73 92 60 65 29 29 81 17 15 45 50 23 11 63 46 11 83 12 85 21 80 2 15 3 91 79 16 66 11 96 44 20 23 9 78 57 24 27 36 65 75 64
38 4 12 8 26 16 62 16 30 99 78 93 47 44 84 1 20 84 14 67 79 3 6 8 35 71 50 98 70 79 55 16 65 30 31 76 61 86 84 87 87 17 45 5 39 49 90 74 98 23 20 92 95 20 97 64 80 18 67 98 45 92 23 62 32 89 30 85 80 34 43 37 87 79 78 61 54 20 55 49 73
44 19 37 56 0 97 95 10 49 54 65 71 81 84 45 48 46 39 83 12 74 77 44 85 45 88 78 98 12 0 9 63 34 72 38 10 9 77 94 30 0 75 46 73 77 70 11 24 76 39 22 45 79 55 43 52 37 96 56 4 22 42 13 32 38 70 59 95 95 92 70 93 84 33 32 52 23 23 43 54 51 61
3 18 49 20 53 20 20 93 65 82 51 63 44 6 14 50 88 60 90 56 50 47 88 99 35 72 20 28 74 39 38 26 29 48 36 42 39 4 76 38 76 62 82 52 96 92 85 40 5 24 88 62 12 70 54 68 84 91 25 53 77 78 18 26 57 18 93 52 50 55 5 12 55 13 85 77 50 91 9 47 68 6 84
61 96 27 55 20 53 25 29 48 79 18 39 20 12 62 62 29 95 32 51 36 51 61 11 82 50 83 13 70 7 65 95 83 12 93 8 69 89 44 85 5 94 7 79 73 97 24 23 1 69 36 33 46 42 30 71 84 27 20 21 33 98 27 79 22 93 7 50 34 54 60 81 32 74 95 23 99 85 69 43 9 11 62 34
45 45 3 8 76 43 47 34 86 23 34 11 75 72 52 19 50 46 13 67 69 37 16 9 56 1 61 3 14 66 33 99 22 12 89 66 82 59 92 7 56 10 52 3 11 1 9 44 29 75 26 89 4 20 28 28 20 80 94 67 71 24 30 58 79 87 22 83 16 22 9 0 43 9 45 94 8 39 39 87 31 73 17 57 56
54 17 52 34 11 75 29 49 27 41 38 80 2 1 95 4 42 68 97 4 64 92 29 56 7 27 45 52 93 72 29 26 47 29 98 41 73 18 57 19 73 53 38 53 85 65 85 36 30 6 86 65 23 18 68 6 51 73 36 28 17 82 48 52 36 10 89 83 47 55 92 18 46 83 7 87 76 0 80 74 15 2 92 51 83 92
76 50 74 30 22 30 1 15 30 97 28 48 43 62 27 71 31 20 94 31 77 75 62 69 68 7 16 23 75 38 64 20 9 99 88 34 8 92 26 78 10 36 33 43 27 73 72 85 91 63 78 59 8 33 55 96 42 13 30 53 73 11 51 85 66 44 17 47 79 19 70 89 75 16 18 57 32 89 85 19 59 73 68 5 81 34 8
88 43 89 58 89 96 52 39 72 34 34 3 99 6 76 59 57 64 30 1 48 8 88 50 41 8 47 14 16 81 61 34 51 46 61 55 80 87 30 84 56 99 14 39 34 64 33 74 50 66 35 82 78 62 95 19 4 48 20 62 69 29 12 17 12 79 92 5 66 68 69 74 63 41 23 71 40 59 68 21 64 17 72 14 37 47 71 80
8 21 55 35 48 42 89 1 89 90 31 0 74 90 53 26 57 55 27 48 41 85 26 60 13 44 66 48 13 33 31 16 20 67 5 97 68 83 67 8 59 12 14 41 78 26 76 68 6 84 11 32 85 79 34 53 74 84 63 83 96 19 20 78 57 99 14 69 43 43 2 17 80 57 83 45 39 57 89 33 33 55 79 99 17 19 54 8 98
