89
82
88 59
59 59 65
70 29 1 99
48 40 76 70 88
88 2 46 88 31 57
97 63 77 77 95 4 37
77 58 14 42 75 61 8 49
61 72 2 61 86 29 1 91 80
68 17 7 18 94 68 70 78 48 62
46 66 42 60 68 9 45 98 33 24 14
47 29 8 59 51 80 37 28 54 38 82 69
71 8 22 89 58 85 36 82 78 67 47 11 33
58 1 22 22 18 55 60 3 53 59 79 77 70 76
40 69 33 48 93 45 36 68 67 67 73 46 32 49 13
52 38 70 13 14 2 83 79 75 66 0 38 18 72 76 87
25 85 44 45 72 98 52 18 61 27 23 17 77 67 32 63 25
24 65 24 28 62 27 62 2 74 85 26 41 1 10 67 65 29 13
11 94 69 76 82 54 13 45 76 63 54 83 85 77 25 64 95 52 10
94 28 48 83 66 26 17 52 60 82 16 92 1 34 44 42 15 15 44 60
68 59 17 6 57 35 16 52 18 38 11 32 35 51 98 94 19 34 73 42 95
44 22 42 66 10 56 53 8 50 52 84 59 62 98 35 78 18 78 39 99 77 86
53 25 88 44 56 58 91 81 20 14 91 78 73 36 82 28 51 18 71 50 50 60 61
89 13 6 41 30 88 60 97 15 10 61 47 33 1 62 20 25 47 84 51 65 94 30 61
10 32 66 91 90 19 46 10 22 58 13 10 3 83 91 47 87 62 4 69 43 79 37 31 58
95 71 31 92 73 31 50 40 53 9 87 29 12 64 91 70 20 44 53 39 80 14 4 40 97 47
0 51 20 16 24 32 43 74 98 82 20 29 14 46 16 51 44 80 45 83 77 52 9 40 44 68 24
99 76 10 8 57 35 17 89 94 9 52 92 9 88 87 16 77 52 31 79 69 73 43 36 42 80 86 19
50 66 51 62 64 65 2 68 72 59 56 79 20 37 89 22 94 39 85 49 56 49 91 56 2 62 53 8 6
58 12 36 84 31 22 38 69 73 32 69 42 79 30 72 31 47 59 56 78 24 56 89 5 36 99 19 72 32 11
85 50 31 48 68 38 3 37 43 94 72 92 3 49 45 41 79 24 67 88 80 55 10 46 15 92 62 44 87 37 54
52 31 18 44 57 31 73 49 16 45 31 12 3 55 33 92 32 88 15 19 85 2 76 51 18 42 81 36 63 46 65 20
81 97 3 40 48 20 30 82 78 16 5 73 2 69 55 27 58 78 64 2 7 89 9 18 37 64 47 5 66 27 64 81 89
9 65 87 15 24 87 25 42 82 99 83 90 96 27 84 51 24 14 39 66 6 93 24 1 13 45 61 27 77 12 86 36 84 52
55 29 22 86 12 32 46 85 34 59 92 50 30 72 20 6 66 5 35 90 27 77 95 9 50 1 97 16 35 58 84 77 70 31 97
39 41 15 87 36 55 61 27 16 96 92 35 66 47 86 8 60 9 80 42 99 72 18 73 66 93 14 41 53 51 37 75 67 87 17 82
25 42 78 1 1 59 47 92 26 93 91 6 50 88 17 66 2 57 96 60 7 78 15 52 80 15 5 21 23 98 93 84 13 43 75 12 66
9 62 24 36 71 63 21 72 82 60 70 98 33 8 53 82 5 90 43 47 1 34 44 8 62 80 77 30 45 51 39 16 74 7 17 97 42 87
32 60 22 17 7 70 0 68 49 55 60 36 85 32 81 40 14 15 55 96 10 67 99 15 85 7 51 17 93 58 97 86 78 20 59 52 22 35 83
39 99 41 66 47 91 86 32 6 72 2 29 97 77 93 70 8 21 30 43 5 57 5 30 13 58 78 60 50 19 0 59 52 80 15 99 27 43 14 9
59 89 70 95 32 32 94 27 58 89 44 40 66 70 87 98 82 73 66 38 68 75 60 17 40 65 50 30 24 68 87 30 79 97 59 93 49 53 51 67 28
76 9 76 23 77 14 53 12 62 62 28 77 11 45 74 65 95 36 30 20 83 3 55 51 92 90 15 0 11 25 16 56 47 88 65 78 0 91 75 43 0 50
64 16 43 10 18 79 18 82 56 24 71 35 59 88 58 42 80 81 51 60 58 89 84 79 56 15 42 5 27 40 43 74 89 19 63 72 4 84 92 60 92 74 94
16 80 75 46 77 18 0 15 93 60 69 14 50 51 88 45 51 33 85 29 97 84 95 22 44 1 10 14 57 12 11 6 82 1 34 6 3 49 34 8 44 75 75 27
88 76 66 53 79 98 31 94 93 16 96 16 73 45 79 89 95 75 26 83 96 50 77 79 41 62 17 67 21 76 6 54 3 33 47 92 29 16 32 31 98 45 95 7 44
41 7 1 45 80 66 92 9 72 47 33 33 94 3 55 49 51 72 44 45 17 7 8 60 59 32 17 84 21 35 91 79 21 43 78 92 68 67 43 29 9 52 27 65 94 38
8 83 32 89 40 67 56 7 59 83 48 0 17 77 56 94 54 7 50 18 29 49 98 37 68 90 63 41 65 33 67 89 31 6 72 30 8 28 93 73 53 46 7 81 25 62 1
33 95 49 21 42 55 67 81 44 31 58 59 28 69 14 15 69 6 77 44 51 25 0 34 7 50 63 26 71 33 98 9 95 70 9 65 62 28 92 41 96 91 39 40 38 94 4 37
80 80 45 11 26 77 55 86 59 38 56 16 5 22 18 62 81 56 45 2 44 11 64 40 48 65 95 1 32 78 67 82 48 34 97 59 11 81 61 50 25 53 10 37 33 16 46 11 57
39 92 41 95 45 74 77 64 83 28 5 38 46 31 21 64 50 22 20 19 78 14 6 17 87 24 82 27 31 8 24 25 2 7 40 60 57 20 47 40 98 87 33 0 62 8 79 44 84 71
15 82 46 97 90 18 1 84 80 10 46 92 93 64 34 76 68 13 96 4 4 75 16 69 39 75 60 24 88 61 29 18 59 24 61 0 82 59 90 5 85 6 56 45 1 88 82 79 3 86 90
29 74 3 71 97 77 12 50 67 22 48 6 24 93 46 46 78 44 82 0 37 73 27 29 28 42 64 65 77 17 0 68 29 40 77 79 21 92 29 54 52 67 93 75 74 19 74 96 10 80 21 20
77 19 85 28 68 40 88 93 27 13 94 63 97 91 5 47 48 28 1 54 89 46 65 19 48 9 50 72 58 29 38 80 76 92 94 73 1 77 21 26 58 81 51 84 29 86 79 51 4 22 12 79 82
62 34 8 3 19 79 2 70 58 95 0 86 7 81 10 68 94 8 13 68 86 68 43 53 46 64 2 65 79 56 10 50 65 95 45 44 63 66 73 93 37 80 67 68 35 12 20 81 2 34 99 19 46 0
10 91 79 96 96 55 25 42 29 65 87 61 43 40 2 75 31 90 43 2 28 13 91 21 77 44 1 60 78 84 16 92 61 65 77 62 70 48 69 74 20 41 96 38 88 67 35 35 66 68 85 15 37 82 65
1 89 48 9 15 97 89 11 74 64 53 64 7 17 61 94 16 84 93 35 18 43 62 35 68 26 67 12 5 5 68 12 84 2 31 38 47 14 61 2 74 38 94 94 70 92 30 31 68 12 55 70 88 24 72 27
71 66 16 48 86 28 31 99 13 51 70 80 43 28 12 51 62 81 52 12 78 30 74 57 56 80 79 67 10 25 99 51 31 5 42 70 59 64 90 10 78 22 97 63 54 57 96 36 13 44 55 53 84 48 22 32 77
67 34 98 90 66 73 2 50 56 34 73 46 8 65 69 45 33 99 82 52 59 71 40 65 84 94 61 53 21 82 26 3 89 74 78 51 28 98 81 54 28 30 63 94 59 24 39 82 14 21 93 17 63 85 9 84 11 6
60 41 33 51 6 35 41 25 62 40 13 75 62 17 51 62 21 47 44 16 70 82 90 42 73 16 28 10 88 17 6 25 97 42 51 47 19 0 26 64 72 74 0 53 76 34 45 26 81 94 40 77 35 20 96 81 35 34 74
24 60 82 37 40 87 10 34 11 79 9 65 89 84 38 66 77 29 30 44 97 8 97 10 70 89 53 43 69 87 41 23 2 6 73 12 83 99 49 51 56 41 21 0 11 26 46 15 3 82 55 0 57 71 86 12 17 78 44 32
6 40 27 33 22 5 28 75 32 64 35 51 29 14 27 89 29 75 95 5 69 5 76 87 82 13 8 56 70 17 25 20 33 94 75 83 72 77 9 78 43 50 47 45 91 86 81 16 82 0 46 86 80 7 9 60 16 0 90 98 12
35 95 17 94 78 2 91 78 6 37 29 39 53 40 99 77 45 48 59 33 71 82 67 91 66 35 40 56 74 69 63 26 32 90 14 97 31 54 49 79 71 25 16 22 52 95 7 38 49 6 46 99 93 2 59 34 45 41 3 5 61 68
17 96 39 81 75 73 26 58 87 59 70 87 83 72 94 91 35 83 54 80 4 67 23 4 31 69 23 68 37 50 43 34 35 92 24 75 33 76 23 87 71 88 94 15 97 58 42 15 3 24 37 64 89 74 84 83 39 74 38 43 13 87 53
50 41 22 68 69 87 99 44 82 97 50 55 67 41 39 53 75 32 92 86 35 53 43 59 28 50 64 84 58 12 27 87 86 99 93 19 25 99 88 10 97 81 54 18 81 50 66 50 12 15 52 15 19 36 62 99 14 14 51 54 34 24 87 80
95 54 27 65 2 95 27 74 94 23 96 84 26 66 61 71 80 54 20 12 51 6 43 19 58 33 39 82 34 20 63 62 15 44 79 78 57 81 84 13 1 17 84 50 14 32 94 29 87 29 73 57 5 3 71 55 28 35 88 19 81 87 91 15 36
59 96 34 94 86 86 95 48 33 69 26 36 94 66 97 6 59 34 6 44 31 1 92 38 58 35 58 1 94 49 26 62 46 58 29 63 37 24 81 84 23 1 86 45 37 79 11 76 93 72 8 57 36 59 54 74 40 84 89 95 23 32 60 95 89 99
35 15 92 46 85 17 59 39 20 0 37 32 38 11 4 39 59 33 58 59 72 1 19 30 66 88 82 85 78 94 43 89 84 67 89 58 88 47 34 2 13 79 36 35 1 68 91 77 50 73 70 78 82 6 84 34 92 32 19 15 7 2 72 17 90 75 87
42 95 16 28 49 95 81 47 84 94 73 38 58 64 71 62 87 58 11 72 5 92 37 86 67 49 37 12 44 56 94 58 21 4 4 53 44 15 77 39 68 22 48 68 43 22 36 45 52 89 88 30 10 31 41 6 23 6 77 89 74 72 1 40 3 44 90 25
67 51 75 61 81 24 29 33 18 71 60 79 75 69 49 85 12 53 38 70 89 57 76 9 16 17 19 61 59 92 97 15 71 0 92 13 74 39 88 14 27 21 71 26 38 86 53 98 86 87 15 33 14 87 57 50 84 88 49 57 40 60 59 12 77 69 56 98 55
5 65 41 33 68 16 95 27 3 56 15 76 23 60 80 0 39 46 34 94 28 3 16 29 82 84 38 37 53 18 87 42 3 18 60 4 28 95 95 40 34 3 0 18 22 2 63 79 30 19 8 20 58 5 47 58 60 68 53 1 69 51 45 39 86 8 88 83 69 49
42 83 33 57 18 52 38 38 2 85 38 21 33 26 14 39 73 80 25 93 95 26 63 20 93 86 12 94 57 8 66 0 83 8 79 54 85 64 16 11 4 78 92 72 67 18 60 85 10 65 63 52 21 54 41 6 7 38 31 36 1 49 27 31 13 75 17 69 6 33 10
0 5 58 84 62 81 5 24 10 21 18 26 14 15 99 98 46 93 53 55 65 55 91 32 32 66 38 14 51 27 73 25 82 81 90 86 21 16 78 15 5 82 2 44 30 60 22 14 0 17 83 42 76 90 98 91 66 26 92 74 83 48 58 94 89 84 99 38 55 20 52 78
0 25 49 59 55 36 28 53 14 76 84 69 5 74 25 21 35 86 29 55 0 43 17 44 11 90 42 62 19 61 30 46 17 81 31 59 8 20 2 79 66 86 19 18 0 98 25 22 37 80 50 10 66 57 78 1 28 98 59 81 63 85 98 2 57 15 11 36 91 19 66 31 59
0 38 49 9 99 39 45 31 30 46 9 39 54 79 35 46 96 52 3 49 13 9 55 71 69 26 28 68 83 61 81 64 83 41 47 47 94 57 96 59 76 60 34 15 7 84 72 88 57 31 56 45 19 57 91 25 24 8 30 36 95 71 93 60 16 2 96 34 7 78 99 81 37 95
56 99 58 19 30 31 89 39 57 5 53 91 55 19 27 62 71 35 83 26 68 61 8 90 29 76 6 28 52 29 86 80 88 29 90 3 71 57 64 8 40 4 4 48 34 97 7 59 92 87 76 15 83 39 43 1 35 75 18 41 18 87 9 11 4 44 90 50 79 51 88 82 12 26 17
53 59 14 40 38 65 42 28 84 33 34 28 6 8 0 39 18 57 40 45 57 17 82 69 35 69 86 67 59 61 8 67 34 17 14 43 78 20 98 59 4 4 9 60 80 88 87 12 41 13 92 31 85 40 62 66 89 52 3 39 94 18 27 67 73 33 76 12 8 48 47 93 49 87 29 47
33 22 15 17 39 74 59 96 19 8 50 88 3 45 84 18 11 0 11 49 23 52 75 62 91 70 90 70 89 94 75 45 56 46 40 4 54 67 17 50 65 95 8 34 47 35 95 8 1 40 48 12 72 9 18 11 30 81 74 77 40 98 32 90 85 30 31 38 81 75 40 63 48 27 65 47 18
87 95 85 21 66 72 66 89 55 77 46 92 73 17 45 38 69 8 15 60 18 95 0 36 66 41 12 78 1 5 59 34 39 81 93 28 70 57 41 62 70 7 94 14 82 8 90 15 95 86 56 59 18 34 0 86 88 42 11 55 58 95 78 85 15 13 13 24 29 64 93 34 52 6 89 74 49 13
0 18 46 89 1 52 41 32 60 83 72 72 40 8 45 67 73 42 59 54 12 69 47 12 50 83 28 50 19 61 65 68 80 45 69 67 39 33 84 52 66 4 22 41 44 73 52 45 30 91 86 4 30 99 96 93 67 40 84 74 92 55 17 60 5 23 71 64 64 31 16 88 51 27 69 66 51 17 40
66 0 94 63 61 24 52 5 18 35 74 39 81 77 55 8 71 56 7 12 46 2 93 40 80 69 32 55 51 16 71 5 89 32 41 19 47 96 65 1 64 93 75 50 10 52 66 9 28 7 85 87 55 87 61 65 4 73 23 24 61 52 23 21 42 82 45 16 30 23 91 98 31 18 24 68 98 13 84 46
89 14 94 15 96 18 0 13 64 27 39 93 42 74 74 3 29 87 8 81 99 69 25 24 29 18 41 55 60 57 72 40 43 72 68 10 1 60 33 67 56 13 99 75 47 86 24 20 61 91 36 81 64 83 17 44 12 99 62 17 60 8 43 26 49 96 48 5 19 19 7 86 8 50 83 42 26 27 83 96 56
98 44 64 22 33 63 35 53 20 49 29 84 39 39 35 92 30 59 10 2 82 74 52 70 5 81 43 40 87 35 97 92 88 28 89 67 24 90 18 92 61 74 20 75 26 13 22 19 76 74 60 44 79 58 10 39 96 24 85 53 81 77 99 95 11 64 76 27 69 53 47 82 72 18 11 99 91 93 71 65 9 31
59 97 34 21 38 24 92 58 53 89 82 85 12 14 9 46 66 21 9 51 77 60 37 90 80 48 49 65 60 59 20 66 81 65 1 12 15 98 35 17 61 94 28 14 41 30 51 65 92 24 68 17 19 94 83 96 84 9 76 10 99 60 10 99 6 61 76 77 98 96 32 88 74 54 1 89 31 36 22 36 80 90 34
26 72 41 66 37 90 79 32 50 32 4 16 17 42 60 85 63 34 51 67 88 10 65 42 61 97 7 36 45 15 77 47 8 65 23 31 76 92 89 89 69 80 7 80 27 71 25 57 63 61 96 28 49 83 33 97 87 19 26 55 32 30 50 91 36 13 53 26 65 42 74 82 27 79 91 48 45 65 65 87 51 52 58 31
90 52 32 57 52 74 65 71 68 67 0 40 82 83 38 49 51 97 75 18 7 96 34 93 12 13 17 16 88 14 35 59 34 11 40 42 98 68 60 50 30 89 33 46 3 37 33 1 17 31 26 26 16 57 26 23 99 15 72 21 90 20 88 69 55 2 7 21 46 34 9 79 27 14 18 68 66 18 22 76 65 54 92 57 13
93 21 72 42 29 18 51 12 88 47 47 64 16 80 25 44 3 7 54 54 27 9 98 17 69 89 82 34 69 71 68 91 36 54 5 56 99 95 81 16 18 28 71 37 6 41 99 91 25 2 23 57 77 44 54 86 11 49 44 0 21 99 31 59 79 78 49 47 34 61 7 43 55 70 48 53 85 58 61 93 76 33 0 1 32 1
88 82 28 57 64 97 11 73 24 97 85 3 77 80 34 88 52 4 55 78 60 34 3 18 2 25 37 81 35 86 38 45 88 25 19 95 50 10 50 29 77 16 4 67 95 84 59 72 26 16 60 24 67 85 19 67 16 7 46 90 13 83 59 79 96 97 90 44 98 99 7 3 90 18 0 31 89 82 53 40 10 2 78 14 60 45 17
38 95 97 89 74 18 30 41 84 38 12 76 35 49 86 79 12 57 90 68 65 59 82 51 55 62 57 88 52 13 12 0 3 49 12 86 76 19 98 24 58 7 69 55 51 75 80 14 91 37 36 10 85 23 45 20 99 72 56 89 30 93 44 67 34 56 10 32 87 42 50 80 1 5 0 78 31 90 48 89 74 27 13 24 26 6 78 35
32 48 45 76 17 61 93 67 19 21 92 33 69 39 0 29 26 10 48 84 37 74 38 27 89 6 67 94 88 73 94 89 15 84 65 36 26 80 4 63 18 52 37 9 36 14 33 2 69 8 13 30 59 41 62 10 63 40 91 38 58 97 30 52 48 84 9 26 78 92 5 46 29 56 5 29 93 78 42 7 18 9 15 83 46 93 69 5 83
