100
69
73 45
99 1 68
52 44 36 38
21 45 4 98 68
34 23 76 67 6 21
18 4 51 41 58 80 39
4 60 71 16 1 21 92 43
41 17 66 49 31 88 8 79 33
45 31 73 15 99 6 3 29 15 25
69 31 73 67 54 70 81 53 64 80 94
37 83 18 4 84 32 51 81 92 24 83 49
17 13 60 67 85 89 82 28 26 27 51 42 66
40 44 88 66 64 18 41 0 50 49 40 51 97 91
69 44 49 80 14 83 88 51 42 90 89 40 48 33 54
72 61 73 66 19 55 27 46 42 84 53 49 71 40 81 28
4 37 93 13 39 47 12 60 65 18 77 53 64 87 81 65 66
31 37 89 35 12 49 57 75 67 79 1 66 14 42 66 31 67 94
46 33 9 24 18 19 40 47 82 56 56 16 77 63 57 12 81 13 93
18 51 73 71 93 51 64 54 9 86 17 56 9 28 38 82 36 12 25 99
40 75 17 60 22 2 10 59 13 56 57 34 63 93 0 24 64 35 46 57 84
54 78 46 37 26 85 98 36 63 32 65 97 8 92 25 38 37 8 41 34 36 76
2 32 77 3 70 99 56 3 68 10 83 17 43 18 75 32 62 87 76 67 34 86 24
65 42 26 4 63 43 85 86 18 89 79 45 32 87 67 50 77 83 99 9 95 26 70 86
32 70 52 90 36 60 83 45 90 58 66 80 14 1 82 84 54 1 85 33 80 62 64 29 51
3 53 24 53 6 23 49 96 75 57 38 96 34 57 92 96 69 50 66 45 3 46 39 58 49 62
83 17 50 36 33 12 3 85 80 37 65 9 44 95 59 63 44 57 71 76 89 4 92 98 66 88 97
24 86 53 36 27 82 38 50 3 44 32 26 61 46 11 97 94 83 14 10 32 8 37 32 58 77 24 74
71 31 68 59 45 85 59 84 25 86 59 22 28 7 58 7 20 46 19 6 19 7 52 50 58 34 16 90 63
74 90 39 15 41 37 77 82 39 22 91 37 39 60 97 81 88 37 61 83 62 53 5 83 48 3 69 83 72 50
33 85 18 6 22 47 74 49 51 95 49 99 64 62 35 26 67 68 75 4 13 5 39 25 16 53 23 60 89 59 33
64 44 70 96 10 36 45 2 59 97 44 89 32 79 80 68 1 58 93 65 78 87 17 40 88 95 16 30 32 68 96 57
63 76 26 59 82 12 26 75 82 57 64 81 47 94 68 39 47 93 13 50 91 90 15 52 62 98 22 98 34 82 85 67 17
88 68 11 40 81 86 7 23 85 12 60 18 38 26 9 38 24 81 99 1 19 85 27 17 54 32 24 47 12 35 66 7 42 24
58 89 75 24 38 40 45 14 64 21 63 75 22 0 49 62 71 95 95 34 73 64 82 76 98 95 72 9 65 73 9 53 30 77 73
31 16 53 11 38 21 46 33 38 62 88 47 56 73 52 76 28 97 99 39 9 52 71 81 69 42 58 51 84 81 53 63 63 37 51 78
76 64 68 76 75 7 2 44 85 46 94 69 3 32 0 0 8 97 49 47 15 95 2 76 66 71 95 67 35 8 93 17 76 10 53 37 82
75 94 71 81 51 69 72 51 37 24 7 13 3 63 95 25 76 22 30 18 46 26 36 80 75 15 30 26 71 50 21 54 82 76 74 53 32 99
83 79 52 98 35 85 72 50 85 2 43 85 79 32 66 13 72 15 66 26 56 34 20 31 81 0 69 14 23 49 5 89 20 79 75 89 58 91 7
94 64 70 16 11 54 93 58 45 91 64 17 57 43 85 68 11 65 62 71 23 34 59 1 39 6 98 85 65 96 57 31 57 40 57 2 85 70 54 65
6 32 63 90 39 40 44 1 95 7 77 52 90 85 3 21 61 28 18 52 67 33 72 66 70 31 25 15 46 98 74 61 76 35 25 86 66 98 33 51 9
34 14 67 62 13 54 90 63 31 66 13 68 87 99 94 15 40 92 94 58 6 33 58 63 2 1 91 69 1 24 14 12 14 80 18 19 66 72 42 28 95 89
69 18 73 28 77 96 37 17 18 79 22 49 20 20 44 62 11 23 58 21 71 3 45 76 76 91 26 52 18 58 10 3 44 72 78 19 71 76 69 62 51 89 64
0 7 8 76 84 99 57 12 26 74 67 52 35 55 59 74 67 68 28 19 21 93 57 94 96 76 65 29 33 68 12 89 7 91 16 16 52 56 45 69 22 71 3 4
86 21 69 88 23 17 46 42 82 52 79 72 42 8 35 23 37 85 97 36 3 56 25 12 71 57 81 83 4 59 28 81 95 37 62 12 26 52 42 14 41 39 44 20 10
57 48 16 43 23 76 72 7 58 3 97 68 61 72 22 41 49 63 52 37 43 92 81 44 8 35 98 32 71 68 99 54 45 66 42 55 91 43 6 80 93 81 89 61 91 82
51 23 40 83 89 18 64 21 26 43 37 77 68 63 36 33 89 7 14 71 90 89 68 9 40 43 80 17 82 11 15 36 58 55 6 5 89 82 96 95 1 38 62 3 20 95 3
76 88 30 50 34 71 76 40 60 66 97 15 45 23 19 34 52 65 31 27 9 77 64 42 85 35 48 67 53 47 64 71 95 20 52 44 21 10 51 28 50 37 68 1 1 86 96 74
88 37 41 13 99 21 53 25 59 67 66 45 92 88 17 72 90 61 20 83 50 83 96 49 17 87 86 97 72 63 28 3 87 17 53 44 60 4 59 10 33 93 3 21 15 40 12 4 89
29 76 64 9 49 9 13 34 29 31 64 57 83 78 98 19 82 32 62 83 60 54 15 35 84 88 85 63 77 49 18 37 43 64 64 41 65 17 86 31 95 15 91 29 10 50 29 49 91 64
83 83 80 69 57 84 5 12 83 72 31 54 44 46 75 2 44 80 2 4 0 37 84 37 56 46 64 7 97 27 68 3 19 25 3 76 86 60 16 81 92 35 49 34 7 96 91 34 48 21 30
7 19 25 81 98 39 67 11 37 51 85 8 89 47 31 46 2 52 43 80 57 22 9 61 28 92 56 87 58 94 3 21 62 52 48 64 72 97 96 41 6 52 80 10 22 27 78 41 67 63 38 85
16 80 51 13 8 13 21 25 17 48 60 62 41 26 28 22 68 22 36 30 96 37 87 32 83 61 83 55 25 17 72 16 87 58 90 45 85 52 84 94 32 61 70 81 56 94 6 9 35 65 84 36 70
31 10 40 89 78 79 50 60 46 57 91 25 32 21 81 71 39 95 31 65 84 40 28 62 66 6 53 48 60 26 20 70 83 54 32 98 3 44 3 11 42 10 32 35 61 76 12 1 78 12 50 24 60 9
71 12 8 15 23 81 90 77 48 58 4 90 66 33 3 3 82 8 8 23 76 75 52 59 76 3 32 42 23 88 67 60 45 86 73 76 93 90 89 5 36 18 87 94 24 31 48 63 76 14 54 16 0 4 73
47 86 56 40 86 90 18 75 22 52 7 93 70 24 61 8 16 62 54 87 94 33 83 19 83 30 92 11 59 39 28 94 11 94 91 12 18 6 18 97 10 56 7 63 57 33 57 97 66 36 88 51 47 48 35 49
64 90 40 34 37 3 98 54 26 63 4 32 19 82 2 49 94 72 27 15 69 28 20 54 10 10 76 37 90 35 66 10 52 98 7 33 21 56 73 76 15 2 33 27 56 96 86 96 62 90 62 15 4 54 98 10 36
36 86 7 53 34 47 42 75 50 7 67 30 90 50 24 8 70 87 55 86 67 34 13 68 83 61 24 74 83 0 22 11 26 58 62 14 27 56 70 15 70 72 97 49 98 29 83 49 89 75 65 60 23 19 24 16 41 66
84 63 63 30 46 85 66 6 36 61 96 59 3 48 5 82 27 46 95 73 42 18 44 1 25 31 15 10 48 6 16 43 11 80 26 0 60 97 0 2 9 55 46 15 2 19 25 81 47 20 72 2 66 13 4 29 58 14 54
25 62 57 70 23 39 26 17 63 81 97 36 46 74 22 39 63 64 21 98 66 14 18 75 30 78 62 99 70 32 71 93 41 61 11 1 89 8 48 66 46 87 15 89 85 66 92 73 53 36 13 20 44 13 87 2 70 96 23 37
39 19 8 86 40 4 0 77 93 16 60 58 20 4 65 24 62 67 41 98 37 18 13 78 44 6 64 58 93 91 19 87 16 12 66 8 69 94 3 64 61 22 14 84 77 12 64 7 93 90 78 59 37 25 20 12 58 13 98 86 81
19 42 17 54 3 64 52 47 36 93 43 70 53 15 8 92 78 52 45 88 75 47 65 5 5 7 64 14 62 52 90 67 68 62 48 13 90 24 31 97 38 17 1 47 42 81 86 7 56 48 49 39 24 45 88 30 35 82 26 55 90 76
34 67 62 14 36 65 83 35 3 34 20 31 85 44 38 86 96 93 69 93 48 7 35 27 46 12 60 32 16 39 3 93 37 34 1 55 93 85 91 5 56 95 23 65 48 50 26 54 49 28 53 69 51 6 81 69 76 33 14 55 85 54 34
57 61 28 12 35 69 54 80 88 38 62 8 21 26 91 32 41 14 5 42 38 94 93 49 10 85 28 17 69 88 84 20 74 3 76 92 44 56 71 80 86 24 80 12 1 11 54 24 70 55 89 73 77 12 37 71 74 0 15 46 32 78 69 54
96 49 80 18 28 56 74 46 83 80 37 70 98 41 31 6 33 69 34 69 39 70 76 67 78 9 44 51 39 48 22 5 98 24 37 58 98 89 55 4 74 26 23 55 98 57 69 26 78 4 34 77 45 97 54 35 76 74 76 53 41 46 28 73 0
48 87 80 88 47 62 80 49 96 6 15 20 69 23 52 24 23 59 59 79 66 45 53 84 26 24 97 35 96 63 98 99 88 79 33 32 25 28 78 99 75 13 24 11 61 7 21 62 88 82 83 96 0 18 85 1 27 30 78 64 21 0 9 44 69 57
16 9 87 40 54 90 43 32 6 16 20 42 49 60 77 51 94 1 61 3 63 95 75 36 13 83 83 49 73 10 35 45 58 57 66 54 1 93 56 43 31 58 86 89 19 70 84 95 18 87 64 58 78 1 72 6 80 83 94 41 50 46 34 40 12 67 54
56 52 93 91 64 91 99 51 48 23 59 47 49 92 72 42 82 59 1 30 5 45 65 59 0 76 62 26 52 98 21 29 85 0 29 79 25 24 82 42 28 30 16 56 33 32 95 0 23 52 29 13 83 23 96 61 73 12 6 70 26 30 68 40 14 8 50 54
17 14 27 82 61 35 53 74 1 55 26 24 69 0 59 71 42 3 84 29 6 10 36 1 24 49 67 29 29 16 94 53 89 1 23 76 34 13 66 43 60 78 38 7 61 58 14 12 21 55 18 7 58 11 82 16 43 88 89 92 7 19 36 23 58 64 37 99 62
44 40 71 14 40 95 69 47 48 78 72 93 40 63 23 42 1 25 14 82 61 8 31 95 84 49 77 53 26 93 83 48 41 99 20 61 30 47 69 55 80 7 34 79 58 78 71 35 75 56 35 28 60 59 36 55 78 90 6 60 1 81 86 20 67 2 79 27 79 82
11 79 44 75 93 22 48 65 83 25 86 90 85 59 8 41 52 67 64 27 63 48 94 17 11 66 49 90 25 3 25 59 16 58 84 66 17 96 82 69 79 59 26 35 5 22 58 28 30 5 34 35 83 84 51 74 7 3 65 35 44 28 73 63 21 22 52 23 45 80 1
77 41 13 77 67 84 93 39 16 45 58 47 63 70 43 86 11 18 47 10 23 96 75 82 55 42 62 29 38 9 91 7 2 55 47 5 88 3 63 8 31 71 65 66 35 16 75 67 24 88 76 78 25 24 57 73 52 77 53 45 82 60 24 79 0 5 54 53 50 45 4 87
42 42 57 11 64 94 37 47 49 11 33 4 28 18 40 6 59 79 65 30 72 41 29 87 27 79 38 37 43 19 78 85 48 22 31 1 96 54 37 11 75 34 73 10 97 10 41 0 31 39 73 25 80 46 81 5 84 44 97 50 54 32 53 69 37 88 27 49 41 7 73 7 92
60 79 10 27 89 80 70 25 10 21 96 86 60 72 0 0 58 70 63 86 64 55 82 66 89 49 31 24 22 19 72 88 86 43 88 57 31 78 41 34 64 51 33 77 30 24 0 37 10 48 87 60 29 93 47 90 16 62 24 58 42 80 8 99 55 38 87 27 11 25 3 11 36 62
77 40 29 2 88 93 71 14 0 51 1 60 95 97 49 68 43 96 57 38 38 2 90 56 21 91 13 78 79 67 1 6 58 52 54 32 16 58 34 6 78 1 3 30 70 78 53 70 44 54 55 8 2 56 64 96 62 35 21 11 48 98 42 30 49 5 20 51 75 70 4 62 59 27 82
56 77 82 29 68 54 12 35 50 26 52 61 79 49 7 49 77 40 43 56 28 88 77 11 72 49 29 39 83 91 58 50 46 20 52 36 1 88 56 59 45 43 26 77 81 64 95 31 37 52 93 98 36 44 32 0 27 10 71 54 79 66 44 70 98 4 18 23 20 14 16 91 55 84 20 31
58 18 90 33 53 41 12 7 75 0 60 84 12 1 11 96 2 87 9 11 60 22 73 82 2 55 62 94 14 7 20 25 54 22 48 53 96 33 38 4 40 59 12 76 86 35 34 18 97 34 53 52 45 63 52 49 2 20 0 48 66 68 6 59 3 17 97 74 6 91 89 83 11 99 59 43 44
61 35 0 0 98 50 34 27 15 34 79 32 8 43 45 54 32 15 51 38 84 18 32 81 23 40 76 89 29 2 41 46 75 87 97 74 49 16 56 80 94 96 1 73 39 73 51 61 1 53 83 54 42 31 42 3 19 96 6 68 3 94 94 42 2 29 29 82 94 13 52 16 13 6 18 31 26 48
77 43 29 88 36 56 34 53 51 44 35 25 41 94 62 23 70 73 93 32 91 48 68 5 86 23 31 47 15 46 69 16 38 86 31 19 75 27 53 45 94 31 73 4 98 9 69 14 27 0 32 54 33 55 19 16 95 74 81 82 22 62 48 92 72 65 81 15 8 60 20 39 48 19 74 34 27 14 8
67 92 94 22 80 67 32 73 85 27 49 32 59 32 41 64 70 75 63 74 71 40 43 25 27 41 55 14 64 23 19 68 40 1 98 42 13 62 37 2 64 85 95 81 39 24 46 85 2 77 86 66 70 37 1 82 15 30 13 31 73 64 64 16 62 23 47 39 37 28 83 62 41 57 44 27 91 27 48 87
27 31 5 62 54 18 83 14 20 29 35 50 6 41 91 5 50 85 30 22 52 91 20 89 53 22 28 58 48 58 87 38 51 58 14 99 34 81 55 25 35 57 84 86 85 48 80 98 23 84 72 92 41 31 76 20 14 73 4 37 75 6 5 67 27 48 70 12 49 29 81 68 5 55 29 3 31 13 88 64 68
70 74 18 66 78 97 28 21 87 53 45 32 37 40 39 40 30 29 65 27 79 92 69 29 11 88 74 31 58 24 72 70 86 71 1 72 21 43 45 97 62 86 35 80 23 37 18 69 55 25 73 65 18 64 72 60 64 0 79 63 52 60 92 11 74 90 99 85 55 2 62 35 46 35 94 16 82 9 89 76 6 29
57 87 60 60 88 22 3 13 91 68 24 4 25 35 1 36 40 17 91 62 73 77 68 61 49 5 8 6 63 92 99 31 56 91 1 19 69 55 61 73 21 89 76 4 69 27 96 21 82 71 85 55 68 6 76 30 59 50 42 8 6 82 45 71 39 78 80 58 28 80 11 35 83 68 38 18 98 95 33 59 31 63 97
45 60 69 55 60 80 44 3 16 49 70 69 98 38 71 37 6 87 5 2 30 77 41 23 0 32 75 25 16 72 28 90 52 61 45 28 89 28 55 17 39 1 19 97 72 34 2 45 42 12 33 8 60 29 0 19 86 90 97 60 4 22 96 66 39 57 92 22 29 10 22 0 27 14 96 36 52 71 6 41 56 52 86 49
97 72 19 98 11 88 19 40 2 42 19 70 11 99 27 85 68 89 92 26 21 17 70 52 49 94 72 89 8 47 59 4 22 14 27 87 7 7 28 66 78 54 40 67 7 36 54 47 18 26 25 97 48 79 41 7 51 62 20 81 4 77 62 93 84 77 35 60 81 96 54 68 20 28 53 9 91 34 51 38 66 8 45 87 60
86 77 7 5 6 85 80 87 35 37 28 2 73 60 91 30 81 7 25 95 27 90 39 21 72 10 13 52 86 89 98 96 92 20 21 59 93 58 20 3 49 87 43 35 57 83 42 53 41 82 31 29 4 20 53 78 72 97 94 52 71 1 53 5 21 44 13 58 10 33 57 52 60 47 28 77 22 96 12 66 43 51 88 27 96 89
63 49 89 92 58 18 70 20 30 66 37 91 16 51 68 59 21 49 22 40 63 9 17 18 60 98 99 88 41 12 11 82 77 29 39 66 55 48 70 84 37 83 58 1 35 95 43 39 42 37 15 53 81 62 16 84 59 76 5 56 49 42 13 81 17 70 71 93 36 58 28 49 0 52 73 89 52 37 99 87 87 89 93 23 75 2 12
56 39 86 83 81 12 10 49 4 52 78 52 25 51 7 87 14 40 67 86 37 79 5 11 63 3 57 30 9 96 43 80 98 3 74 49 72 81 40 44 49 61 21 54 54 2 75 91 84 31 77 75 38 74 40 58 13 31 66 18 1 77 25 76 46 7 71 67 71 50 99 56 39 77 85 83 74 74 94 34 18 51 47 41 47 16 80 9
41 72 29 8 58 35 51 83 5 91 31 49 82 33 38 23 50 57 69 47 93 83 22 43 97 65 70 28 64 89 97 37 18 25 65 46 60 11 46 81 19 75 19 82 59 49 2 26 6 64 1 17 39 0 50 9 6 23 57 87 62 17 45 58 22 84 79 94 89 41 14 16 81 86 93 97 60 86 8 73 52 88 48 83 81 93 14 10 29
32 14 20 79 79 81 5 65 5 83 20 30 32 35 7 34 96 78 77 52 13 12 71 96 36 3 67 35 58 58 55 93 94 3 28 57 92 33 97 64 93 70 82 21 39 65 67 52 5 22 56 59 96 61 66 82 2 68 96 5 82 66 17 32 90 46 16 72 59 40 9 67 20 37 45 51 91 88 62 97 55 26 16 96 89 39 0 28 5 70
48 99 58 10 19 78 28 6 36 67 69 21 0 63 85 63 61 97 4 1 85 47 53 49 12 52 95 75 51 11 37 26 11 63 0 10 54 9 77 93 65 36 5 72 78 60 10 4 28 64 36 88 29 69 26 15 36 8 50 60 50 36 70 49 94 46 69 7 64 63 91 88 14 96 72 99 15 84 0 45 54 0 89 54 85 8 85 43 52 88 14
90 0 45 75 46 65 56 69 77 93 35 4 5 15 73 30 22 14 6 33 31 7 39 55 92 72 20 61 77 23 93 2 13 81 15 12 99 78 65 65 47 34 52 93 66 91 73 45 44 39 60 29 66 31 67 32 83 37 70 23 30 3 11 26 10 31 56 4 12 75 45 10 12 96 52 1 37 98 60 40 71 19 88 55 45 64 98 46 74 80 72 77
0 62 99 51 77 61 81 68 49 22 1 73 43 18 67 79 66 35 83 11 35 38 0 56 27 93 39 60 79 31 31 41 76 60 28 73 23 33 47 58 61 37 47 18 15 85 97 35 72 78 83 25 31 95 34 64 14 96 54 87 69 8 1 6 96 20 61 76 40 72 77 4 10 61 45 96 70 46 51 51 62 35 46 1 19 54 60 20 20 38 79 30 54
69 93 4 14 52 53 88 84 83 18 99 53 5 54 96 81 63 41 69 62 68 56 18 7 22 47 76 36 57 4 33 13 94 51 17 18 73 55 18 35 69 24 11 18 57 76 33 17 33 43 5 84 39 51 94 38 8 5 89 64 46 72 98 97 29 31 77 71 91 26 23 76 94 26 52 27 9 45 24 15 75 35 95 12 69 2 91 57 94 58 51 60 36 22
87 92 15 87 31 83 90 9 57 51 43 57 89 37 78 72 54 70 6 96 59 99 68 79 65 79 36 71 84 52 71 86 16 75 99 44 13 75 60 19 35 79 16 1 35 25 44 73 16 78 90 61 50 38 35 17 62 15 72 67 40 99 56 16 79 4 55 65 20 41 78 8 59 63 3 87 83 78 85 40 23 73 36 43 87 9 13 82 28 33 98 83 89 29 18
7 40 13 80 10 61 67 84 4 37 89 37 28 16 40 71 14 81 65 21 52 62 3 42 57 40 72 18 13 23 34 98 32 69 47 10 20 21 11 32 94 24 54 32 46 79 56 76 38 50 17 93 36 99 95 26 69 95 18 68 42 48 47 76 48 41 60 74 31 5 1 76 4 78 99 4 81 78 97 90 19 93 1 93 86 18 55 77 96 79 62 60 72 14 78 36
80 97 41 69 70 85 57 88 59 50 98 5 23 5 89 11 2 5 92 31 30 72 53 60 48 88 42 0 79 46 31 28 64 21 34 50 96 38 49 42 59 29 7 96 6 87 66 74 22 72 0 68 35 85 36 23 61 15 23 88 91 22 75 58 57 50 23 70 17 71 14 42 82 54 34 63 72 92 69 36 94 75 98 52 64 19 21 95 20 31 50 80 82 51 15 88 7
11 5 9 65 59 64 11 38 10 87 93 38 51 68 69 69 99 79 54 16 40 55 99 82 45 79 66 13 18 25 68 47 50 25 77 71 20 49 89 79 31 74 63 73 20 45 13 86 90 33 65 42 14 31 91 49 66 7 60 57 52 19 73 96 70 0 2 17 37 16 57 95 3 71 99 97 88 58 60 41 22 93 25 97 48 38 25 19 6 51 90 66 92 66 28 79 82 10
15 89 27 74 42 70 28 24 37 20 97 25 86 36 36 74 10 63 44 90 97 76 41 58 65 26 54 45 23 99 30 89 90 93 76 27 60 8 29 9 21 62 75 68 72 46 20 25 9 70 44 30 25 86 21 72 7 6 74 95 38 99 65 91 6 73 31 65 61 61 19 12 34 67 60 94 22 3 35 63 23 43 46 24 61 89 27 36 90 44 24 62 20 89 48 93 46 68 55
63 83 69 6 16 34 94 3 53 34 36 90 16 11 25 42 81 47 93 19 49 16 85 97 85 20 57 94 63 58 31 90 59 10 23 27 82 48 38 40 58 4 62 26 90 70 77 34 38 12 16 36 85 99 54 18 35 60 89 15 26 95 6 71 91 3 98 69 93 83 38 71 66 6 80 48 22 98 72 29 66 52 9 87 42 48 58 4 51 83 93 62 26 11 19 17 22 27 68 62
