173
44517
75308
18273
32501
44836
12557
6095
30656
34493
36111
68145
52361
69414
19446
45313
86553
82700
6252
25600
99097
62613
50683
20599
35349
44001
59387
36951
70523
89321
94161
81741
61015
42191
367
78561
34161
39049
71809
54917
30473
68523
87257
11690
23783
74657
6486
69865
6016
47929
92801
28929
32862
19686
69153
5245
68369
37516
25080
76984
84253
40025
38539
4721
31451
34223
30739
9141
58649
81330
5246
5526
30361
32827
25281
52369
3148
6085
65166
70701
4737
80075
27250
87726
32673
23775
28006
62161
43399
12888
89353
68567
11809
14543
23557
91453
26257
42561
62873
45453
60469
98401
13191
55981
68001
21786
48802
36137
94001
84887
62526
97602
20851
37250
1458
60963
85471
44490
41379
86275
32905
24713
7293
58277
38285
91761
64308
37309
90325
83560
57276
51017
89092
26162
33108
9303
64221
48114
9824
8511
16929
80539
17501
27301
21652
68081
10975
73121
1826
12181
78977
76712
11060
84653
40029
76661
45583
48803
79481
60791
32211
87301
52433
62645
33529
85153
12268
3263
67980
82700
61842
75525
43041
18513
