89
75329
56091
20141
76305
59534
85650
45681
53493
14945
68611
77133
82629
56535
70753
16761
19649
79862
7749
72459
29505
72926
32506
20575
50241
29873
31425
46900
26779
3721
38173
75976
71589
13461
18015
17487
90181
71286
84395
7893
48477
43912
18057
58910
29577
53567
16277
35883
61267
41671
2797
66677
13176
55126
62916
73321
50861
6109
85517
65091
62817
15275
32913
33079
81986
6737
59126
28513
60457
95511
88387
94089
42166
18549
11563
87559
88700
9337
63393
90236
69805
86421
44809
22484
77479
82398
98923
66221
17665
46231
