185
22727
87123
72820
15857
3113
21608
45561
97215
94961
91335
96609
69401
2099
26840
31521
19303
81065
95361
18317
28295
66789
47377
10121
39165
95666
93081
17881
96285
51567
77831
90530
59137
6975
28931
60704
90883
4549
90133
5298
89782
11931
51516
52017
47976
68984
18225
18581
11576
61157
45210
16106
90366
25837
54705
98162
42629
20081
30081
68501
6919
90362
70702
30637
6205
30005
35333
16629
27156
17331
34793
20562
59103
84723
21723
7953
83693
31739
63563
65935
57209
97873
9875
83151
77401
25737
39493
90853
71416
43729
83361
88195
70801
61482
26425
11251
45170
6961
72125
81515
29763
68786
87471
8127
26551
96708
99958
36237
1489
14171
93099
85703
69416
64751
18744
16705
10261
21857
37649
67713
78468
56731
19793
66961
75494
41931
70319
86041
31538
25334
50981
9094
99737
605
32159
15819
38957
56483
88641
6596
19778
42701
2906
73391
56612
33916
42786
25337
75078
54601
557
61531
93361
14222
49857
31777
24766
29375
51265
70877
38216
40688
34249
69848
8821
13296
58449
93184
28611
95206
12433
8329
96013
39666
34015
60845
88985
38601
82993
36841
65591
17890
26706
37291
86841
55201
