123
2 2 -1 1
3 3 -6 2
4 7 -15 31
5 11 -28 68
6 15 -41 269
7 27 -78 810
8 29 -111 1122
9 57 -220 5128
10 71 -317 9525
11 71 -434 6574
12 97 -579 17592
13 97 -748 13264
14 137 -949 38500
15 145 -1214 37476
16 179 -1435 75101
17 203 -1724 95236
18 203 -1957 98479
19 293 -2362 268764
20 297 -2619 288688
21 325 -2936 363804
22 325 -3145 382074
23 325 -3574 344264
24 423 -3955 815095
25 523 -4824 1390560
26 619 -5529 2296127
27 619 -6470 2098102
28 619 -6947 2147941
29 651 -7692 2348612
30 651 -8217 2422471
31 715 -9566 2870674
32 715 -10119 2956797
33 715 -11176 2714516
34 809 -12205 3974968
35 809 -13422 3657784
36 809 -14163 3698052
37 827 -15492 3645748
38 1123 -16681 9426935
39 1123 -18082 9007902
40 1123 -19047 8991429
41 1123 -20360 8657880
42 1133 -21657 8896030
43 1133 -23398 8306116
44 1133 -24699 8271382
45 1133 -26404 7762632
46 1133 -27137 7928834
47 1133 -29002 7329400
48 1133 -29511 7711586
49 1293 -31192 11439472
50 1303 -32069 12183149
51 1303 -34142 11276494
52 1303 -34811 11678651
53 1303 -36784 10871532
54 1313 -37893 11457896
55 1313 -39794 10735244
56 1331 -41451 11365361
57 1331 -43672 10573436
58 1331 -44817 10868431
59 1331 -47158 9931990
60 1345 -48439 10742496
61 1345 -50508 9871012
62 1465 -51857 14216460
63 1465 -53818 13382472
64 1465 -54783 13807628
65 1471 -57188 13068236
66 1471 -58109 13660209
67 1471 -61090 12420234
68 1471 -62523 12789167
69 1471 -64816 11834756
70 1471 -65813 12425773
71 1471 -68410 11382958
72 1471 -69527 11899967
73 1471 -71748 10950904
74 1471 -72365 11789665
75 1471 -75026 10576250
76 1607 -76107 16602075
77 1635 -79356 16336112
78 1635 -79929 17583819
79 1635 -83094 16031798
80 1751 -84063 22689215
81 1751 -87376 20773432
82 1751 -88081 21939733
83 2461 -91686 77604196
84 2461 -92315 79935710
85 2461 -95660 77167012
86 2461 -96565 78994446
87 2461 -99922 76203892
88 2461 -101275 77547450
89 2461 -104328 75345192
90 2461 -105465 76925198
91 2461 -108874 74396920
92 3793 -112571 305776716
93 3793 -115940 302932448
94 3793 -117529 305995184
95 3793 -120982 303106452
96 3793 -121811 308249580
97 3793 -125580 304510984
98 3793 -126425 309831176
99 3793 -129794 306924020
100 3793 -131587 309669356
101 3793 -135284 306135100
102 3793 -136421 310553540
103 3793 -140666 305715968
104 4843 -145031 621513789
105 4843 -148904 618400924
106 4843 -149993 626288215
107 4843 -157758 616456026
108 4843 -162863 616113425
109 4843 -166556 613195544
110 4843 -167341 622610623
111 4843 -171802 617240662
112 4843 -173643 622674409
113 5045 -178232 694169536
114 5045 -181497 698784962
115 5045 -186702 692123932
116 5051 -188643 701525657
117 5051 -193212 695979700
118 5051 -196297 700630559
119 5051 -200630 696050290
120 5051 -201999 704125617
121 5051 -206564 698865496
122 6031 -212101 1153218101
123 6031 -221394 1136569242
