10
170 12
57720402160092401149355389632233801056649030432102322400677403976630894068946771313701579302991701674486528076803197965944203306190024849979232346887981068707249611389221
355 6
2250584332553694803650969778119122738789789477537543157956357065688341069808142777730553845091509166820126631455752695509563328072116349556709118538354847539429396826589024950540817146913407447308727513852805051370048244795935393564456041921813631418552841611550754127916137307647887229856328963226502662279716012984110955513835934951055566584982687600110
345 10
948923996453482120371668115542702094807304970251516837853735171471098079224049979759841001990208308395997983319123440697860925868601623793441534284520040780219421153914054215514883183970122330307050942226567497535427909714920872269712360994821926442175094168998942177285026175644964764803983969323828738130716638650232224590348289295865651582563
165 8
700417291192946040226045842265640683317472997677806796541377786572188438645835528294252664500719761356829399591840229644506343211296257106442860054732976904425708906
654 13
464075893912139385034896579128857449314661385538259835066014838427675757140199736596312198078034733485934018509887706257547962156230027533692166469477842472850313738201617937150817829651782145704306631726423580854932000431667581651616433379316156762749443743392290983119171286717884006041484388016161409789730518307897937753510243404962602663459896777832501667855889829252471566389949276442657599421783368651328828212002549188854302914236497616235203150233538298299837215610970335297726260712668873021539029771317039916304510288167511152481065201914717166388259313639120246378571657146293090581675800726962965232205706473076642502725252353595107573850773
728 12
60607812635570675732951708307735647790030456665755172618763056689519685950040327968882651437475184723841585600140116401251335502270470810008274543620674004025499960474272828502566545660115219310175579490283638792875515438293897522265236918077230624373690018090407598519848813465949403773811039024750385081096509747266464563801945712190568990026760606489274410551858689004535144417459720930778148899459716451078490384789961171064825529329233024084524858045069983131344208821137119254262768850144904377067827791086385637591526771038030161556237823949087236041695863722907063519951781876502833527324813820857041279567019511413030257361049261997753018731920752237181804669348313866105223113075844384490644183794449588469821055712981
921 4
664930767327525060353579374910396512180393801363108308176071596754689479957587495151639916126813775947048424072348423368135709332632963105073716156628470538403296394623150829632386405535902567201545837993115512059401452815876876672218486825323135185856664454981789868593218391213182633849848954908272343276957964147058216734578735350825875994788018902303647324202703981184679251737116341022547554401186504684364580674303337039199590818840254090092313980180526087585744707580015290756936803662115346320889510258971825247475384127767769088619503785014376269262390374629708405964921109133198439642325380098499979083419878108375982889021318920159307432338501402722705099630563009163972371385858995292315545667519015963842598512820133462731280835297852353568530483880415483310370834427097496619829207547020063196554935207578897399919865836393484722124672798497512539970857441611631574707648903802740824602457934860295496735897
128 8
24005759436251646634668079520778119779255850409946502040312290073446533386928927532536956632254433352999494372759945432000655156
960 8
984815983389199481284410429467638068411222772210486563283032169752365331671283842308235381464741067579417343895215355976415348997033552479635404121052636561051482705270660650050918659638688139940026860040841521438382248930378719820963235751992117917732897352559093081892622085844048311140525382691178292490294242161394393515910743928626990213842592956766267003104513696470929154940785306289261305986669020058562723322995776137725851569273889205473451498281761430623389351841934129624037426019005625529727381088704993532622400045740312430141953187087623515429101958572862012620381664791510554863343795895975928745544610399354217365239756241246804894584499355510951190108512998906342424134438144144359356222934810427294558248849224391335231267356374055889243725567665023399228762914234761150757233024535249388922759955727526180107018056522857411567471058390422686006795595077529337690771949863887546352497228740697044623992970960836266605587326385857507898424536
666 10
643683789888341204338085171159523793449934926962349982473555874277187067808230578096200349814083625082917205039367637767157748898547857487149121645551151480869610620468576281248132091579526730463759402464651545469114174323434709231662220907197149485025511605485100286210059610532858599505521202642714900006869576523328981240752081826340573431800855116580973958394086357943482571786363723904197529834707374822416004156517756245637040688883655393886303880477508760726229903225085547304351474093900401266476868828665026689885778225199265978692340204733457729826872342492399104162122310579717389494668430275007804359271726919903670235014611880756147024125706594473466863
