10000
88902
71172
79848
70676
61891
77317
66556
66199
83015
90103
67360
74649
80340
64511
95768
76655
98568
55268
64877
78039
55103
51614
85017
75891
94971
61959
58234
64023
97215
59949
60414
60597
82453
70949
80988
77351
83220
69073
91898
83985
69258
54732
55395
54584
62933
60389
77327
72193
51635
80909
63405
94250
78347
88443
81088
61824
91297
96362
81300
66619
90420
75137
83711
89504
80571
64700
87683
67850
99680
89796
58462
87602
97718
87938
96442
74396
88975
64732
53890
64321
80959
53060
78015
82538
97293
76642
71684
52593
78294
88506
59680
55708
61894
58356
71437
97738
80022
70360
76535
65646
71493
69070
56197
56701
60485
54373
79314
61481
59988
53103
92335
63879
70081
57487
56620
55404
74394
69083
66820
77251
61359
90818
50347
76446
76711
90866
68533
97145
65464
67230
87513
94390
87250
91583
56543
77910
78194
95005
93964
95721
50979
85754
70348
65444
70160
78207
91051
67957
53960
70946
63002
82063
82182
56654
76414
85881
81285
50140
65539
76905
92142
58411
50684
94384
97412
72548
82370
67938
80653
52813
66160
65827
69570
82437
62480
65467
89706
78605
81581
73780
65193
53999
57503
82038
95637
73997
65707
52732
63816
96637
77351
80975
55484
56814
89454
58995
69372
67162
81184
71147
50094
73833
67157
90507
91104
98795
51028
83939
99944
67940
66039
97054
72309
91145
59024
71734
55825
98562
51949
92426
77874
51803
62569
95219
54623
86532
51426
88761
50315
74728
69647
88302
82242
57158
67970
70933
94213
87819
91084
92301
60625
69285
80683
83015
51623
54879
74858
72552
86717
61020
90188
59190
63884
85794
68243
90025
59816
79711
66416
53823
68192
78958
81094
60242
74588
65218
78106
69905
97254
91385
95920
99309
74481
77102
64644
55592
90804
64591
97079
91322
67474
52865
70719
74744
70267
63106
80452
86642
70414
50811
53447
82617
56612
52888
61111
68601
80849
56613
89688
87926
66406
60868
59080
81434
98595
81455
58006
95097
64102
72709
66239
84101
87900
93002
94763
96478
76697
60938
89622
50544
50028
90039
81651
55813
73996
52935
58673
90856
61931
84943
85631
71112
54790
63107
69995
94811
70835
76891
70186
79878
92489
73015
71149
97270
70633
70718
94523
63253
67867
53707
71720
66430
90673
56327
81446
76294
85885
92686
78197
90075
63162
84418
66058
82245
53656
61110
78549
94107
64553
67492
97369
66332
62438
99362
61733
61915
93952
64500
88059
59048
99112
80516
97474
68556
66379
98866
86659
86393
96696
84525
86717
98975
73190
51592
55971
56435
83919
58957
53312
97096
88153
82946
84636
92144
82057
58882
75242
97712
76708
67529
54077
96473
92629
53551
89189
72227
99851
95290
87019
79270
65824
93560
98781
96230
92277
78658
63289
52866
84496
56309
89867
79190
56418
63094
56744
54589
59642
74804
85952
60239
86744
59277
98085
54491
97426
71656
53037
79248
65839
73206
74250
77608
68095
53250
86682
87277
73809
54444
50899
83425
54093
54962
60925
84198
52593
66052
86308
68197
71115
65821
66590
60411
64050
57682
93196
88974
79724
85691
79072
98057
86384
65747
62831
61929
69051
94814
56526
50776
90069
97563
99779
56698
86219
60096
83267
92763
61924
77364
74724
53933
68080
92069
57550
89184
50281
69244
99983
90274
94109
61345
83639
77659
98412
87112
64733
94894
88991
70461
87387
51567
62987
62583
93040
59177
81425
90376
72929
90407
54519
97719
85670
85927
69005
64390
86438
73499
91800
92232
64915
55517
55960
78231
91577
56160
78733
71086
51755
85818
71481
63567
66923
57401
91261
57617
54776
61781
94369
80915
89652
85937
68894
51301
94125
94868
98458
86915
63489
91668
88414
52968
97234
82120
51460
51659
98352
81878
56969
96540
99544
50281
81623
78992
88379
98771
57304
99615
75907
71214
80165
67969
74578
59878
64210
69713
94590
85646
95667
53202
80714
76264
62289
50298
78581
57579
82234
51608
55807
72946
82590
54727
61014
57473
98859
53075
83096
83733
85593
84930
95308
90803
95272
60731
69848
68190
86419
98853
73713
69485
78647
73228
52438
81072
63143
67203
63341
97997
65497
98932
62331
92527
53453
71657
93992
52397
89622
61150
79470
54552
79223
93277
59970
83942
73180
83421
74118
75520
99552
76610
70535
66670
70974
50304
52987
74315
62010
70246
52514
67635
90440
81319
81580
84528
73166
96647
94772
56226
87963
59010
75962
99107
56898
92446
88591
98608
96652
87878
98650
95817
74663
68295
68372
97110
77652
63380
54555
73062
72869
68805
52564
85863
61958
71118
92499
73196
57767
53647
66800
84964
64380
52481
58065
87254
89419
67600
89180
77345
80615
57538
62725
71032
72079
57770
77322
92834
67697
96220
78945
83955
53297
84684
84305
63707
50600
73712
54833
55008
93811
89538
68469
84895
61030
70927
53859
97791
62243
56572
87819
96825
69011
89174
82420
86013
53108
55255
65648
64911
94586
93779
76053
67705
81617
82783
57146
89559
71209
71397
89140
77079
82275
78294
68992
86430
79478
99674
90309
67628
71560
69586
63469
54904
81057
69349
96240
92544
78609
68600
59281
91895
92549
53681
75270
63958
94680
78411
71876
55354
52518
83061
60090
51037
88064
62596
67426
59465
76807
86368
70892
96764
62143
90652
58067
98126
91610
86433
52394
72548
59046
96132
66877
91140
70868
97218
74463
71658
66616
99081
85291
72468
79425
64063
59568
54164
70735
84386
90217
67301
78482
64837
55227
81881
72587
62707
59184
87141
87679
73290
71606
87541
71897
94386
91085
59005
98944
51152
93540
69292
65881
72671
78731
82396
50338
57803
84277
69115
53437
93521
99357
51882
91884
88525
74281
50585
56325
85087
81717
99861
75289
67366
62591
63703
97126
76923
81622
61950
78686
69355
83590
87884
57330
52458
51754
53943
53494
99301
65455
70469
80686
93244
66162
59962
64009
91657
59850
59106
70307
65249
75838
61004
64188
81129
84703
76383
89236
97811
55834
93577
67398
94445
83129
70607
51123
70562
90317
76781
51076
98043
74306
66834
85852
70099
63417
92918
62399
75811
50206
90363
78578
54432
52660
90400
83178
76084
56620
84404
65888
66252
52809
88296
55278
50218
89233
95951
74601
64623
87390
97590
78582
64932
63181
84031
52959
56856
74926
64602
83264
59047
81436
50167
77792
53541
83521
94076
60850
53278
55775
50587
91094
96774
56258
58108
72554
64491
68610
67860
60311
71718
73359
84912
89673
86133
73913
60410
73578
72594
70126
58473
53167
83523
65395
54772
85262
74817
50258
98220
98353
69750
96820
66569
50215
60867
98388
51528
72129
66841
58569
76365
54286
75306
53766
77628
56791
81278
80497
53672
88998
94958
80487
77837
52897
55541
52100
60227
50556
92862
71017
95413
91875
55548
50788
72960
96007
55853
79913
53529
80117
66941
88287
54838
83461
85284
50536
52239
79292
70059
50047
85475
84953
69287
64977
74829
79500
75808
96205
99990
82786
63081
67311
60278
72832
72249
68497
53022
75166
75426
94588
65937
79653
95289
97313
66741
93774
55177
75832
71248
95517
89341
51337
64890
86020
81593
81711
59523
87338
60668
58757
85597
63296
85474
74054
72215
84576
55634
87252
68224
87580
86163
84072
93700
82328
52099
86522
62894
61914
93230
51278
78948
98549
73062
80267
54375
52919
71797
87504
52394
99136
93818
89571
73859
90896
52157
51548
88929
52763
68498
78685
86838
95102
80321
62400
79690
81492
54543
75185
58401
78082
63872
63938
54092
75344
88178
56253
79016
87139
77171
68247
61451
98950
97954
65089
50506
88796
88416
84005
54359
61856
79778
72732
82460
88864
85678
80857
53212
83816
64074
86111
66529
84167
67532
91889
85736
91424
89372
79071
91095
55145
59075
56798
72691
51538
84169
86863
64013
50699
92384
91960
77009
66434
60135
97496
79932
55058
58115
72904
97448
95048
93955
80160
52211
51663
82097
62270
94325
53594
82757
99792
61598
55573
64498
94295
95484
59660
84040
60091
55797
90692
91571
62610
60356
98456
69782
65093
59994
64144
65428
95056
93135
84415
86579
84575
59728
80018
76009
64676
72988
62664
76084
76668
85591
66506
76133
55770
58484
71192
77506
63662
51498
98915
95876
94672
55210
92904
54901
77592
60346
57779
70914
50183
65426
51013
85523
88082
68362
73935
69029
98800
51893
57298
96184
78558
52401
59863
65786
93755
74689
79306
60567
92099
71081
53581
52892
76951
82236
85017
93872
68914
79709
51174
77376
97739
98641
77222
72054
92025
79275
64228
96600
50059
67617
62441
83795
67871
85017
97452
92445
86113
73962
52098
55069
54966
58425
94358
81110
81489
75743
79498
98583
96585
52841
69310
82498
65074
71574
90858
97893
68767
82614
59651
55278
56666
64587
99976
55526
92853
70257
64576
68144
70257
52448
72715
53074
94773
99895
95927
93116
66012
66103
50992
52998
66012
76339
94451
68257
91379
57171
93725
88159
89586
86229
88124
97416
95441
69549
91725
54239
80943
54166
60190
70692
76383
73536
66190
71521
60297
57778
89404
93582
60373
66056
91257
90445
89998
56491
84940
65060
89673
76712
68897
79092
62520
82435
72371
87826
79901
77326
82116
56808
81337
50455
68871
78761
51231
66930
75580
90644
61990
67551
90156
96230
61853
60453
99118
73394
75236
90380
98455
99032
66101
56125
91779
55483
89328
83652
64334
59011
86241
52386
75130
98439
61930
78125
74974
65346
52385
90406
97564
51156
88232
93810
84584
89338
72402
95741
56903
89722
52392
92777
75614
79316
92064
81120
64408
56103
62395
71365
68676
51776
69424
89106
53518
54568
86225
77191
62613
83682
86580
54540
80928
77464
88672
61884
80730
63387
82174
55174
91365
63800
52086
52106
98910
51093
50871
62167
96931
96104
75893
50027
60983
84204
81686
96918
85693
68129
96359
88188
65893
50994
85631
91928
84932
60616
54574
75906
74416
79298
76601
88554
78899
66200
99039
83795
71265
78235
55564
77469
72028
79643
58690
98277
78715
77411
54186
80171
87792
62510
71763
78897
50923
72851
98537
93847
85082
61285
63518
84660
66286
57629
56141
98503
51615
83668
89574
65056
94331
97198
66165
70871
97127
88968
83720
58821
92275
94410
71799
91070
70753
92790
58298
99661
80692
66180
90806
90475
87429
99047
79554
85054
99382
95299
57281
74746
78642
55727
52351
75076
72464
56126
55618
71825
80348
83200
72047
84486
72058
88374
55488
53510
51302
85147
69900
78332
92894
70012
53228
59502
64192
86530
86833
55815
63159
66148
72384
51836
72161
74738
94885
65546
71047
97635
93991
64605
66886
71929
92891
51548
98416
71281
61208
58566
78812
96027
67449
64301
85907
59567
81745
53071
93794
91678
81187
56546
59031
54879
67178
86334
82491
72160
96010
62868
93995
99503
84429
95172
88698
93009
84492
89366
62287
54835
75028
79540
91144
78747
61654
57474
86388
73177
66025
89300
63872
73735
91969
76345
89855
61815
64154
58291
80449
97906
81968
63651
62101
54853
80737
51603
60557
74597
89528
98738
73030
73067
76585
51445
55285
55477
81228
98054
86741
52094
65953
96121
64889
59080
64139
53737
80445
91977
54889
84084
61868
73009
84088
64890
95152
56331
84423
52966
58461
67544
53570
85998
87031
68716
63759
91169
59529
99695
77793
76938
80697
59870
85593
74133
91996
90546
68980
71176
86378
56659
74648
80265
83639
65932
91624
83312
93122
98105
52152
69222
54910
93246
62453
55996
57344
77656
68956
59386
97060
56617
72060
71232
63077
64811
80176
98287
96610
84433
76222
65863
61911
56293
76299
87883
99273
85462
85766
61142
68182
58482
60422
95497
86428
79406
87026
75838
98964
86460
76302
62459
92196
68194
66027
62302
70623
68526
59518
99596
63606
78650
79123
56287
65490
52582
99501
64385
65921
73170
97191
76268
77321
84057
64972
86000
72921
65980
54554
64319
91951
62389
94033
79362
62097
97551
93072
83527
91748
78124
59814
95448
80392
97307
62342
58376
64071
71040
75924
77999
55243
64670
97225
50221
59739
51065
52331
97651
69289
51471
88907
58396
75701
57339
59210
95367
85521
92630
71547
79345
99010
65441
67861
94262
90507
66490
70471
56766
64181
91655
93056
51241
89689
90604
95124
51005
95875
99414
77772
99241
83877
82733
71806
99209
50141
70383
69738
75994
96604
67201
55302
83479
76530
82264
63816
51739
83375
96298
68232
79728
80326
90200
80575
51218
88723
50280
68798
93358
85673
75458
81188
70703
71418
55885
53463
84083
71246
72484
92300
73873
80301
72745
92046
53241
96891
60953
51584
94555
80010
61908
90502
99939
85612
78227
79248
93637
99475
63320
51647
83598
92220
89274
59221
82307
81551
94931
52493
79879
75588
50620
58010
72911
74187
76373
96190
94288
94096
84112
70676
57709
54598
96936
55480
75949
72867
74681
85197
71892
96850
83893
57787
70948
97430
90456
66871
69808
74342
80055
67812
72025
80725
56208
51883
68945
85002
60342
55711
94099
98877
78746
56067
63791
86289
72486
81966
50396
94304
52140
81162
55530
80632
94910
95390
53024
56519
83281
56060
63794
57004
54455
84817
71532
80468
91937
85231
56082
81917
53675
64834
86633
67527
63177
95906
58291
91503
94979
99494
84954
55470
99494
59211
59915
92340
56654
74218
55827
66363
92817
99392
55368
57596
56566
74553
97748
97508
80095
77056
77219
79968
88166
98522
83634
90237
57472
61525
93527
62736
51479
64036
88024
82230
59460
91605
50071
98432
79253
97712
54891
69548
67297
72392
54844
88779
86413
71676
60264
70570
67616
52960
99729
72077
75273
67301
79251
72674
96754
91293
81153
94398
65031
84206
73431
81492
65797
79231
85742
78298
87414
63907
69126
87876
73417
90949
89442
64457
65538
50928
54268
94240
76833
70772
97459
85633
83417
79022
89053
87934
51547
70241
74924
91813
80015
78569
77876
52284
94383
56712
57156
74071
92037
96926
75559
53223
66233
94663
82546
84823
72325
54558
65067
83453
50693
58597
92698
79304
74026
79463
56924
81890
81540
65107
93571
59034
56223
68692
99721
94446
80513
86006
83039
76145
85445
81621
62311
61715
69740
72820
50213
61018
82624
93710
96995
65914
65430
57765
53797
74908
73696
90106
82986
60377
60964
81238
59229
87209
85013
94731
67792
94884
80463
72145
68691
60107
89108
84984
60185
62924
85583
56331
74225
77771
88938
89282
93643
76955
93835
78875
76852
59097
69687
83354
73821
67418
89230
82171
58626
96668
82870
58638
82496
66375
52035
54538
61383
54473
56452
58109
93074
58805
94758
93161
73969
95041
98065
97037
72332
73371
73649
61571
99027
86531
89580
88729
85624
62293
60218
76822
71260
82225
99584
72134
97178
99084
78419
93393
84367
64303
67183
69470
76542
78199
87525
83294
76081
66864
59449
70439
60296
94836
50878
80210
84064
74906
97073
88141
65803
51050
53227
80538
63641
62813
96784
53232
71674
89679
77241
59282
70972
53465
50696
86507
58400
58362
63819
60478
85708
90514
77992
85011
89196
67412
77859
56410
71345
68423
65237
54364
75715
52449
50416
56252
66532
74766
65948
75311
82483
61257
94591
81126
79119
81910
78551
85980
77129
69498
90364
85701
66080
74166
99118
55069
72824
64985
57479
79806
81938
71642
57826
95911
81207
71602
98059
89399
82107
73780
66318
86538
53497
69190
63782
98217
60747
68317
55632
73269
58400
84918
55449
52896
80831
76500
81952
84317
66274
60144
75392
96426
98297
94514
83274
88970
54933
94894
68058
61597
93266
51185
60581
94298
86364
98869
90931
60298
82702
86310
72251
81754
75450
89710
70847
92980
94066
93403
85128
81336
64343
85163
76825
52378
98597
80272
72373
54651
55277
63278
86080
95451
83173
68900
73395
98777
72407
55398
97462
64782
82411
84600
70224
62027
72496
71753
79776
53365
63233
78506
70080
63398
76831
92872
93092
55972
63592
88942
61361
58381
65366
60674
69512
99382
87028
99455
66134
72823
82056
92715
71976
93107
92141
54718
91140
64957
80983
59403
94413
52618
68550
82163
67026
96597
87192
52769
89134
52297
60251
83143
69367
63549
51381
58096
85679
98254
56212
51071
64084
97017
71715
90337
64161
92951
68757
80394
65295
76999
84109
65290
84962
97856
83760
72021
82124
76339
56244
60771
82998
58269
91679
64064
75688
70936
63271
73425
71318
70035
96205
60641
83597
73599
67049
59331
85744
80385
92220
61219
52156
70956
56385
98292
74091
99998
95016
63515
90107
51854
61719
73401
71195
97345
90798
55069
95793
95427
84600
66277
64884
51816
91901
88928
50320
92432
78431
61625
57541
89743
80101
80654
97156
83800
87448
78146
72620
94959
62017
90305
79410
75779
72684
99771
73236
68973
72144
84541
85467
99593
64822
72720
87832
96284
74059
99429
50308
96427
82104
96415
85998
64074
82850
85956
61785
85799
62885
62720
81538
84489
67897
66605
84724
81047
65797
65384
63583
51122
68150
55440
67579
77692
67322
78900
92960
79741
87006
88469
53593
67610
79478
51805
52720
82784
96607
56300
67511
88388
91931
72707
89949
74070
91720
89994
50172
56277
64944
62778
71990
82135
54258
58044
52697
69229
85090
50885
66830
73232
62153
58128
52063
87709
95041
94127
57723
51841
89455
59500
72028
91408
71581
99031
73609
59138
83846
66908
90138
93462
52373
51956
89997
63162
84317
62312
50345
54470
53256
78413
59528
88141
50529
63614
57562
60714
59211
85338
57988
66180
78697
71133
63881
97638
66318
76618
65949
64983
73723
90284
78592
92109
75324
69875
85503
98306
79296
90114
72086
94101
84377
68770
92260
57699
62185
74801
62903
88783
85448
51968
53272
52278
92669
92963
89850
80099
65604
88407
89636
94042
83439
56659
58614
90248
81011
86782
71509
95829
66414
73061
93180
99352
99500
63423
80739
88293
74338
63250
82259
56968
71769
67999
59931
85736
67266
69074
53065
76574
97985
76133
95740
62792
56145
52876
61064
78925
53934
89195
88285
75641
61392
70501
54760
51717
91757
89934
94435
83991
60220
58176
50699
68550
61467
67333
98259
92542
89713
56743
58830
57132
80881
79363
54467
85422
74631
65350
79493
85988
76919
53243
72996
77919
68090
62048
60085
81863
71280
92621
78899
86982
79078
59832
82160
63277
71232
59401
92222
75025
50017
61544
72341
74715
59972
85886
51989
99314
96726
79500
93432
78896
89945
86429
97406
92348
91542
76814
97260
64612
65188
88342
99463
57255
72826
80258
54680
76764
98270
59332
94986
51745
69716
71541
70346
84023
79812
90963
99857
52762
79263
91970
51179
92044
89983
90341
86029
59594
87960
69485
84825
80355
82881
62300
67346
60567
95537
86842
96700
80786
65410
54729
69561
93608
63590
97488
80624
88516
62241
63654
95501
78796
65066
78091
52334
81820
65612
76307
65085
77715
50908
50651
90063
78758
61391
79211
67805
62415
57183
93639
92477
56054
71060
77542
95275
79831
56212
69472
57288
95865
82433
78826
55596
61916
68721
54891
50683
92281
59354
81357
91049
90498
69875
51919
76857
87313
96588
99961
94468
68342
92631
99988
59920
91617
70721
89520
81254
67945
94792
98526
88230
91295
56568
53418
83358
71232
78788
98114
68128
79593
68147
66579
90532
53848
51175
81265
61916
57871
51452
65984
87884
71932
63942
89515
97068
54018
73915
96342
77871
52194
88321
50727
94838
54253
58692
58049
66536
62505
87217
51614
89953
62935
63079
70169
78519
64308
90003
66640
85031
75038
98576
66594
54427
75064
69315
99947
95249
64118
74232
74604
50731
64548
92137
65729
89471
99774
68499
99908
53989
72621
89906
77873
63182
60627
58500
74964
56907
62182
66260
76933
60719
52485
94441
97292
73828
66312
53650
74024
83063
69810
71381
93887
55680
59375
99683
70784
52588
59785
87351
73064
58616
74967
99571
51978
72745
67408
65417
88943
56364
89877
93023
96834
77521
81752
85479
93642
50697
87643
97961
67224
60904
53136
80629
77777
73637
89100
55744
66115
51532
59008
83819
80765
86016
97189
50414
87695
94022
89953
85419
50544
79459
79447
89452
50550
89553
74118
88457
88923
88145
61169
58881
54422
52350
66216
98624
63901
52848
57818
84973
60679
62581
82191
57278
55884
57207
50609
59472
98526
83672
79659
92775
94221
60601
56853
56465
71951
75176
83492
71435
66670
64043
80688
77467
98670
71776
95729
77824
69791
88240
58941
77626
53274
52374
63921
78399
80553
95491
88422
52888
87105
74331
63068
52990
66415
92090
90880
71415
96605
65554
58425
61211
64827
92690
56232
77719
95611
90412
50782
82579
87038
75296
70262
99513
79062
74786
88257
62346
66740
98112
50996
94460
67075
92553
61195
93978
97376
56415
68915
98346
94535
79818
86410
77816
76543
61066
57273
69917
96104
72575
89146
80476
57142
95996
76833
78753
61555
68608
99924
59837
58146
81347
79051
87903
55152
72887
66258
92571
54237
61399
94743
69215
87189
91565
85825
92164
65489
77947
53412
75806
83873
93759
51304
80769
92015
74560
70520
57207
69527
67579
84690
91465
75821
65136
98522
73839
60833
84169
65527
73155
69024
95482
61614
58339
66717
84355
87363
92288
93881
55553
51502
90108
98690
63473
60544
99699
57143
66660
93989
99666
96888
63250
87753
70509
62442
60988
85799
66636
97157
97026
74610
66981
80533
88810
79319
54489
99099
55012
91523
98255
79916
96305
73505
99076
69274
91418
92911
74192
85351
57064
93882
97184
96164
64929
82771
94364
64709
99645
70909
79703
87643
91270
54476
51151
98916
89387
83545
86370
62715
88578
73359
52192
63436
93609
92811
74030
78995
92239
99103
85303
75474
70641
51910
84388
65805
64753
74920
70549
66790
91236
94806
83839
98403
98837
95175
79278
82947
50505
52350
56405
64890
64224
71175
72123
67128
71912
70813
76047
95732
91553
51579
66915
84217
92057
54803
77295
68581
53432
74559
68693
81068
92874
81712
99708
70662
99602
63391
84431
86196
53399
82108
86689
52759
67523
60265
84414
58677
52273
88073
57281
69166
91342
75673
71029
95443
73971
66310
54926
89868
68056
81604
79264
99106
50402
80684
93241
71207
85426
61675
55733
88517
93418
81718
68524
79687
94476
59254
68149
78751
59341
91148
99442
83643
79219
78746
72128
77408
62302
54056
54522
84520
88043
54831
87901
90658
74506
53480
82047
60117
90066
53721
91310
83000
79111
65438
51435
62601
53198
59085
76556
81883
52610
91620
58457
64246
82200
65272
56363
54997
75887
65923
54295
76748
69798
90877
73703
57927
69543
59391
84485
85141
65003
61572
63700
90537
81688
63993
93986
64441
55676
80975
91904
75136
68545
72881
55624
66633
55380
54678
85670
95633
51883
78915
84516
65277
63273
63786
93092
57375
70143
66897
95883
84161
66459
92236
51626
85217
80387
83946
92819
76096
56192
63613
69643
94723
71455
77983
90389
98916
79139
60021
82322
84956
97184
72242
95387
83678
51021
96238
72940
70394
58982
67302
84918
65169
72064
59923
75090
66597
93917
92729
62189
84138
68626
80659
76230
71805
77099
80444
76045
68894
77318
71509
76643
69780
66864
68731
51770
95580
62172
58362
52179
96848
63059
77683
85478
84183
94728
52539
81983
58371
51209
58426
72193
71900
86436
69923
96846
83555
86401
66815
99297
82848
56947
92397
53309
68927
91868
92684
55753
66031
87682
85467
67770
54473
64677
69723
94286
51189
58407
72643
92435
65946
81550
76830
68449
71216
78106
71521
86840
57882
71650
78663
89021
86950
77122
87476
55970
65625
70091
72277
63322
81260
53676
76465
66051
60990
60133
59515
61455
53490
67719
92777
63299
65712
50064
50536
76075
91981
85998
88809
75035
92931
92500
80072
60722
56914
84066
60142
58068
67828
51644
80484
77644
97279
96297
75644
72226
61926
93757
66654
58015
98042
83657
98681
60818
99228
59470
62909
98110
87823
77112
60962
94020
82491
75250
86027
66976
54549
82245
90415
79708
86179
56516
56953
86127
83270
99861
67157
99619
92478
54479
50649
79433
51139
68083
50300
93499
68321
68557
90958
61842
89719
77231
96648
67669
55968
70538
98967
87459
86531
73956
65549
70247
80672
79802
51703
91203
63498
97760
59393
70323
54467
93046
94528
76937
74001
63747
70852
56699
61153
66310
96129
86869
97575
62823
55841
97059
64027
90234
74258
82081
95404
68255
68679
83762
52261
78536
54053
96428
69995
58111
51722
74662
62802
89557
74294
91470
66235
60422
74343
52552
94133
76857
83611
50715
59502
73621
84189
68520
71802
55393
58316
54613
95893
82213
59090
79657
93086
57663
95581
55597
61103
63036
97395
94754
64649
79234
89440
61061
84205
51503
95847
92215
58231
55208
95387
55319
57916
74534
96858
93587
95658
67022
56216
81889
95566
85370
98233
65845
82281
54444
54001
75879
55994
73149
61782
66313
79365
76985
56293
69949
63774
91340
66675
94356
86339
87908
71076
59401
58679
56540
79412
89568
86474
79798
86260
98698
61198
60722
51068
64266
85628
70307
58574
87983
61377
70811
95498
93486
98894
74755
64372
61343
57049
52722
87314
98939
82545
80625
73478
87549
79271
83840
51326
68632
98673
92526
73285
83767
70706
57717
91846
89027
84285
62996
52649
62870
60884
82207
67635
75498
96842
94009
96179
74128
71473
65699
68336
58566
84634
88074
54049
58085
70508
94347
74676
72356
83194
62802
57091
85446
81571
67287
65945
60159
69508
65558
73594
88850
75188
79668
67527
92324
94109
90733
57523
85520
86708
54245
55053
73336
90616
93380
52202
86682
78007
78939
62084
81605
59750
95649
56213
70941
67707
66891
68814
80068
91255
88672
72105
99609
77651
58190
92763
65352
72491
66980
55712
71078
70325
89159
97386
96855
81592
59354
80272
75432
75924
89300
60541
87812
88084
80363
57763
50746
59501
97383
70778
89633
62374
83007
99479
60346
51570
59408
55747
87446
91878
78876
95803
50367
94935
99076
86116
80023
52195
72729
73010
69352
80695
68486
60705
58206
82856
91337
67010
98923
89397
70020
91469
50829
67538
91471
94289
57425
53536
58902
82054
58741
86367
69448
57508
56709
91639
74965
65970
62696
94858
54782
58723
58712
55811
99790
57332
60454
62776
82500
79915
87630
95214
52759
77260
55744
89974
74080
59991
56798
98071
60618
65138
96668
54346
63973
92969
51392
90635
70480
73947
93310
52633
96610
64878
79243
90697
59135
92807
82533
95999
98468
58844
59584
66626
61535
88721
75717
69811
55126
68042
96748
50199
68137
91757
99913
94181
96311
51492
66067
76707
65717
85802
54616
58336
93779
68258
64373
94927
98867
53489
87433
74082
65189
81129
63794
59065
97181
71448
80048
81459
71320
57843
92322
76788
58839
51053
97861
92105
69341
94473
68577
70242
52180
76440
65595
66866
72745
72882
81611
66117
66630
69671
91501
99437
59849
68598
89399
67662
81612
93650
71891
87457
60905
57453
92766
99911
95420
67830
60543
79061
58835
51649
95001
67299
82615
84402
89040
90616
67188
94584
77374
78161
76672
71455
72031
77228
91604
72064
87610
72191
68693
99074
94673
56273
60407
87543
83036
79047
50334
95132
67008
91048
53444
62025
56211
70091
64720
78494
85939
85089
84738
69483
51513
91996
61388
96446
84816
99410
88966
54325
85495
59597
86478
67080
81926
59423
85949
55167
73039
80278
63624
87446
59142
90278
95906
84875
87261
80442
54173
92386
67545
85256
68367
58391
74385
57249
63521
66516
64836
69779
74722
56658
91232
64313
64185
71466
93814
78803
61257
57959
59856
63974
95225
64002
70446
57268
81238
71455
92428
88934
66693
60685
69676
59645
76786
72513
77195
98786
59010
83776
72158
70417
56061
55394
72664
78931
63030
51520
51834
76662
92672
83276
62495
53034
73022
52172
65039
51583
52097
59664
80291
68403
69774
60868
56970
72272
65558
80488
62264
71624
53500
70332
53653
55031
66991
95730
51320
50814
98687
76807
60218
67229
97314
69136
73278
53242
75454
83767
77414
63789
66922
93692
62437
57031
93531
94024
65564
98653
71126
95353
58519
58848
58530
50035
89902
63533
71418
50332
92952
78757
67503
91277
56898
83775
86189
90774
71431
56737
63844
81771
74242
70037
77706
51676
98135
70163
66443
72840
74246
77158
69282
64450
50455
53398
90382
90546
71301
66377
50504
58509
58658
99755
97732
81452
85355
89978
96675
52058
81477
83779
79311
82448
59606
79112
59895
74325
84021
87641
70362
58955
88621
61575
79148
83567
81802
91408
68525
77992
51811
92589
97895
98017
72130
79570
56712
79113
56943
95553
69795
71695
86805
63136
73238
54126
66488
79265
55339
82123
97581
52958
83399
78803
76328
51592
79279
68746
98285
65396
58702
82903
83747
98699
99362
69475
81795
58549
68018
73518
50615
79917
78524
85157
79178
58151
50535
97162
94309
87314
75683
50685
72593
57019
62180
80567
62689
78426
61936
85153
88780
86549
67028
62211
73516
95714
50070
64576
80268
99923
76245
71466
75084
54528
90483
63453
56291
63606
62680
64292
86923
80414
74258
64634
89064
95100
50151
94670
54211
80863
94486
52376
97349
77767
96710
86695
88221
81071
52243
59372
53514
80662
52327
64663
99999
65415
94457
90148
74980
91664
85996
95605
73696
90816
92659
57211
80736
90709
66906
59821
58326
95303
78943
91471
75021
68588
87157
68743
76159
91319
72856
51553
98725
78990
52266
99074
61622
52905
92687
95484
99888
68684
85222
54866
75995
89304
60840
78686
66686
73664
78308
94507
73871
53093
64455
59061
51150
56090
95223
62630
60150
66864
90709
94505
72377
89766
90236
96696
64944
61827
54147
86168
71586
82838
80705
70932
92913
57030
54493
62688
98082
74749
75496
79715
74335
89764
51812
59352
53823
52013
68507
52848
62589
88122
78904
88836
59800
77709
57517
55570
71331
95853
95406
98239
97709
59682
74463
67044
76753
91903
94842
98519
93122
83065
90315
78972
78918
73835
74407
95159
88945
61728
76839
97217
52532
57504
93017
59089
92550
59959
75799
87502
94833
71305
59375
64905
69183
62072
52512
91394
90310
56291
53341
74973
62250
77611
87726
84839
74636
69940
63340
60606
52232
77252
63188
88729
70506
68525
89467
89476
60353
76258
92402
99460
53993
91599
98093
68900
59642
78523
67354
86392
69692
65874
92004
51174
53657
63349
51453
66346
98023
93642
98091
54236
99659
79209
67996
52918
57592
79897
64889
77835
74683
76214
96958
51976
75564
84298
57567
59191
97496
93425
82423
96419
59358
72487
73353
74821
81770
68491
65432
96712
69798
52223
71468
80853
52580
67648
99626
58261
90637
91544
71021
66091
64902
87750
74317
58553
93912
72264
86243
76842
66738
50922
99430
85367
88128
57756
69169
63210
53069
65048
78125
91096
99889
75293
70557
66527
50185
90429
66806
57203
94932
90045
78943
88424
97601
74852
81536
71722
54768
94166
66496
90775
70504
50758
75228
60983
78299
63410
75311
77154
52666
90300
97446
89557
89153
86417
79561
74860
99815
64122
77224
99987
79756
97917
89438
66837
61944
54714
68366
95844
76927
70764
60300
74893
84909
94050
61235
90760
91657
89058
85198
51335
70445
81690
81781
77054
87566
52359
74840
53369
58028
83716
78468
56770
50532
62523
58873
71877
79271
72227
82915
67750
88971
90706
89867
65202
73332
81808
88233
67550
94206
97464
73671
81824
88833
81659
74734
53522
56311
62884
54675
78628
57489
89150
86132
92215
90659
95869
62766
88213
75322
63396
76286
94748
60852
68428
73128
87429
63963
71109
75151
51490
94269
60589
71210
56961
82475
57841
53109
70335
81603
76170
50549
82783
92511
71045
74189
67427
63186
92700
52284
92467
88202
74716
99449
80762
70918
50772
77422
86244
68310
89610
97241
55597
76366
56281
99568
57615
86725
58949
69656
55617
93152
89623
55553
59343
83372
80246
50026
64445
77513
85296
61141
81291
51240
75596
87808
51628
98648
59048
94271
84750
60142
88555
93431
69270
90409
58651
97499
61607
99460
89694
51300
69958
51818
77242
90917
85912
95204
75467
53778
95168
76413
94361
63198
79677
66534
93648
69099
53676
58919
65608
60155
81795
56253
79139
53613
83264
88476
55454
83053
86656
98092
88633
82932
50186
64928
75069
91600
78429
62937
81342
51282
64620
73720
68686
54020
97602
88149
84957
83244
55815
74086
75620
73392
58228
66312
89408
69638
80850
64175
93650
99028
81991
94112
60014
67728
80655
90369
51259
92449
89763
84820
88751
90262
60426
55402
51995
82693
80286
95477
66552
96192
79991
71502
52932
98786
79826
83680
94836
97713
67898
82683
74077
74999
53908
88289
55606
58486
99416
93776
97419
67998
98026
78932
61485
77123
91080
52500
79307
74069
75175
51158
75543
85427
78456
89629
81853
57439
92215
70585
54708
93821
83660
66045
53849
79370
51202
50522
89076
72006
75989
85613
56846
78576
64876
79798
83784
96862
65001
64114
65294
81319
86914
82038
54378
80842
76714
58937
83500
66273
70912
73086
76444
80356
91764
57030
99651
75599
78041
99153
58625
55429
52885
93533
51805
61467
54635
88768
75556
53344
94485
63541
82871
63480
74051
62842
80576
88089
66444
71685
87508
72456
63201
77948
76277
77857
71302
77936
87228
93896
94855
81370
77376
83351
75296
89391
99891
87029
52035
62115
68453
92963
95443
64389
73827
75315
85645
75780
79697
68427
53165
58700
85191
66509
59037
79009
80190
71663
94940
52678
59631
78125
84600
80170
92009
62115
81106
76621
97397
91108
58564
92276
91280
69227
60096
77185
71698
60945
74043
94786
88219
68792
75506
53347
84799
78321
78250
63048
87413
78951
75922
84981
50926
75107
84008
71743
53089
74487
81357
68791
64158
84161
98937
84976
69223
90772
90531
87000
68803
75633
96456
67544
74120
60803
96264
95139
50866
54485
75301
65894
94928
59975
91904
68661
63538
82925
83171
56926
78649
92483
55062
68454
97566
92429
98026
83961
86880
98103
80906
90127
51825
79165
89965
62897
79260
69900
64009
63183
51165
80390
66219
60216
72303
89281
93368
79278
83528
66245
83508
90429
76688
88306
92908
93012
61056
64782
84918
86318
55325
97412
59776
76620
67160
53559
65521
54835
52262
73618
95874
55155
81178
58258
69729
55505
54510
62960
70291
65894
67679
77263
54624
89755
95881
88449
99943
50775
54227
83550
96337
70298
58000
89957
65445
99968
57821
85235
97486
79332
58566
92040
59240
89153
72100
53968
78499
94057
56314
79684
54144
94687
92863
63678
70782
91270
65670
87501
59983
84847
71219
99562
61912
58872
63291
83825
98570
91315
50239
93701
58978
76763
82773
82273
75114
83426
75516
99879
54082
98455
57458
68521
60997
51550
67397
80207
58615
92944
53964
95309
84019
87438
84056
71653
58196
90329
55618
64554
88229
58463
75094
50473
91272
83193
78372
75006
83664
62339
94221
81008
72453
58025
92876
65626
60897
61497
63846
83361
99743
70996
65945
61860
88080
92579
87615
73497
97726
83939
54569
83846
71422
74913
76856
95590
91961
66236
75538
66800
71050
70490
78532
76710
84044
74893
63203
79307
72423
75274
73609
93507
92760
75957
68144
73005
88577
92006
72656
53050
76616
51240
99025
54492
91751
94288
97415
93968
98368
93514
54491
51713
50420
93775
51829
50957
84706
96751
66433
94894
91449
87969
89275
98378
92632
69559
54392
55921
53525
62737
59368
82572
96498
79036
53171
88349
61333
50534
66787
84030
61041
63350
97579
73064
63409
88294
75419
62837
90754
80316
67786
97464
79630
86663
88182
92466
75757
67075
94683
55421
81988
53521
70819
71052
64019
70207
63321
58435
98624
54018
71475
96353
95304
99127
73323
82480
58406
76828
97287
53340
78643
72251
70692
59380
79583
84030
51828
91659
68484
65648
50104
63632
59176
94221
74402
95172
92178
78608
79462
59531
73091
83010
86861
91088
83847
77357
93305
50605
88343
55638
89240
74967
52055
77430
79504
52894
83582
60716
76345
96078
56880
67658
82136
68259
95901
94463
89250
98568
60087
76183
77457
82450
61148
57545
54134
75959
96954
98252
74443
55136
81731
69563
57853
72128
53522
89293
79692
96885
73052
74138
54418
83777
73880
87464
97688
98339
57520
71532
81872
65734
50831
64737
99687
65334
56371
70107
57231
73922
83543
78391
79627
57723
68780
66403
66946
52355
83888
83095
50914
64059
52639
74306
77546
87075
84210
65037
83323
83523
84877
90499
69514
91163
97931
67119
51411
99601
80685
54702
69457
83054
52005
58766
62035
88183
92818
94304
72868
51677
60274
50003
92191
72172
54342
92859
56014
51290
88888
71373
85402
57786
79818
57627
75645
85274
92844
53279
70743
63591
92732
51737
50656
68171
60396
80860
84525
87038
95431
53605
55161
70393
69836
57606
92657
93992
59510
65001
88832
59213
62009
94784
70763
62778
79375
88413
69533
53219
69906
77846
85573
57335
56288
80237
90675
84254
74538
57191
67603
68044
79495
82204
77263
50561
87366
50394
64858
77220
83169
75102
53353
81324
73430
82173
54651
52717
95874
93759
99510
50329
75669
82544
82446
85839
57881
57725
80587
80066
85884
68255
74545
82324
81420
73677
84359
76738
85735
90845
99793
91357
92998
86387
52325
70974
67975
96494
79141
90072
97655
62761
50470
50664
82731
90036
94679
66265
72070
56176
94170
77881
98086
98949
89960
94775
52722
82062
88599
78488
98048
94267
64845
74454
97490
98276
64821
70843
85546
61751
97213
79766
67952
96824
94236
52625
55371
87159
61553
71718
82561
54452
67851
64178
95710
75512
63109
89330
50218
95229
62711
94734
82246
93671
79127
53401
92411
72107
61365
70532
51847
68626
83902
72503
52067
89658
67126
76028
86108
73165
56864
87875
76451
68838
88618
51733
71009
59196
68703
61209
67369
87588
98577
57102
97855
50311
75063
99945
55945
88487
60694
68375
64217
78165
74088
67503
80092
61207
63874
61430
78712
73113
98641
55152
79185
81779
88158
89215
63119
66359
63115
91278
86567
86925
63174
83787
76525
61976
67516
84701
98312
91260
72691
73507
97128
98583
97498
64388
56906
62394
65619
59526
90918
61098
63662
97363
60582
74086
91110
76428
82992
88828
53042
55315
95704
76057
51493
77249
98004
61789
86391
71837
68253
82096
98204
81580
89312
81164
51780
92055
95526
59019
66974
77327
60381
99831
64423
89588
68696
52129
65311
60851
89804
82921
86633
75337
53395
66365
80702
83237
78996
76016
55925
83902
69475
61832
96738
57423
99305
84106
87579
92049
61103
60455
89944
69233
56319
51143
59159
90149
54668
62697
64616
97936
85822
73657
74784
86041
84578
85300
63910
88160
56544
54494
65555
74225
57401
96578
56258
90937
80245
69579
51620
55968
75860
65547
52134
83739
65954
94841
91501
91566
72105
58055
85744
78005
56715
99728
65267
97299
51566
95671
61516
61337
94184
81612
70011
50604
89092
74131
55896
59454
61942
66563
99467
78633
63631
77556
85514
86511
62767
72571
92415
76694
70089
71265
69923
61122
72844
82732
71070
75986
93601
98407
74083
99946
55903
60268
81444
50342
51383
64083
64869
70313
96047
64146
72685
65807
86342
52820
58212
84739
58267
67202
96103
80769
81053
52493
74834
67980
67264
64287
78299
91302
95405
97961
53795
50357
66460
54386
66487
54117
96182
61463
98786
56881
64092
93619
57190
82368
64793
50785
51720
73779
81635
57295
70282
87855
79269
72670
67454
79472
73954
66508
94634
76754
69526
91266
57666
63740
69081
52787
57759
60999
56815
87433
59019
50557
64610
67573
60256
65373
51329
65324
94686
97246
98030
91513
85495
67421
95181
94579
99458
87684
72728
95126
93470
82154
62127
51209
66112
76261
58763
86692
63154
97002
66403
98446
93359
53653
82128
87096
85626
54400
61166
87061
80402
73948
55685
90728
56943
50602
74201
63707
53427
92516
71401
95385
52637
87046
61464
61566
90958
73957
84179
71470
52070
80495
60911
81978
97992
55167
84024
50069
90877
93170
65291
66609
60531
88307
67466
66632
74212
91552
65706
61351
71707
96281
75670
91671
87852
85587
75756
93465
62571
50066
93437
94106
52447
90357
52951
69514
99066
95580
59102
96625
93422
80238
69278
95742
87697
52561
75646
72803
89715
59848
69658
64924
69144
94920
72945
88782
65272
67693
72143
90265
65525
95605
62672
93611
59700
58169
67177
88459
89114
74543
86390
64890
94849
72180
73662
87969
59857
69535
69914
99241
70296
91756
50928
58398
81714
82561
91896
65049
54933
53825
77928
67745
97941
91581
62834
50898
65136
76249
91915
65121
56368
68836
95260
61124
96997
50321
52113
84889
56982
94422
62484
66869
89094
75675
67274
51214
82030
81445
99077
70492
98008
81237
70383
82518
58478
89273
79978
83006
84174
73621
66204
97868
85395
86968
65811
79821
71052
74336
60102
69314
66689
69429
74230
70885
77970
87412
52223
94821
58790
88066
67313
94947
66119
89598
76551
67807
90866
86877
97076
70254
92760
79786
57589
60708
50900
59145
64289
96557
82931
71734
70735
60787
70568
73824
55417
54277
77601
70408
66162
68637
88306
95584
55528
50352
72286
70452
94003
76974
63275
74053
90059
53911
67810
83097
59388
78658
96859
54304
93343
75764
60176
90797
55462
70785
60660
93317
81292
96985
91945
88136
61793
89506
66087
52761
67977
65125
94233
71894
71725
83378
65069
91560
76177
99468
60838
60891
75653
61229
59165
62360
97191
88889
93988
89297
73888
51507
92691
72202
53042
75247
57204
55103
94793
98305
54456
98483
75630
86301
73892
89813
81585
81544
65055
89800
71271
83122
79094
84387
83417
78466
95544
53231
61437
86300
95201
70903
85237
56604
83225
65890
93020
86979
79948
88806
83519
56431
89515
74661
65740
57839
55157
78945
88142
88969
62877
89955
61843
98050
53764
80197
55322
82036
55758
95920
57639
85536
65207
77025
81478
71138
84095
58710
66800
84518
73366
53701
59292
85736
77163
58983
89560
54691
95094
87921
94608
70048
67055
70706
77872
75138
84032
93029
57442
99338
54663
66562
88122
66189
96571
66166
77935
56384
71831
93742
74489
68914
95519
68754
52680
64985
99959
99170
65496
83270
54030
79678
81173
70253
85875
86228
69166
79618
71766
85064
53406
80977
68452
56809
93145
79540
75137
64166
50540
52218
81743
95804
67070
59947
98772
74275
58446
54522
58210
71901
97994
98996
72821
65506
94138
89419
75391
75490
80016
66902
69220
58630
69601
80839
70783
83305
58406
75954
57930
58306
61971
79914
61041
68632
56765
92997
86097
59238
66401
86197
84334
75882
72799
59551
74030
74839
55657
88626
69832
98362
66017
99014
53671
85253
55426
96558
67317
97388
78965
88412
91704
82820
50520
50085
65355
76263
59029
91704
88213
89623
73369
97680
68786
94653
99912
74754
61221
70362
54031
65259
80264
92766
78175
91960
91427
80907
56437
64778
89461
75950
62276
73229
69068
66915
70827
54219
71282
70911
93482
91554
65678
76336
72565
59118
68349
64199
98732
77782
58738
53959
89337
92434
85862
76418
64732
79908
73179
91852
53906
59870
92755
88482
50649
82213
63580
53399
89357
56554
50797
76180
86993
97626
50142
71944
58236
58538
81921
59295
88100
56725
70941
74522
53855
80796
78149
65870
78826
83010
62217
59849
51151
66801
83367
61313
84298
50918
51315
86930
63752
84150
84617
54448
79200
80648
92637
51648
94036
84472
64714
87935
99057
87305
77462
70887
97853
62520
71488
52930
66452
84992
78899
91293
79860
97891
70095
68393
69835
82234
86076
69996
83534
83594
80961
77629
50836
72153
83003
62610
98602
96154
91624
62954
77461
56097
92383
70085
76429
79004
66789
77908
87457
58569
67745
66233
99085
68617
93193
90090
57374
70911
70655
59001
58306
76268
94874
54756
72651
76691
56285
73109
90643
81067
79885
84047
67211
90606
67886
81363
80184
56728
83577
73476
59614
80475
68378
68612
57065
90588
90499
67337
96234
74552
95039
97876
75628
55627
77083
58176
71131
96472
53181
80165
99266
57294
90256
88468
99297
92506
73725
99631
55656
53069
50159
53572
76580
77130
54297
90920
66208
58331
54986
76147
91935
65988
96256
70332
61567
93018
54547
89772
54470
54031
69830
83978
87820
67840
86653
90935
94907
65039
77654
53472
63131
87366
95899
56404
77871
57082
63460
84777
67268
80101
77756
85330
97550
85287
84587
91875
79192
94280
84821
90669
75874
80027
59439
86405
65690
66531
62986
59302
86463
55950
58806
88778
85614
65515
55754
58619
51498
87154
59873
61565
57746
77387
66271
66362
87169
62313
63234
89582
54407
77935
74380
67835
99059
71847
65024
99696
86547
56493
83406
60006
65410
66768
51582
56826
52087
60754
50137
75361
94656
92332
77834
92161
80205
95065
68611
59201
68702
77114
85354
74985
71599
90724
70888
56677
86462
90706
58648
58912
51380
98460
91598
93187
61807
84979
86753
99810
68451
56086
74474
90725
93025
55215
55988
92611
69055
54716
62739
52257
92067
78666
80792
83118
69888
57368
65483
80731
90236
82932
51239
71759
74965
74883
79200
74507
57412
67120
97994
73656
61563
90856
96058
79396
57453
71021
70575
59601
88477
91825
64307
66914
75423
63727
85851
62237
67227
79380
56591
70830
64434
78222
74489
96477
82140
92676
65948
52685
77531
76937
93203
54365
65353
95092
65851
92680
92176
78973
53969
88200
79697
79490
96456
94850
92578
96874
80969
77438
99462
57130
96301
94349
93215
87312
61837
71319
53829
93252
66168
94680
75634
70133
70427
66482
95374
92821
52151
88262
50191
74871
77170
89169
79110
70722
78191
53868
52155
99074
88052
92181
68404
71910
86998
61209
51607
64917
99735
84453
60803
52285
83387
65015
88821
74427
73915
65826
79518
94928
91423
96837
82810
63610
78285
75778
67138
98309
92552
90977
66273
81344
81551
63715
54681
63992
73692
88213
67408
79353
99318
52183
90813
78048
61224
54293
68390
92558
76247
95991
71821
73399
75377
75171
62580
67523
83648
61067
73745
83098
76007
64805
90642
87894
71367
62636
52931
87921
80056
90416
74341
65677
93027
97770
70873
53541
84329
97547
71041
75185
83378
68181
75267
64781
79266
98728
66628
95784
79658
82719
96230
67614
67991
85188
96070
76491
74742
74850
69552
68498
92806
92882
68448
52996
98660
52159
76940
60245
54382
96167
65598
84506
63833
56045
64200
80919
96952
71373
99847
93398
57976
70099
98982
76413
83917
80460
86298
73528
56409
79905
89783
87600
55844
89557
60027
86648
53514
88302
94323
62245
52157
52747
92999
68226
74732
83893
92646
91170
73275
74725
59528
73798
63545
82242
96471
56912
94702
55385
64763
85177
85394
94265
93122
61140
91276
81748
86980
64688
98386
51936
76576
95760
86268
77931
54739
55136
65384
66856
77690
75881
88198
86901
83414
98792
89718
83383
91002
69256
80384
60029
75720
96624
58752
82274
53919
56875
78042
53154
70411
74215
99286
73332
78857
54723
63647
98356
90572
80272
67596
72022
59827
83358
55423
90444
70668
86102
69904
77994
62999
78771
51835
62472
87570
68753
82081
58472
92921
95591
81362
72279
51422
96498
52116
64122
69527
63706
70431
73807
79518
70329
64026
95764
57675
90441
62077
53995
83752
52193
69005
70327
52572
52116
57004
80452
91206
69684
62435
63915
68279
96462
73587
74516
83109
92469
87034
71022
54891
77623
88619
83811
88222
50364
95527
73885
58283
53454
59452
86744
69895
71466
54048
73071
81514
70896
72371
65463
70731
83596
68383
51827
59609
74729
54384
79218
81509
98068
95469
67070
84713
82532
98457
64945
98428
84142
55907
62213
51601
59701
93382
61477
77236
55548
76125
77245
83962
68640
77605
80814
87258
72227
72604
89678
69724
86480
53837
70830
80973
67252
66013
73116
77310
95698
90629
74900
69465
87625
51561
97629
72484
58206
56411
57403
65790
65108
99496
97950
64757
60020
56649
93187
83792
87858
85825
64545
51864
92356
89487
73778
87858
72166
51819
68958
55442
65905
57248
89757
95145
76214
95770
53386
74207
56788
83082
80256
67498
58491
94461
70702
50165
95626
93735
56760
95882
61962
69922
65399
55474
64426
61985
63572
75417
94107
85098
79866
53158
64457
87183
90820
57331
71529
98401
77734
58537
87797
73231
52128
52118
76149
89026
85438
96467
96320
97855
51244
59243
64600
88253
66957
70793
68258
69836
82185
70830
94893
51105
93447
87224
62946
82368
74061
72835
62272
86200
68648
81237
78031
69789
96903
68246
82892
87341
91586
73676
97652
93630
61829
69474
99899
95922
82740
88413
93845
86640
98445
93272
70201
53079
72933
94342
71900
55205
65128
55705
51178
86501
58172
61172
74755
95277
97834
81753
84204
52383
86512
51514
57760
86111
68327
93536
89999
60174
89478
81562
71963
94841
81427
95856
83724
58691
93294
55167
97722
59152
53112
69369
61347
51793
61431
91143
78206
82710
51381
88510
77083
83151
89983
97859
58346
71698
72305
91255
91891
57194
96692
74501
61247
85079
78839
77809
74037
94965
73562
54305
77003
91345
77205
82346
78530
59029
61398
84218
75283
73082
96425
93520
56417
65572
57805
80770
92415
89131
61013
56166
67240
93162
54976
61478
92286
86038
54873
52289
79531
74695
61565
88986
94064
67259
72821
52415
59088
62273
53490
92297
67511
97766
60575
74580
68879
84580
77630
54894
55144
50410
64954
58405
95361
59312
99173
55874
75870
62568
77351
85545
58335
93951
61157
99835
69336
63428
69631
96694
87935
82556
57620
75515
52574
56430
59155
83350
61864
79311
85456
99477
63028
79481
87533
75562
54365
90616
92230
80973
57895
51101
63953
60609
51937
69369
74700
78985
57416
82100
77821
98986
71794
52603
54845
84436
99771
72263
63517
86640
82143
98071
70936
66838
81938
71319
63464
57475
93173
56172
86184
62768
82952
91246
68051
66773
74411
80520
85173
59784
64356
73341
63007
64835
84926
64891
66464
58020
88265
91646
81737
69872
66036
82461
77698
85951
58366
67921
69690
64525
70180
63341
99737
59252
73591
95841
82872
80873
59219
85138
59956
53642
50222
90003
62272
57611
73856
97567
92675
87423
95315
63221
83261
80960
95874
75194
98549
53348
73039
97414
57705
80985
94975
56686
93859
96950
67663
89913
73182
73108
89841
77626
59631
94686
54445
86882
87547
81272
61629
90083
71481
87722
93323
77642
62451
79885
67655
57745
87375
65999
62935
83181
54932
54006
56216
80749
52368
65688
65284
72077
96950
88497
91307
84589
61860
82136
85997
76298
71104
87235
95619
70151
67341
69483
50816
74267
82999
84160
99321
65575
56548
77493
93116
53821
81181
56790
70874
79550
79695
65848
61092
70133
93582
59932
64902
69802
72345
98020
62829
63481
50400
88115
94515
99951
61883
86725
63393
70041
97395
55087
87686
97323
82557
60460
77258
65976
97235
90621
98914
55728
68986
72994
72513
76045
65425
96891
80229
66113
75821
76296
54764
72646
81828
66932
97916
64928
53090
79511
72009
54140
77422
97236
54036
90070
69721
60066
69305
81730
72279
55695
75082
65757
86732
71241
73813
61260
89855
97637
82442
63295
55446
63323
52007
67169
58193
96397
63609
69124
61986
89236
52599
69373
51016
94760
93690
87656
90934
92901
91677
58012
85182
85503
55313
78887
95748
79453
74244
94051
69714
74387
87478
80107
93453
56432
89637
56400
60884
90596
66742
76447
69646
73593
53203
97740
64689
72213
79308
89634
85055
96178
57304
95490
81303
53802
58309
77034
69635
56307
88922
63059
50483
94139
84458
82242
59228
54131
74945
72268
76557
62338
68544
93093
79064
52508
84041
79966
91743
77312
99068
78752
94291
94270
96873
94966
50229
86912
74457
67405
88517
82260
88546
93184
80971
50984
90242
81280
59078
81856
83190
58362
77698
73363
75840
77209
76810
61490
84845
80115
67743
76057
87110
98570
95123
94461
87989
54369
82345
70846
54597
61990
87784
93471
97717
63406
50371
51360
72309
94977
69394
89712
96728
66297
70151
55298
73828
73051
55690
70933
66616
89828
76134
87463
59089
64751
53660
74832
79043
71902
65914
77461
89220
57632
79524
99601
96182
76755
62919
85090
87155
63989
66485
52991
52268
70168
53225
68292
51487
87938
52177
61865
61930
62087
71730
51439
97473
76549
66904
77268
93669
75786
66754
70914
65497
83652
68115
73377
94153
73589
74857
96551
57177
88971
95267
60444
76277
72838
61589
81197
55957
55544
54135
99807
70825
87636
93340
52942
57917
94531
98634
68053
93037
60026
52499
74915
83153
51816
77696
51087
94361
89192
98540
88677
51142
71327
66875
54021
62308
72812
74023
56613
55890
98241
63149
52017
65492
90198
58375
64666
67628
96619
58820
57149
70989
79763
58369
82743
78769
69998
81922
65981
65675
63446
78126
76490
82648
59129
64445
79085
94723
59069
50525
97975
65096
60769
97583
71060
90073
53241
71293
60676
76940
54046
56861
78071
56844
83370
77901
77893
88907
90743
91886
90623
55382
64354
91048
59212
80484
99722
76844
68617
92185
68191
83152
73554
87312
85325
75511
57227
75467
76160
69806
61541
73190
50047
89306
54185
94526
99591
70679
55411
50516
85135
67359
96586
81721
74017
87748
94034
99906
99378
67353
72042
68853
58621
72689
92510
61445
89559
95256
97600
71701
80525
80076
61473
97332
80727
56194
79037
56257
98208
81618
77855
77106
86009
65097
53647
70092
90244
97811
77788
56039
74221
58809
66978
97074
63288
54137
59760
98538
61827
62097
62638
54595
92555
87640
98345
60958
53522
53891
62675
60516
51287
66392
64012
87983
90128
65428
82138
65772
58299
89697
89894
90107
55337
56959
80564
73183
84027
96827
74085
94294
69795
88656
94448
91458
52499
62256
92410
67395
53689
68360
70578
90586
75998
74936
68346
68554
78452
53285
58956
60404
81420
61906
76150
80216
86192
88271
60373
88329
65505
95168
79506
91840
64829
83518
56695
81426
50613
68414
50458
69637
75598
73762
69371
97977
77766
56795
61374
69367
80818
78167
57943
91784
67181
87785
89124
74957
97011
97407
65918
83725
68023
58387
75148
92190
56424
61613
79310
66322
78973
56062
77297
82061
73202
82127
84928
96653
97168
58735
53944
91219
77416
74018
76536
76738
62350
86425
73029
51277
63844
54310
64610
84004
56950
88282
67383
90720
71185
84815
66895
73272
55544
61822
87221
59473
71632
94963
51796
89032
71409
87430
87420
55361
73097
60375
67972
80718
88391
81992
75016
53073
89075
68570
82241
50866
63313
90522
68705
90264
84635
54607
76750
85073
64658
65905
62653
77142
54259
86087
69657
81971
67196
99188
68755
64685
73241
76271
53776
76687
61404
83075
61002
79518
73119
87236
90551
63965
94436
55210
63436
77106
66034
60330
77391
78639
75393
86624
71443
77332
99301
98659
54868
57395
90345
80357
62851
89700
54649
83438
50085
81476
83212
98053
63844
91742
79524
63607
99029
94633
72447
67404
67673
59713
96706
84879
57656
53761
54408
70130
89419
55279
97517
85774
83635
83506
90827
78859
71441
50131
79297
79576
74630
61417
94279
57332
78584
87392
98886
59740
70059
72721
76045
90559
88953
87204
55958
52781
60433
75665
94656
76635
56604
86681
98317
53289
77933
56898
98155
81319
94508
81684
68580
96078
95851
85956
56049
78962
53833
94374
60494
74527
80589
50077
89712
78882
70223
58560
58091
99672
90323
84703
62791
67371
74240
74175
96073
72853
90653
95099
83852
86967
80187
57377
85344
72439
80083
59702
56738
76867
58895
72021
72601
76755
95477
74298
60831
92363
93845
58338
76084
68777
75266
93540
73087
99680
92909
55420
58110
72627
87666
50088
70013
96556
72175
66927
67242
73138
82253
50163
59874
78845
51824
82911
64788
83816
70084
51794
78040
72330
60962
54952
66145
68133
69647
87055
78333
70753
79551
56089
76478
63269
80117
91748
82378
54934
54384
56373
91449
75030
51210
83013
56583
90703
89147
80927
61646
57938
77156
65426
92374
80637
54530
93413
99635
70968
54913
60545
68846
95903
57682
87228
87507
92251
53797
87824
56174
72950
57304
52008
84817
87661
96211
60536
64061
65940
59531
94688
78006
53046
51415
86089
97995
67968
81522
74766
81122
78891
92747
78029
99917
73996
83856
73024
65349
79686
99666
84973
60685
64455
66252
54359
67793
92274
82340
61546
82389
87544
57501
98328
65231
98308
79834
73879
52744
96378
65822
75261
54674
91977
58299
51053
54230
69968
71111
53040
87010
60639
78689
92128
82662
99131
98995
54301
71024
78693
94074
99958
64925
70736
50062
75935
65381
50377
65820
73931
75987
65867
75093
53436
67697
83051
55554
96475
76106
60500
73808
70612
85469
89795
71478
62562
76111
51451
99104
57816
77150
50940
86935
98893
66644
90902
75604
70056
61103
59225
67317
71445
79461
72320
57851
65670
94662
51275
88030
55961
96729
87010
84441
84609
88912
80538
59798
64364
80961
90884
76601
89482
63684
90566
63572
74268
82996
62963
77755
91386
87197
69398
91486
91433
99835
92649
85019
95668
52166
90336
90329
58007
83065
96072
78133
76390
58499
97157
80564
85362
61441
72278
52727
73511
61118
88594
57609
78805
95609
95393
72199
71585
65054
78188
66628
81114
69639
66815
96571
86856
69102
74497
83395
63767
88169
58324
54710
94822
65811
98856
94814
63094
78260
72170
77990
52913
66721
62405
72777
77898
61829
52216
88847
65670
58094
80187
65258
78410
98361
93451
66967
64370
90810
62889
98561
59074
74588
70970
90238
57693
88144
79946
64389
63512
92673
98519
90209
80637
97002
87587
51198
69482
90645
84055
71409
54921
59041
83842
69095
98573
75951
74745
89715
98216
79488
64130
94392
67359
99369
91761
99524
62048
54631
68380
73863
97117
80064
57798
89749
74072
52489
72628
63560
64367
84180
50438
61107
52712
97393
85734
73623
89536
63715
53562
99413
61147
67976
58993
69098
89856
82372
60530
87410
56456
83528
55392
98660
60613
51983
81055
63082
74266
71712
89910
79401
87256
63610
72562
74378
76352
88286
83087
51254
97047
50949
82897
65473
60554
87239
77448
83717
60735
53771
83283
94957
91230
64373
90366
69823
61089
63744
74296
93924
69372
60298
66253
64095
78984
62075
63579
56896
65173
98066
51242
92738
86187
69788
87553
73284
92573
90960
57942
57759
93251
65063
84871
86520
59400
51818
64657
69937
69748
85447
77838
99030
92830
95259
98786
76966
72827
71000
60485
57042
98059
63013
61333
91319
73984
65994
83944
84886
92467
51218
64772
50604
97893
72936
79060
97823
67652
56896
53068
69197
61573
82842
59204
52037
91099
99993
65071
68663
51147
50777
92895
82448
86413
82024
57213
72137
68582
53133
98199
86845
56241
82593
72827
89329
77159
69360
88504
81173
80857
59788
84478
69589
83465
64881
66053
59530
89399
97355
79504
63904
85751
95703
70945
97123
50577
93897
80479
71140
65377
80266
56131
89893
95265
87674
86319
58412
88195
58786
64563
95785
79893
99342
70475
73001
83804
92379
84816
72855
97086
64393
58199
95217
62297
65016
55286
83388
88404
64818
53401
80484
65458
61252
98891
70898
56867
97830
54018
99756
83963
87973
62676
90414
67578
92605
55584
51432
80041
56870
54080
58078
54024
51413
57504
93516
52361
99378
94564
64777
67742
91687
94962
85615
57255
61078
52718
92566
70373
59114
66026
56884
89388
75417
61535
60427
60271
81634
84419
71995
81188
76906
99647
62806
91453
88368
72291
83397
83613
61071
57307
50664
57109
56963
86240
52831
66198
60213
69328
52873
55229
83567
91292
94383
56460
61108
62411
67106
93461
93026
79757
89289
68029
59307
65516
54090
72389
76514
65921
81755
69900
76202
87098
59232
89413
56123
83948
52534
86674
99620
58028
60950
59906
97847
64326
80750
71553
67344
75073
77283
94634
74916
92661
68275
81257
78764
88264
72817
94141
77973
75068
55785
98975
58776
82419
68313
68234
61503
59709
84758
86895
87417
61357
58764
65908
73384
59689
68256
95374
89338
77200
63999
96759
67924
74249
55123
62256
53330
88074
85556
90169
92617
88816
89503
71791
79672
96215
76743
61027
79664
82744
59527
93383
50999
63224
69902
88839
66257
85523
57968
98959
87434
50507
66729
62080
68519
81145
70666
60565
75317
79035
96178
89102
64493
58702
89292
63273
72120
88906
83527
75129
62008
58337
68162
97413
79238
56785
56912
83357
78115
99181
54381
65709
73534
88458
67558
60578
80288
64235
81399
77672
67736
97467
50011
82322
90832
71608
57084
52133
62791
52056
78972
81975
88743
93966
65642
72389
89562
88738
61144
80510
55556
83001
52415
63723
73459
97635
57682
96120
84164
56005
63880
54200
85023
84482
63687
60171
65462
68946
80259
64805
82596
88760
89850
54100
61650
71332
76624
58924
51337
66103
66339
90795
78503
69602
58592
84162
53713
86120
57732
83901
88654
66144
63169
50331
75143
94642
58098
68002
61475
63221
70498
68976
79662
98429
97776
96481
65647
74904
90725
71345
89957
62562
66803
63588
83757
96650
79390
91783
57977
84883
65672
78605
76661
86260
77288
78031
87314
98672
66426
63016
87270
60238
52303
82801
87231
85740
77651
91089
96707
76850
94719
96941
52165
64239
92943
65982
80806
97978
59631
94499
88979
86428
71833
83051
83073
98337
73396
85176
51626
55429
74703
67517
50358
77902
84823
71224
97733
56829
71345
63911
83266
56188
94392
74907
89921
58206
54818
64628
89524
97636
53110
80885
80393
73467
89308
98887
87803
84358
73917
52451
69165
53984
55626
71023
91109
72167
64195
90962
78894
54537
93096
65157
78731
78736
83171
58764
53242
74523
68869
98861
81057
86172
72107
57669
61518
54518
74213
50074
69218
91073
83393
57297
74177
82737
78057
65509
82130
96886
82449
88981
75570
87293
50914
76520
74844
92069
76664
77210
51894
95488
73488
63361
83077
73009
66785
67234
54834
84788
93441
67468
74302
98669
58617
76401
74971
70196
80265
53860
59640
67759
51402
69002
62601
73691
81410
96539
90153
70191
56338
81349
56304
66914
67042
86112
67092
96474
50797
70399
90577
65735
58622
99573
75283
75513
69517
65945
62426
74942
89039
85644
63391
50567
60935
64946
66462
91170
57373
77169
70018
53744
62769
55112
74256
67413
50826
57037
86737
80271
73590
52409
73295
86623
70562
53887
95159
91510
53627
51156
66484
64340
57474
51723
95155
87217
77599
78444
77989
55109
87522
76413
99850
75623
62621
51751
84598
65478
76595
65014
60025
62124
65889
74969
74545
86071
60086
87641
80812
66464
61182
57984
50345
93849
88157
73810
71165
67253
64306
86568
68826
75417
59427
88951
58421
71203
87139
85041
80066
52812
96454
55535
83782
86197
68744
83391
67988
58987
54805
75348
67188
61715
84873
70235
53766
95969
61776
63164
50361
56790
84820
63663
57578
93466
70422
91595
75910
69776
80362
55831
71453
67713
55231
78162
97921
54879
56393
91705
91420
56480
89231
86820
50972
66801
51612
71302
86901
93918
81646
78805
70528
77876
93394
73432
66878
69956
70597
75209
75028
75622
52333
98174
72070
76267
86861
75424
90154
94496
92749
89915
62590
88835
55947
73471
57488
76597
99655
69133
55360
75253
80965
62228
87864
57609
52627
99133
51095
84711
54387
81827
95577
74751
65401
53280
87515
69741
69088
50004
56403
87564
92939
74051
72810
50850
51631
71419
52973
63370
77583
53882
77942
65387
50692
63296
55155
75233
60544
71299
80755
78796
75241
81949
56407
57970
73609
84822
81356
85979
51655
89121
61144
66531
91370
64484
66121
87576
96949
84341
91991
52391
89292
90005
52383
96579
52735
50130
99987
56003
70446
76032
74680
65287
93728
65026
70323
63989
80317
86721
90337
86233
78600
69333
71429
71489
50163
98190
80617
86593
85318
64356
94499
86108
61946
60760
99043
81423
97573
82477
71392
83672
61207
56725
94599
92069
95749
86099
85778
70953
91971
54230
69557
83316
51131
99446
71452
57651
62172
53895
82416
54843
91777
83622
91803
52663
57240
81047
61296
62067
91701
73985
79979
89162
59479
57412
97233
96104
67905
73222
74203
69728
57911
68550
93625
80490
82824
62572
56230
85459
88174
86600
77334
93906
50852
68185
97730
90663
92373
98032
92731
74545
62980
61769
71613
99754
74744
57835
79553
50790
77655
54142
72013
99829
88747
92683
74656
53591
90694
73352
75751
96861
79104
84189
98977
59082
71669
62502
66017
52170
73315
56166
71899
56293
69896
85909
84921
81057
65484
85446
94709
73240
57361
98908
54497
95533
57239
69698
55513
65696
98412
51028
91626
54006
85758
96143
65898
53560
56133
51971
91317
53477
75089
55422
86189
92593
68142
79853
83462
94737
51011
77452
83565
66888
58833
79666
66244
68440
55604
71878
66817
79084
67104
74888
83754
75990
85257
89977
79515
54613
51292
77794
64067
94810
94187
58985
69251
62654
80282
65193
61520
89443
56917
65973
97644
89233
66964
96169
60823
64178
78114
76537
98655
82868
70964
68134
71924
72611
93277
56706
93914
85505
61025
87507
70927
95566
84550
64169
74034
93429
90733
97447
61529
74158
71969
51474
66676
95819
93426
59321
94616
60653
59217
74820
63478
83288
87871
96638
54742
66965
89287
74574
71315
71479
73477
95416
79086
70791
65292
51408
65300
72409
84907
89157
52850
86534
88618
76739
54811
85418
76656
69165
61477
85557
73818
61485
51013
71666
89212
66452
50211
62736
76468
68355
52064
77048
60593
54970
92331
86711
65588
98590
