10000
4552
57801
12633
62898
97143
25035
98366
47278
55389
14965
3176
98473
10509
38382
9494
43771
21903
50645
13852
11611
93620
33626
20106
9533
89622
37075
47294
68365
30151
74159
34240
80654
33473
9616
8390
19513
96634
23079
32291
27076
27386
2999
53655
77612
11813
71868
41300
92581
15428
85364
41448
31016
14942
15659
45478
53414
59015
33902
52798
90801
30267
78833
24053
84991
27088
31561
18517
25439
51554
29091
52151
46765
49434
76170
70923
9533
56080
39439
90733
13357
35799
18659
708
13503
99647
47791
23785
58544
3263
30225
85500
48907
15759
48043
21243
66791
26940
76124
89964
78188
56831
73864
4612
48403
88611
29203
55219
18708
12858
26496
87522
85475
16273
96414
99796
97862
85204
34362
86736
45336
34482
32035
75367
90948
61751
83413
996
26705
6334
16298
28684
29128
38140
55817
23585
84086
75544
11626
52496
75455
93856
95930
622
70938
57997
16772
79436
952
90019
68397
8381
65780
25086
32074
48062
52865
14353
58786
85421
79071
36889
48539
53945
9951
54084
97336
11027
9757
99040
38000
91968
40314
54757
58496
39928
36971
98261
17164
86996
60631
12693
86405
81178
86222
54655
82570
29136
42437
87635
90129
22206
37398
47358
4208
5887
42952
33772
60068
86349
37213
86261
96732
35397
39619
68754
56096
79993
82201
1520
9208
84911
81696
64404
13573
69962
30394
13006
45696
18411
99775
91346
50490
136
76799
95388
10687
41683
7982
4342
28013
90959
63165
26126
1389
83848
10467
70872
53218
9697
1944
34764
34040
66642
43729
83339
24322
45786
91733
88498
56245
5958
91045
56109
11115
32128
69619
50462
85905
34459
83744
55773
79715
59809
86548
75768
2017
63337
30338
94932
91634
31051
90414
19669
14308
89122
98144
48731
70566
38741
86722
22246
52871
82212
56720
12268
36295
621
93277
27659
86925
78867
41110
81063
45429
11851
6693
3239
51429
35198
69852
9637
84807
65135
48571
71091
61753
5421
21782
46643
84569
84860
40659
76836
31477
58573
53860
53729
24024
43216
74630
64412
21523
96161
38858
4124
47095
53252
84397
90859
64216
22902
74709
16815
52792
2539
39724
84688
11753
23193
30145
93499
89717
82458
48992
82347
33163
89742
47655
81653
35140
87800
56218
48892
99573
16828
21536
66473
90574
6995
10025
85844
97718
17084
58639
21471
33749
65716
46203
52157
14920
93859
17455
67597
49772
33359
94977
68245
43632
51455
70725
44158
93971
15416
5906
34466
58945
54208
37890
33909
69185
98141
50725
75411
73449
46400
64530
15106
68280
6537
28596
68641
38463
97456
88880
74741
72984
68421
30528
47554
1558
1298
3682
3841
71172
21895
98787
26449
27884
562
75811
88129
30351
82275
50342
70795
57443
99980
23620
39802
28384
19842
75895
4083
45072
30095
10815
81477
9601
45375
63111
563
55074
11753
48135
15115
65655
41103
33130
99655
81986
77813
71839
69149
57854
18950
21620
9768
63528
65327
13065
95350
10937
52021
6519
48356
51072
77409
41173
17071
26272
18592
17790
39420
27132
81563
63603
85075
84979
94873
94468
30376
64095
19770
65147
89253
45494
67418
6140
53664
7834
81139
70677
37216
21950
29025
22655
10792
86117
82130
97631
62984
56878
40054
10333
72054
58269
56250
69539
90291
3859
97150
68531
90618
15555
86414
46271
83855
42779
45523
67719
89829
30135
42475
88532
15835
64245
3733
53717
23311
7758
2542
12359
16794
47156
88285
88735
87998
13974
27407
29272
46569
37951
5167
77957
36870
93777
72519
13941
39060
5914
21831
40411
94660
71918
90306
24079
26186
16577
12075
68769
95211
25183
18089
60033
80809
28117
24238
37494
67076
41290
47301
93426
72450
82585
4242
13250
98293
97832
11852
59795
59100
90366
66902
9928
64233
7353
78029
7372
87019
35229
90460
32194
21948
27678
12172
11155
61507
46086
97980
7417
75791
3339
44961
10366
75565
86998
32777
64521
47432
64463
15289
51761
24506
12335
82808
47117
19507
37887
26328
91018
79107
77001
64175
65391
20062
67937
12014
47707
6234
37930
77212
53760
53136
37486
28822
82324
42947
52866
66478
82209
48013
72694
78838
31142
73513
53142
20524
93560
88609
80471
64807
32278
48751
86258
54031
73860
86371
90075
56483
96211
24590
63133
66632
38202
85433
62416
86446
95218
97618
16110
38699
59784
85631
35497
76544
91195
10300
73565
49154
41125
54484
36518
31030
57678
68102
52616
70868
56165
67548
9640
80531
83014
33652
62756
78260
48637
72139
88611
11994
69301
25904
7619
15240
47539
29792
75032
31042
98817
2408
28160
16200
54833
20251
83233
68042
18121
41091
12116
32579
5375
30895
95691
8758
64524
39310
12339
5895
45484
67100
5857
42681
64843
95117
21345
36862
88622
4488
14436
86006
69083
90127
86478
14538
39954
71311
38481
19202
83058
5619
78671
73186
29366
74608
12735
98760
73552
46370
11183
46183
86450
86590
16179
72400
69113
64548
92295
98005
56921
48111
69551
94755
64620
44201
66063
68749
1481
4267
35556
90550
76294
25847
76934
27414
14564
23829
36122
87476
6690
80859
3515
44110
62426
85797
14741
17722
8120
69639
3373
95484
18236
1521
2399
23299
60721
26633
75705
29210
11576
21914
47108
6171
27680
15729
90873
66962
2441
29116
97257
96270
9288
26256
5984
97394
52878
74189
87181
37844
27327
25607
83788
47193
49915
33441
30598
70455
7892
62850
37975
72177
89677
70061
47194
80496
23745
13797
81821
47392
61734
81894
18593
68173
6523
9227
59079
53381
43641
76311
74715
10953
54744
48338
60549
33777
25669
40407
6709
66714
33179
51555
44801
30899
1877
91473
31536
20206
94504
19941
36007
47588
78813
83314
67647
82335
26774
24640
68463
81283
96773
49187
75436
74607
17828
85071
50701
25252
58628
68714
5979
88491
7408
22676
45430
87921
71909
52624
95776
79715
9143
13740
63887
33240
31203
94447
29203
92225
66869
46689
31833
40491
51341
75947
76503
70526
52367
23074
96784
48145
13652
82602
83106
99015
62516
3042
64837
67720
36847
38194
28646
3251
55723
14889
33713
48899
28362
42673
17821
17848
27728
14203
80364
59967
68756
27733
72188
13173
43841
54661
4207
48558
77531
44159
31271
78544
33791
95764
36377
64316
3299
41376
84123
8017
14866
17423
79702
5666
22894
65111
30119
54055
71131
55606
13839
35720
94220
756
90027
69105
21119
74022
93532
68889
62019
1980
57399
53338
76593
4576
9425
67123
21535
17572
43222
99007
29337
49383
29758
26707
86124
79044
62243
10192
53582
68506
13338
54701
41992
36445
23643
72443
13944
33650
32132
15986
46606
72214
56664
14693
12999
6499
64613
75828
25404
49990
18046
16373
33189
68444
96731
79543
35834
64756
32866
26615
23728
47525
47325
68309
87590
89494
20168
72576
23142
1291
48770
39258
80664
51296
94864
68706
1331
99455
66911
68938
31100
7499
25261
90775
85495
47433
8305
80493
87779
28965
51708
38729
25096
72936
43014
71428
10664
16166
63414
6106
28832
9072
17492
45047
10558
22312
8121
58628
2825
99231
69045
47098
81722
16866
37696
31376
69301
76999
77639
45964
43980
96439
2979
70824
25767
25603
14146
45910
63097
53132
42258
26768
74920
39394
59127
82344
64154
28332
47046
14517
24032
30035
53499
44412
27880
96130
8726
9833
69827
41852
8850
92644
92300
63544
73413
34005
82596
3862
98791
69139
88656
52246
2149
72843
43309
66344
10017
86318
86491
73979
11027
10425
18645
48923
68013
11059
22605
34227
80620
37486
44938
52402
1498
7771
60026
79145
72134
10956
33883
80222
63334
94728
90501
49075
86966
88788
7977
74821
95116
19002
56561
52446
48959
61026
20888
72962
31717
14664
61289
86183
77368
89700
57368
93742
38665
39205
86481
28437
62600
45710
72741
60754
36200
75715
51853
77291
58579
20972
66298
17798
13303
29744
13578
35541
41517
34056
27857
36340
84731
45648
40176
18153
41589
50030
65849
29425
26449
65094
11366
75875
94152
18350
60433
57149
27282
49870
41022
93039
62495
95868
58797
14245
9240
34158
94939
29016
33331
50965
24708
41613
84338
6466
51155
1980
49371
96083
95586
70793
3457
72923
12564
36683
25971
52457
77394
69512
68867
63557
70690
14877
30245
13913
88686
38755
24801
65074
36684
70280
41188
66691
91088
47848
93773
27065
16017
38430
92045
54370
63242
89409
72383
23175
55134
20938
777
18763
2690
50969
63373
75376
90424
93615
7107
47255
66889
21731
51879
19150
18004
64729
75396
14218
3893
59670
68095
54019
97472
79942
67320
45825
79301
11099
28929
97080
77667
40627
5505
31245
43855
28083
83748
99718
33556
10890
8071
59023
82042
79049
49277
33308
76417
42531
60133
644
29897
74041
28506
37992
18342
29219
60559
93495
60610
14647
73523
96468
49579
21852
41800
5035
85739
11243
96504
89797
26360
9932
66946
18495
86354
36893
48529
48870
6339
29224
18339
31752
74609
81949
62898
23985
76346
65896
1382
74467
11566
1523
90301
61319
65484
6959
86012
20529
31473
94988
47415
86465
55015
26770
9273
73654
33113
97301
71134
10797
26719
34143
75109
58814
18371
96066
8065
9920
26191
27814
42028
15627
76982
88537
31839
61392
12340
7157
67690
7708
86035
51639
77971
50807
74171
75663
3335
93220
86259
98994
50631
21218
41069
68088
48615
64463
48837
48342
31997
13531
36126
53245
80270
76281
69350
78836
93350
55798
78931
6719
54088
88240
49613
39090
88058
80234
94834
64763
7664
14430
56364
77090
48073
56742
7049
23835
34517
68868
35728
44795
94710
77646
37892
78923
93468
94678
21186
25725
32979
63135
26578
23355
25501
9602
25280
77964
80286
72595
77800
8309
42748
91617
65044
81720
91186
20418
38662
17454
38704
65100
97596
28560
36204
13011
35738
88899
48772
82494
97148
1165
97339
70777
91119
40244
74625
17936
88417
38019
44681
68662
83976
77194
62658
34604
72989
68128
97688
83
33879
62788
68637
4387
91905
37662
47461
96486
14242
19605
45971
20025
94275
13877
68261
57905
60159
58435
22325
84669
47509
63790
74948
647
10870
68490
68372
77408
70611
25361
67621
65438
43285
2105
73742
67821
83942
90839
42015
60762
50959
64468
22147
41715
32450
16754
56410
31681
69359
32037
34192
51981
68536
75612
13851
49349
67811
67099
39380
8430
72347
61738
11009
12324
90848
8671
82908
33964
3171
37362
47867
74520
8082
2270
94865
63274
23558
71501
89747
55746
81625
67459
5923
13796
38969
53685
13780
83183
96824
5731
40481
61666
97002
87763
85114
28410
39644
92701
45922
11804
71846
62502
95478
60007
15994
92705
47644
72806
11487
90994
78371
78960
11465
20944
82297
760
5940
94636
81330
69650
74796
59733
21788
38180
17050
78619
96137
79657
68867
83430
30373
26772
18437
35778
82186
13454
11538
42377
36101
71596
25146
92470
49980
44364
85532
35816
49184
51447
63160
43361
9324
36398
34974
91660
68957
1928
6383
71134
6654
21736
36177
689
31841
80705
79605
57541
31774
80780
99393
91738
36901
93731
38559
51384
32124
39820
47321
21940
98069
11416
6573
20850
58330
13976
85157
48199
6479
75487
14562
47682
91227
70497
30513
50348
88614
67883
25440
49521
94375
34651
50609
45183
69699
72586
8043
34072
30023
27445
12357
86015
73439
90423
28021
19444
43703
75677
90755
77020
60676
48971
99894
71984
44704
1736
22689
52127
87320
43125
85009
21923
12662
10734
3579
98177
53256
80587
70215
17252
91300
84922
80732
28294
94712
20609
57261
82666
77986
44350
92761
24885
7947
41194
16505
23171
45931
88147
71389
41932
51213
97855
92947
88538
76339
39707
9830
84289
66556
9753
76399
33255
32247
23024
59260
67478
74744
39926
9919
53642
85759
95943
21921
27527
31371
62213
82193
81210
46817
59966
93005
18132
49020
4723
53195
4227
95301
23307
51464
33634
15378
90885
96039
1871
80078
64711
2755
59994
26160
93335
53082
66743
11539
68353
30435
85036
30237
22156
1564
64057
92930
68578
77398
53163
95289
703
30116
17206
64567
30097
41615
36358
79827
35811
36879
65128
73260
50241
67170
20076
80197
4536
69654
37527
64971
16561
63824
88556
30809
51657
1826
71624
14161
86733
72528
6581
35881
46834
15381
97536
47895
6889
25924
31444
33859
95225
87564
56648
75652
50357
38589
32778
15576
2999
65353
94069
58593
42300
38347
88072
70305
6504
68481
97867
47938
69156
81215
56022
47134
63548
10465
21106
21584
98923
20911
40454
13945
67411
63233
57849
56432
97496
78277
32897
41898
22703
41310
92203
97224
36441
80361
57504
38702
18840
77355
29300
28550
85185
40655
79922
58735
95892
23800
73222
3277
8822
94015
14615
12498
36612
90404
69245
8268
27725
2010
74761
42565
28310
58580
80229
13934
77466
54149
34532
99510
58935
30025
11302
17736
95265
87304
932
14812
78690
85570
73470
31713
82159
77351
68384
4787
56568
74132
56647
31521
23783
57279
97940
67735
40399
26937
22348
31179
31376
70141
43077
2743
25779
43389
87995
76575
58508
36967
10825
37754
91632
90018
51799
10443
28103
26046
44657
98219
34355
10790
86993
93838
38974
65636
35240
62444
48840
86191
95999
68910
97038
19045
97457
35650
97837
52920
2083
48486
74982
47294
67323
9722
34397
52223
34657
86237
32004
2746
2642
97072
88135
56617
33609
3513
58939
56309
40379
21370
77366
51225
80594
67858
89288
70553
89920
43703
78265
39216
65827
45981
88142
25650
72397
20306
40918
68618
92020
34243
96263
76597
41639
45332
64910
52002
12252
21529
85623
6113
83111
32773
8540
56291
51459
62945
66263
64854
77827
77595
72914
78016
95887
58301
14624
65983
90678
70075
21432
87648
93188
36825
6903
26191
97806
65112
5871
69520
30810
40893
85103
68675
14166
58295
51891
32393
97058
8843
9113
91689
45943
34068
36941
78453
45003
16816
81261
52105
72538
36845
53969
54804
90140
57889
43722
73602
81667
61254
4339
21050
27444
62700
88299
28741
65817
36670
5124
45153
46023
77808
25956
83627
80289
33003
1909
81347
79676
15698
18915
63919
94062
64234
42620
82193
50216
70846
2501
62014
77924
1263
89976
5086
46918
84095
44582
39331
84849
85722
63418
65579
91336
38874
69182
39226
77895
7219
62379
14223
83
42093
98225
8500
26210
94334
53190
37417
43415
53941
65719
19750
72696
355
81878
65495
87059
17611
88586
62111
28715
65640
3567
36275
82648
5940
24331
52512
97903
57025
1266
66936
76669
5773
53656
87516
85427
5405
87426
94572
56952
67079
14396
45430
85649
87753
9946
49483
50872
64231
50131
12675
88111
40304
32693
83317
3440
92766
4165
43886
53285
93860
5189
41925
89560
29972
54614
8252
89302
27509
79738
30880
98801
82950
26924
49814
4589
89857
86698
76110
12187
85948
59275
12822
76930
61913
25841
71467
19128
7611
56025
83427
3084
38276
65030
3008
6026
52561
96927
76542
92661
52264
93988
11126
13471
1905
34569
38515
51353
63121
73907
9770
82171
77066
59120
82010
38017
53023
84704
53238
35700
62047
75531
16831
32709
16281
32888
397
61449
92383
5106
18576
10510
50265
36670
3005
84983
94714
10771
70855
92930
57226
53650
39881
95614
34408
1981
6624
23588
85299
2891
88743
29815
1353
71145
31310
63110
64687
65055
65460
59851
36267
97924
84609
62897
51334
52395
32013
83266
60074
46857
37689
88876
14624
87606
58636
1036
12028
28627
38685
76973
55421
10361
80750
96390
6678
51872
97442
33096
55692
79321
40158
20114
12507
11315
26457
91378
26647
2699
79106
64632
91017
48420
92053
27258
28865
44360
96846
65077
12684
54953
85735
99109
25363
21415
84541
82021
54267
74117
89413
5817
17781
7159
68305
26087
87239
52315
98996
68893
93317
40764
60154
77139
4878
94534
45852
95551
9541
83814
74342
43141
4888
56437
32110
30332
50601
78650
24093
17817
30118
32616
57368
13052
2777
3690
87427
45524
11805
39489
45302
42833
65679
44926
39608
3484
8121
23733
8324
74230
30842
3211
25189
8347
56515
4008
75125
48396
72166
95925
91349
6846
42127
87531
41729
3279
28133
74749
44759
55368
29125
67081
42206
9209
69119
29600
31175
15894
79587
61346
25973
20824
5298
92104
10014
79799
79340
22035
39984
18197
3596
15462
64847
63010
25041
68091
31747
39800
51301
46882
80555
79840
84542
13995
6876
72065
33139
90807
64058
31403
64351
8506
67823
59678
36446
89720
6956
88041
19968
46210
50269
75226
8032
76486
11592
39424
4950
24476
65951
85804
62837
43634
30242
44943
1588
96712
27602
71205
57819
42692
93189
68889
66623
95909
41667
19799
35157
35969
60140
62945
12821
69972
85000
51144
55446
94492
33666
73462
65787
81684
54056
11471
72831
97498
68797
36215
7231
27551
98366
539
85899
56000
18960
3354
55204
44417
38814
89819
62512
25483
42113
14095
59086
4107
25220
40369
93362
96509
99926
88527
24947
90596
56908
48744
11410
90758
63724
27616
65284
97399
82953
17229
91252
1095
102
37689
98965
86318
79755
98280
10498
51222
39222
19876
75943
14549
14276
26970
7901
56128
18716
82598
51479
30293
27118
60004
32094
5007
15202
51056
88382
43811
35004
12346
4973
95359
44826
53936
13619
54695
34112
78065
38667
73820
3016
33855
46070
14770
28061
2795
16194
60127
57370
15745
67825
18260
67357
16182
20818
94306
70729
72278
52234
91523
91296
24815
52396
52810
8742
27861
29419
92921
75769
81454
85575
27104
80405
68355
71599
63260
51147
95582
30926
69608
3983
11506
58210
59750
44701
64197
16422
32728
86178
36221
80598
41865
82953
38388
49784
47946
14563
36258
23039
70265
75682
4913
99620
49719
98305
689
69413
53301
85412
91709
38203
1097
798
12743
53239
60264
56834
28046
34619
63310
68254
13931
78353
74211
35674
37108
2989
79136
96387
50278
24960
54960
98280
98960
80166
6944
35335
14884
27216
10915
24744
52336
15340
79159
29407
86452
43272
99924
51802
68948
91036
21159
29405
29276
70844
18457
71112
6003
74881
13927
19817
18004
39846
76182
83772
62431
18408
40599
58179
24829
67329
37693
88996
42626
38166
82578
7266
75397
35436
83588
67813
69728
10842
24633
96034
90772
18993
76407
23622
30669
30502
97538
30778
16857
36918
61344
19220
40480
33104
37360
80359
61433
38450
12901
8666
85852
60643
74540
89714
94282
22997
18344
58309
37694
52008
21824
14386
87159
57916
94154
18524
78877
76882
30622
29163
980
86310
34729
13695
97823
81247
70604
91784
73051
82536
812
37044
81654
92245
76316
5054
48350
30161
65276
4885
77334
2333
71272
84373
53143
60580
85623
55207
83086
61210
33426
83900
93020
60446
73704
87670
14458
62144
80559
47819
29696
65100
4300
54602
18475
16376
83324
91712
46501
55124
10892
23715
78111
76540
70443
86962
16038
78699
19440
94330
69438
57756
97598
74617
95052
15660
4587
70871
41146
74032
24284
91298
82855
11274
85647
1162
16992
73206
985
17711
89797
12721
57680
40784
71842
33016
47160
83096
90207
15975
51179
23685
68780
25741
94700
72871
3300
25368
25856
94461
47988
57876
8661
5983
13742
81144
62974
2098
78494
40092
54548
52078
48670
40800
95645
25050
27169
97003
796
45400
6612
86798
37603
11829
47521
35617
76221
79918
84751
97258
59143
28670
30636
19232
92266
62103
41246
87511
43178
91104
17055
85091
9210
97285
78416
23187
65806
77839
89847
44811
49216
10691
20891
35171
6218
83010
41900
72759
6150
83499
40198
73565
58064
13046
14838
20889
94020
47057
9098
77414
64496
24270
66637
80904
43920
78732
64975
98862
68117
77114
66434
18408
53966
46488
659
41070
62796
91853
32279
76323
10933
80393
24173
20438
49324
64370
75551
4734
94552
33054
37087
95010
29528
80324
44349
29184
87199
78464
15851
15794
61653
62506
73656
3588
14135
27323
5481
54211
37351
6116
53753
12774
74341
70649
88480
68548
6726
45671
91940
99680
43542
52421
37973
35016
58891
19013
42650
31986
63011
2062
64124
51781
87550
77795
23336
78749
17944
39868
38575
19349
34376
1738
57033
90787
83375
26296
19226
46942
57294
5968
80198
16979
86765
94509
81256
30678
11404
80500
37320
85678
16517
42311
50856
84984
28324
12148
35824
83287
53216
54795
1793
84343
89943
84097
93575
85792
36390
17375
69567
66240
79536
84651
10600
96604
46115
56466
30361
75622
55092
9966
91474
84500
15197
42399
84826
5568
71120
93758
68702
3968
32342
87469
85489
17498
63680
47428
65131
49237
71272
62259
98028
19288
211
30594
88149
72760
42876
37526
49624
76276
85892
90656
47255
98724
29366
23267
36045
89617
6316
46915
30549
17613
2593
28375
14975
26753
5619
25841
31730
70613
95484
12126
72786
11847
8341
9697
53692
87201
15953
33175
38211
6395
94675
81794
36731
23254
28038
58896
14114
1019
4994
14819
50917
26821
11540
68767
37070
89714
24577
32613
51134
98996
25036
95577
61131
99499
73358
22773
94990
52030
43568
61794
63279
10416
47580
4886
33043
44332
96055
34385
87139
61764
36851
53473
86020
41814
448
94049
4613
9064
55245
38332
55602
64043
71238
46163
56816
30978
75908
79230
227
46720
26028
59546
92883
36319
30019
34606
17308
94345
77056
51699
42972
6360
40040
21856
56835
51820
67723
64791
29926
2360
45081
86951
40846
44146
39276
15134
65887
37581
24432
82543
10545
83385
17075
56785
56657
28360
17707
32627
20757
48698
31139
35463
15679
31496
60545
70852
66314
46992
86566
83131
85493
45580
41764
64391
82521
59234
52009
69564
53494
2011
87693
66161
70167
22027
86209
30315
21764
72877
9412
13923
22626
19167
41020
47993
53178
17303
29894
95381
28719
15091
76013
84736
84694
27372
29133
36008
43753
81827
41873
91587
57716
8030
92697
72242
75935
94366
30299
85943
63391
97082
29544
20887
95034
45930
29102
30819
70258
62207
16764
90613
99405
57270
45947
17979
14955
28449
91239
6873
30484
85333
89188
23149
7512
48172
38373
89660
50651
68224
80455
66636
20451
25401
17190
90470
3258
24229
92294
51444
4046
22895
72735
51551
23946
4751
7517
91964
21095
82464
78177
77519
15156
47117
11455
46818
76930
64051
52064
72465
3962
44339
43876
30868
91874
89312
1809
13837
14912
20841
98744
93094
93767
68084
45778
45850
68018
47011
11603
57416
21348
50262
31229
59933
19458
71496
69608
31936
96996
42659
62161
39200
22029
76144
16653
42291
31875
33213
33056
40370
64749
89008
86253
99214
71605
33503
45312
65861
12233
32986
85994
26385
25348
78864
2266
29854
10254
10590
88003
52096
91531
78410
93478
4263
10251
11574
64794
27134
44370
78501
96604
60459
86235
24463
98573
74923
2008
21973
51002
27573
73857
12694
90486
63334
48973
73989
83680
68687
64474
31734
58954
44522
51880
52616
19549
84188
81752
34257
35729
35978
26029
35016
33336
31541
21853
58926
16666
68481
74539
18081
80735
42990
17483
14944
35631
78567
31561
87749
81480
39326
88526
89021
29467
91176
37693
13316
21597
34753
84165
56934
48487
6164
82354
28428
23673
56277
23396
7371
84587
31039
59117
31218
29250
39331
67152
86063
91189
37235
62694
73147
80885
39579
79857
28968
51377
75825
89984
57497
15417
52606
17467
7514
35126
35314
11627
85300
76071
76029
9988
16916
21839
37275
99332
12184
24790
61359
77873
97007
41016
29888
23561
18278
80490
28472
22860
28654
96897
33765
1878
70682
23070
68596
70187
46687
16050
10097
88647
2625
5664
44603
41480
53538
5983
79537
12006
17565
25417
2349
83901
93706
33682
23585
47384
37721
17350
94433
42435
89435
11993
54523
64840
52001
15098
26389
93830
86279
91040
25045
77385
97693
38716
43420
6496
58197
49786
83324
72915
96813
23140
35606
47060
26346
88566
71667
39682
9851
98656
67014
93749
65646
99744
10775
82711
70720
90236
98203
69521
59426
74530
65282
74292
27912
25586
68669
41373
6601
26674
67287
56825
92550
15650
44082
68428
97669
35909
78882
56210
26197
65560
48573
75527
89144
70303
16322
84890
72792
97488
27927
8932
43902
73103
99520
44162
26352
69344
60369
50501
29278
51285
43904
61122
52059
89717
95520
5843
14842
89339
55010
63474
2421
95312
38713
20999
13189
22574
46847
23224
44731
32365
98592
49726
4097
27625
24183
78738
76416
15500
29137
56956
50829
89525
50464
75599
87337
56609
36776
11299
80263
74495
35286
88456
22293
89005
99262
49471
75559
46575
39829
62648
71901
32193
59475
7873
51200
71177
51763
86859
16735
22673
22670
84011
41947
83594
78865
53745
23440
74058
29230
53743
18212
39994
41780
25584
3642
8756
4630
79309
97680
85968
60138
37454
17988
69820
37272
118
27592
22145
42809
54245
21348
43231
95154
79857
75886
6891
19567
65878
46748
34402
68543
79692
41316
51918
59646
52685
73990
78728
98074
3438
63987
53402
60292
34730
94068
56664
36790
35779
10801
40875
197
47487
15886
41957
1308
53124
46298
48267
75458
72304
77053
49655
24919
87334
43940
39202
3093
63484
77138
31510
13792
89136
56732
68205
51517
34449
78686
93052
84360
40877
27587
60705
65663
59941
53713
98044
49465
15233
2565
73284
66575
34492
37105
77344
62686
35664
17215
36008
65852
18074
3205
95460
62311
29254
99281
89888
72111
51620
37270
53378
17410
92113
93941
85061
28235
38082
34523
9896
74922
87118
16742
7208
36120
8453
16119
89986
95405
97748
789
69082
75598
50911
64869
22863
84471
49762
1317
26856
51754
24463
80574
58950
66927
22471
56589
77865
28694
31853
53134
90872
11080
86347
50085
68130
6495
32610
93301
36394
3806
26116
62769
92184
63978
74984
5281
90706
52223
98591
71164
6851
12976
94213
3725
65703
91306
43022
25703
17569
20599
45752
36474
67012
75657
3740
49103
92685
1991
71085
86152
85405
7445
98320
56623
56161
87942
46446
7058
36340
3011
2932
70208
43885
33209
5941
55304
66127
53141
60664
85898
11166
48176
20370
32473
76252
90024
95940
19343
28578
97516
6815
76990
20004
17975
63032
95735
77423
88529
73536
39640
23014
23764
51145
66436
44115
74359
18062
99186
24209
12182
20177
20040
13226
8105
74212
55798
94950
43241
44730
3148
18741
29934
42830
97152
55141
38045
61753
90215
6428
95250
44417
78809
39828
50479
62547
24423
27785
61463
74527
15311
28153
92061
41656
96459
96803
621
75170
39513
46649
48081
29888
58902
8259
11913
95726
17414
2725
16150
36978
57661
83143
15890
21796
22534
81282
10233
33078
63282
84273
20689
44614
48623
82349
13231
75418
67651
57984
72619
53740
87904
63832
41245
95512
35949
34758
86570
40213
3219
40731
27166
48615
42973
23066
80033
1166
57313
3690
22221
28476
80195
71051
66237
4360
59481
8732
5465
37648
74740
3562
64897
39123
18796
34328
52270
82727
99833
27461
70052
80007
62937
67353
89741
65335
18870
31661
4104
93720
6735
91719
46466
27316
18124
86592
30010
90837
19406
2028
78710
13207
37404
31489
92573
47089
8838
64599
65793
84664
73036
65378
42976
42917
82872
81815
3708
74928
79209
5023
71125
34742
43213
17195
49216
85453
95405
86049
3122
52480
22490
45921
24625
10474
52050
55082
31306
45445
62150
57419
77306
36809
11802
4103
84907
62857
63678
82472
97228
85651
70114
32508
86714
33486
61546
17776
64733
41749
80975
59972
35362
4806
83359
88821
72643
2588
85032
28770
1067
26036
92117
83052
30141
10582
33642
62083
53862
8735
68955
42751
40981
48554
79773
98970
70245
84887
19166
41668
11129
85327
42530
63061
79659
39688
53879
32443
67459
69259
60829
922
84694
63015
50882
4893
75377
2131
73903
75284
56146
72778
91115
78394
61576
175
34420
97583
69340
51315
36184
21861
15054
50478
92913
64554
4850
3661
79352
56069
98472
67052
88683
4995
80319
1297
71433
63011
47973
17554
42210
96732
23676
66453
92084
81192
63277
16527
83895
90947
56380
84861
64618
81540
99650
73448
8272
52626
8176
59633
54432
88994
5914
64524
29243
99984
58217
25922
29114
13280
99190
65612
42958
86061
92100
36175
46278
53188
37422
18225
25055
54770
299
58864
88819
99714
89261
44513
89801
12765
69396
36047
83500
65170
25830
51477
26777
95376
37406
9611
76576
56564
50366
12665
36692
97226
60673
45607
65945
94681
59660
97370
94211
17326
19470
36745
14884
35585
57451
350
86080
82924
10751
33028
83833
4018
61451
49039
64847
40588
81381
35866
44069
19122
58909
26180
95798
44275
87182
22220
81421
64782
76960
29761
93260
26033
80586
57856
31061
18247
29033
76819
71073
27038
2287
57470
76775
99413
30160
13903
49162
65270
95572
76711
86822
1727
53037
99681
19142
77278
28393
10905
9693
38750
13782
62920
58502
72771
32485
17732
14077
31993
62147
94655
53493
68047
50246
68162
66344
14380
41700
14444
86158
66048
24651
80963
26407
4359
7273
73965
52565
74645
18175
43581
89222
57665
36105
43714
17089
65949
44766
99978
4179
8007
88216
81403
93278
23152
78255
37156
88015
90872
45846
97913
31408
1090
67244
76228
20251
86503
4876
48225
43921
50568
92029
21801
22114
70364
93870
15191
1812
66808
18066
72392
27516
43300
27293
69184
27158
88816
3631
81804
53394
18658
5718
46744
8116
67482
94625
93284
70022
40900
74099
40779
92821
25273
28763
31659
40760
36603
11659
10413
55094
84697
7544
463
54188
43246
65938
38608
26639
4096
82709
30323
85983
49093
18258
91887
55286
47815
15601
66407
12126
6679
59829
50408
66555
45375
78604
58259
19314
22474
35898
82941
19173
48510
30191
9698
79195
68236
24286
37827
47704
40437
41264
41692
91778
61424
53037
84686
42222
53270
73949
44994
32125
87693
49472
90265
66433
17944
99938
16563
41084
93262
79932
25984
37151
69688
86060
57672
76506
92269
90865
51165
72239
20213
32954
52297
15896
33626
65776
47438
73109
96298
51062
13556
61972
60671
50892
64170
13582
4982
44210
82286
47795
14167
5306
7394
46026
38035
21568
56534
13154
57520
50243
56010
83672
35070
76702
49736
71140
90549
74766
57177
83517
21888
4511
65743
26129
54460
12434
61692
43885
11455
72639
36508
76879
27331
53620
10870
1765
78601
85664
72311
87669
43859
79587
60579
38406
59938
78796
4355
53980
16715
98862
81461
50070
7361
30740
36184
53998
5863
71020
9459
72722
35346
46953
69345
51287
98132
88560
41343
27422
31933
78087
12893
96498
99295
4894
24256
31145
52396
15826
5056
55588
69480
39831
68499
81788
62687
79578
29698
29265
37752
69666
42119
38362
6338
10240
1648
98125
15373
87768
90579
2064
25804
49672
28196
70556
89003
64207
74844
78525
20132
14595
12438
43499
20666
40500
25609
5496
10935
45694
91452
82645
8560
97582
1873
27969
38140
64560
14330
65982
38400
66767
67349
5390
68408
543
68050
47669
19054
28786
74475
84465
54667
31988
97129
66383
73264
85188
87245
86450
72597
59555
49020
88114
43807
44088
31287
55729
81530
27020
97225
61070
57085
27079
70681
81920
76605
29626
60406
92838
61877
60783
83402
71911
29832
44717
51802
18993
74614
51410
80663
52170
40036
85875
92948
96862
62640
16527
49682
50402
85537
98613
78540
18832
67178
31550
5256
23241
92742
48386
78045
84333
80193
51798
28250
16027
65081
92438
32089
93050
93359
44720
75271
22785
98124
5213
51346
97646
70371
88560
18104
41876
23692
34281
29829
58530
7883
91424
51710
25599
39435
21397
91489
82577
58919
43630
98850
73914
16604
3638
84778
40871
17046
29267
57601
80355
63974
21196
66058
51267
81805
59996
85266
6002
9830
20456
87046
89472
815
87381
5310
21672
66388
58807
89110
573
39691
73368
8497
55133
83529
13295
7115
4813
71083
37030
22720
1696
50840
46954
79860
19778
72638
99617
19900
77135
95405
56416
80087
32746
30809
8650
46125
66819
23142
26942
79973
43954
23706
17549
25109
27054
30987
20266
31371
21254
45275
25072
89666
26460
78714
75501
36095
54077
98219
83056
58062
96948
94223
38936
31408
78851
61265
71539
16238
46925
53758
85685
11478
62887
14036
75032
87036
79532
59884
58265
2495
50959
14523
77593
68273
57470
63157
10392
14475
46558
79470
24149
15490
13119
9919
95245
59567
86784
264
52326
90718
44698
75931
30324
61281
43360
29883
76975
78633
56866
50215
80850
29585
64377
83339
5072
79294
26118
68538
50334
78585
43057
26669
44895
66815
37943
1765
9843
94785
8453
64646
61751
24588
58843
2177
64964
29796
94843
31804
85671
50311
31541
47516
36441
74561
92546
47046
29026
53675
38167
82927
90976
31392
45875
79840
47653
6986
78605
35050
88404
52482
24232
23176
60001
39071
51714
54316
16290
19343
15945
77628
8589
62129
10866
82509
44417
83298
61898
25595
82111
46950
49352
78908
10717
37136
80385
99493
43867
98855
6609
23842
8378
60838
21157
30665
69665
2769
62080
60211
2127
38672
27077
42274
78637
72383
48622
18276
39927
78868
39092
21828
40974
6470
16707
77197
57475
5794
1016
55093
23126
82717
25182
29369
85080
7454
70884
54720
28710
82813
32652
49636
87578
83918
65697
52732
71965
40650
7797
97095
42970
90083
94713
91404
10738
60446
27699
76043
34814
98014
33645
77383
7801
47959
63593
54620
64104
37015
47079
21072
17736
17250
84853
27762
74677
63487
5813
27685
59711
67261
15894
22370
12818
74908
61270
66358
10282
89267
724
54698
52788
39256
65368
54769
2954
98983
84128
32593
21837
12142
21109
80419
79853
3184
75885
58891
16279
96568
1216
98232
88268
61616
94394
22667
44103
66350
85114
98441
14369
10734
44222
4551
92874
56115
31987
66864
9714
53596
36506
51192
31471
5793
84857
39830
99963
4353
84853
42358
56733
40859
93356
7839
6487
21212
28935
84838
38907
24425
42398
67240
44780
42703
69202
79129
67152
75820
42441
88945
72128
48048
80806
51643
32165
91509
53319
75075
68264
86173
80275
67050
34449
84312
32357
58683
66438
90066
41260
93992
84877
11177
62547
53786
92518
3
98070
57686
85412
18398
10297
48978
27697
21586
35175
62176
51088
72003
85442
41709
74108
49701
92649
40130
13363
44247
38524
11906
76795
20402
13267
96246
26478
70228
3730
61587
16640
85253
66477
26702
47057
33343
71783
49608
7310
43342
96452
90765
4730
18582
25809
94595
98945
547
11872
90895
22198
52243
98342
84628
3268
1423
85690
60958
62530
91006
81608
61763
47900
93894
85539
60144
53607
91298
49377
63548
13720
96732
49272
3485
97623
9275
98701
77504
341
16775
77351
56065
66869
76065
60618
37984
64132
74712
78815
38555
76117
78989
32755
48570
99734
48593
45968
45641
44438
28530
27147
4430
59312
39245
32487
41567
21791
46448
29836
95108
83041
54993
91530
22959
57210
94550
71942
807
79275
89203
32561
93298
91644
55070
27776
79052
36145
53708
7970
4695
6535
52179
14491
18699
6512
39767
27772
31055
88787
92951
131
13258
64131
12152
60727
9822
23702
84491
98636
37371
21080
79710
23778
87317
40402
45780
62034
30115
51326
38226
42064
91910
43286
50141
8367
26416
96075
29982
86
13271
27980
32518
49892
91215
85507
14167
95563
26313
11990
70999
73021
31383
96960
1842
66036
93420
48967
20887
81258
21284
12030
50287
91293
19751
34979
9542
37814
7948
87034
86874
40775
39998
69002
80602
50178
56579
29133
56626
71442
81993
12318
7680
26883
53497
35149
19978
99869
56886
90931
86590
60221
84917
50490
84564
76600
93146
96200
5044
15702
76639
38841
61341
15981
1825
43416
42288
21525
50831
37600
83001
26764
79698
80263
94202
34548
16703
13469
97617
9632
13770
57882
3345
70027
34022
96232
7904
61165
37248
5491
96493
55332
28293
29438
75267
67045
48047
53739
79946
89631
96625
40774
77200
66441
85660
33829
57476
4071
78594
31383
91219
25984
86281
38592
51452
93
71416
87605
34707
22198
45756
84927
88093
78004
68744
29436
94313
87686
65379
19191
76485
342
43817
56959
91073
88624
59489
90932
60410
60613
48253
75892
25496
24319
49405
64975
95242
30493
85431
93007
72236
61339
80691
47746
80262
35027
63761
28223
88584
51965
82244
3588
71247
6691
42050
60074
83998
98124
14722
67870
57173
80708
34974
86084
23100
83009
23645
54515
14456
49086
75050
53878
13621
32214
8298
10775
46868
28043
32208
75161
62530
42700
92523
99789
39263
48378
11957
98516
754
60316
66660
7210
11465
57593
71593
27514
8751
30246
85892
53140
97953
79081
97909
658
94252
20358
40852
65117
71736
78389
60698
59241
1473
99038
3729
52135
39197
48565
46269
53584
76199
35597
19245
92613
89246
19554
45170
56077
98038
54115
70494
96137
69358
54986
29751
34802
96729
10872
26759
65359
90621
41335
16877
45840
66040
7548
2146
70743
38386
71973
11827
99182
71934
89182
68127
74982
9305
11715
47949
98875
23091
52033
86126
1441
28275
19370
37001
27406
15770
98627
1580
21974
78121
9593
98586
5755
33962
82550
4207
41861
53601
69838
31550
38501
71090
89552
36703
78475
82955
32033
31200
33220
6560
46801
79691
71533
45863
22949
19714
64596
96342
30164
41407
61287
1109
70006
53424
34481
62843
52858
62632
26655
17742
52672
76603
51510
65125
23769
6651
23028
62458
53499
22020
75670
59403
76624
25250
55772
90190
99041
27831
22961
61056
75567
69141
26953
2933
37733
12907
94580
86877
39755
408
61524
64200
1562
82114
46950
60989
72757
84660
83955
57588
85320
22602
84637
45062
30788
33480
65015
70145
18987
46704
10158
29501
49778
342
89628
79579
62926
27002
13900
72094
82571
95989
65292
39226
21129
63002
30271
74312
59787
37382
55161
7993
27438
22425
54302
82780
98000
11417
14195
39963
98922
46569
50977
41130
74306
66822
45603
24188
85882
27392
27257
44076
51386
6058
79236
45250
51851
88793
49814
57958
45773
1336
32578
50185
9185
39395
1071
50313
39012
56876
9629
56932
1589
5937
91501
81999
98438
57515
95791
27914
62288
26933
76808
56941
70552
52921
53912
54972
78562
97498
11404
57254
88140
33592
80887
12601
31881
90618
41394
42368
30182
53297
11342
97688
6365
33086
1907
59235
88984
17791
16374
64760
79714
49662
20988
74970
1020
12001
56339
92191
77649
4482
48237
45043
88770
33921
20997
58225
76444
24115
1519
80248
5872
1551
18386
92347
80787
88041
22160
32506
54794
10596
71237
50315
25563
55326
29029
19893
10194
20551
32979
25580
56675
71555
67367
2071
73504
85675
60999
53945
44734
30082
26830
86493
91917
644
27561
42046
86080
63499
58867
33535
52622
17009
93711
19396
53403
97341
74755
16569
86254
65243
48238
77005
25072
59560
82649
71078
11287
30123
27533
26677
993
41367
75316
51094
38252
28184
87324
23000
43457
78347
11795
12473
6125
65227
3506
57041
39558
77990
96519
28600
47567
68703
55448
60126
90001
39581
62844
31373
851
6618
33680
96382
84673
43142
2889
35639
64915
39043
44666
15468
56813
14133
37522
75867
33824
71526
24134
18815
57149
43784
9617
66803
83746
54810
88295
14341
36728
32208
36453
23327
69533
2318
44667
29878
57042
40384
65346
34128
91727
668
54525
90082
50437
98990
93922
67159
28828
198
98585
62321
82872
26790
28044
5155
3431
81011
23342
62322
20769
25648
77428
99350
53714
62445
27962
46921
5785
38671
9361
27723
16617
57325
13886
84604
17720
87548
54102
96917
40291
24534
80762
4094
91728
9104
88601
32467
94990
38386
58662
58897
29679
17557
66260
68783
96063
42387
59010
91148
8644
53832
226
42087
67080
34192
76459
64484
30577
34267
24714
19522
43286
28251
50128
67189
43255
45282
59185
1678
54488
40346
20298
3035
14569
73539
4414
71517
5300
89538
63832
99585
7208
18580
53446
86936
94852
19402
49366
77764
22642
74909
95564
44895
46542
93085
32517
79201
65250
83566
44375
14522
77132
76051
86359
72014
27482
17097
85426
48178
93197
19587
12515
86177
34534
66416
57396
21491
30302
38291
16590
57287
33911
60423
68742
89419
61556
32216
41006
21311
44751
7538
39143
49210
62029
15237
49311
82254
74611
56375
88118
2121
11544
67455
56061
88369
91107
8635
95692
8177
2590
46680
13322
37798
53262
93418
4512
33067
81384
45748
93992
85471
22833
33669
7631
25967
58203
70129
75386
61660
42496
5790
84144
32987
67879
38927
53084
48611
28210
43305
3458
24430
40743
60656
32372
72877
91052
66869
72318
63917
8015
81895
78940
70625
26341
69470
41867
72852
68865
5391
68324
6067
92976
36554
56414
42078
95696
8371
57121
62549
76006
93203
9909
39586
74893
33323
66147
15951
50077
21608
70849
28705
87161
721
54331
46568
51358
28971
90478
92377
48266
22243
57726
16063
70383
51402
66859
84380
91623
6742
18021
44475
62058
13536
90581
5653
42436
69792
20731
56088
47165
42978
33386
38934
91068
73036
38614
64483
1755
97757
28968
40267
42910
61090
80059
33338
51271
25852
87835
89057
91502
31732
66973
78039
75240
69413
89441
26531
18974
89336
31506
40234
85822
48050
88851
23817
80768
74109
57730
37452
56541
38158
20455
56531
8551
84270
15337
12718
51957
13166
28341
33067
49978
48129
23634
31605
91822
58517
36461
70271
97557
61558
65059
7727
59485
92410
6340
13106
20303
57251
52779
95690
71784
99638
80605
62521
95658
42872
4209
88187
47278
61268
66933
96877
33516
51810
36094
83984
77009
60394
40214
5245
22589
13016
90771
67257
58956
24911
75663
56805
22167
54390
71493
37852
34677
55108
51746
29068
59027
39853
46356
95351
60896
69961
39022
26911
52167
28624
32858
82590
59562
16327
87494
21587
5565
7541
35692
45367
50852
82558
35774
71534
75955
20662
81901
38778
10712
5760
84924
11174
36718
74632
9825
47594
82787
74376
26424
93907
31349
36051
90535
55211
237
84196
4365
57573
6456
88869
14553
74456
12934
536
25410
555
77054
99755
85190
14428
31920
47420
19930
80534
67289
25181
94360
61968
30673
40956
67842
71982
16003
60785
41667
72665
46679
74944
93335
79449
48852
66108
16073
65446
44110
40884
50889
35461
9151
5569
50416
65605
44358
77116
87027
16026
52531
87849
87239
30751
68396
51399
61090
31982
69014
92966
84032
21368
72271
15629
35802
64552
93249
60500
41257
25102
2250
68092
35722
42595
71576
44957
97469
38826
6583
7117
45174
58604
52214
36368
32103
41638
77535
17954
27092
65288
30166
33226
91241
71997
4005
13085
58284
77055
52374
31628
93762
86835
40738
29018
51490
33023
15270
31222
14279
91090
57476
30507
54296
33406
94105
83767
40234
63680
21240
63594
723
23424
85240
30753
92169
50109
18304
81078
11230
93788
19721
11949
60613
13851
76313
36624
17782
71895
17009
84563
67073
71617
23019
4604
84186
61480
13818
76073
63975
6373
4095
85798
89926
54402
84183
72697
25831
83053
12537
24309
22236
92553
50045
28964
82591
42659
79136
29605
48325
51430
47504
26473
18567
19064
19373
49341
94564
68825
78648
27797
49637
67765
11447
28697
22983
74393
13247
41431
91273
49164
1681
79134
45422
69807
36385
37966
65651
85770
37504
41519
76392
62864
9140
7365
21425
4785
34370
42962
39575
14271
60922
2982
98901
42786
49159
93231
85827
39898
76835
91263
24481
52351
30167
14580
59628
7642
19354
86044
19250
3366
34514
71428
15534
13470
75356
42862
89979
5343
5396
85036
25138
2459
49218
58451
88425
13152
31009
1887
91057
80311
14212
32145
23344
52143
56943
78319
79057
70989
73284
98673
51464
74006
89674
32358
64914
37423
58248
41279
26584
8846
44387
23841
23129
62018
90614
54530
16439
24122
62489
3543
21687
87912
34926
37107
28647
53793
56878
51606
95333
1104
24448
7212
48228
29147
23810
22179
16966
1077
10319
76295
966
75083
7394
65969
5040
98099
19936
33889
90267
73777
59838
36175
13783
9347
10407
13915
16888
19638
4647
1005
15262
76258
93621
37310
97654
24744
60606
55111
61145
18142
93080
38915
69117
2414
35531
55120
76230
3524
35082
95378
60289
14524
81983
90963
24576
99988
21774
62319
31302
81498
48019
58300
34381
86609
30425
61851
59771
97706
74682
15295
61029
20373
64525
46241
40765
59360
57206
50844
44741
18054
98526
31663
88467
50511
26553
14315
81832
98478
79605
72493
70863
54373
59085
42579
35747
49199
47865
96397
57604
25883
42611
92069
41762
14164
486
82466
71766
34320
43814
34379
91325
73089
72522
3451
71135
81854
92432
3310
22482
55080
78015
92484
94253
61353
8584
76162
92640
23669
17826
53732
90638
78967
8508
31419
24694
92273
19360
35357
50927
71118
21432
90672
98680
92122
13802
41664
20429
27090
4843
27756
68883
88240
2615
49442
75078
12178
53613
41527
81691
55133
25302
32015
63361
84963
73340
12436
80802
86253
58408
88067
39650
18497
52902
75040
57727
94319
30040
93424
10323
71073
27424
60669
2860
90849
36449
7851
90098
45327
11315
6885
32758
49990
36079
30530
41224
28499
9299
3195
18123
50980
52268
67088
20984
48698
96820
33155
92434
45108
12965
88812
24449
39527
1862
39291
73448
19993
5379
37830
19280
89859
78956
48454
59226
51065
42867
80368
21771
47573
55738
53263
51902
30948
80348
34617
45199
10457
43917
19145
92735
89598
20218
93005
95670
65803
93912
46068
57669
28889
45644
59561
44431
92423
69884
7055
31838
24590
64008
30379
60530
18871
60137
63717
57107
20908
65062
6355
76645
92362
44160
53224
75138
67477
83116
23248
66267
21991
16752
88288
13082
57703
32092
17697
61918
58279
80697
59406
94576
49929
45488
22818
88881
40287
12964
29151
58088
76352
57693
7705
56711
64151
73301
22825
45271
48390
58007
23206
62133
71552
33044
85910
51154
32746
77305
72580
25348
12401
21958
6151
75646
99951
75863
68126
89509
92410
78334
66256
6490
94772
86533
55459
78860
70623
72691
16172
48721
38573
50478
92838
71973
44334
42871
67192
98992
92877
71360
94872
60221
67788
45115
1789
25691
23648
98380
13295
39285
62022
13399
11193
56282
12568
78084
69468
73720
94100
20987
75604
79658
26236
89673
59475
96997
49244
28777
10082
2008
36437
32405
96271
26980
34754
26717
36491
74232
33489
78677
14286
38017
5732
46085
5116
23008
34530
16904
63064
59677
6976
35404
98236
70070
33283
37017
94732
19669
25193
80352
32808
10238
95868
58790
87418
64280
63326
9882
35608
22692
28203
98895
43170
71138
18153
66127
56885
71494
83940
3703
13711
68528
47823
63111
51330
90319
42506
29785
18068
81225
91953
50301
43118
78034
1391
82208
7888
89238
68389
12080
19522
81222
11914
96657
86178
28657
76735
17921
61788
43766
60140
20040
2899
72035
1455
94953
42054
55704
23055
81931
92039
74251
40057
1675
63735
45040
19118
75766
14779
46409
7627
68529
11624
58931
5862
62686
86704
38081
8196
69735
90148
52503
45462
75055
72871
14521
75510
28340
12111
21773
31203
30334
65545
33541
44560
83566
75584
21381
58684
76946
20539
94657
49775
76252
57767
80768
92699
86431
32188
74176
30453
86075
29574
8812
6368
22977
73809
55073
68756
41632
41238
17347
49755
15608
69804
25326
25442
81164
61835
92605
68739
85740
11627
93596
78188
85284
23245
55720
99426
5392
19033
71479
73258
55900
2085
64349
6720
48528
15811
60140
77516
68766
21249
43346
40587
27335
36895
5832
48801
14250
48216
74639
23064
83008
1618
11589
27360
98769
49325
83337
1223
75517
76934
74113
50624
25621
87173
56624
49191
4197
10137
37557
98976
8457
76711
29173
42132
60939
51275
73855
30349
6899
70998
7348
11426
60195
2766
29242
59206
55023
67457
13781
16995
95220
17919
19332
74464
65321
49648
93956
25152
39068
69675
97292
91892
69664
3783
57580
71126
42914
11357
56327
19288
23328
46125
45326
78933
79920
50333
84114
68273
85488
5426
45231
1168
26527
10730
76911
26963
66280
86055
75862
33837
78663
64216
3898
46063
47376
18361
89422
99486
88134
70011
68933
685
29624
50160
1797
84440
17086
47583
45259
56442
96016
84560
55463
5382
61851
62650
50113
37923
95154
29902
35458
80358
42404
82657
32771
37407
65899
91308
63079
18143
56083
4626
31869
38096
67734
95536
19793
7609
92660
54541
71870
43685
53598
79140
69307
9584
16181
35224
76145
176
82481
20878
13908
32589
52948
3890
23685
96299
46220
36179
38331
43981
2470
45548
35304
83879
58796
97488
11921
57827
38007
16717
95431
41643
75359
88127
55243
92602
25306
35571
35855
58626
7312
82031
47185
66711
49969
58811
44819
59691
2713
20180
33315
26585
65142
56098
11693
38695
21131
83045
25847
88793
7054
86755
2652
50289
11730
18586
18361
81419
95361
32647
12957
11151
60386
72545
6542
27104
80224
24858
45882
67270
46579
56094
45483
98849
75373
4066
154
90784
53171
90553
32650
64997
95949
98614
82835
20204
71671
11835
49400
61357
30572
4801
54086
17195
87122
8673
95159
60956
73166
74839
53341
33681
38327
80473
6322
58858
47017
67490
22463
68690
71956
51802
15912
52717
48380
14256
3328
83489
57291
72415
46719
76724
94668
9033
40736
75207
34907
67452
10698
20239
94284
25250
21096
71003
3688
2985
25016
34210
87803
68745
10452
17377
77668
97069
93518
38813
30818
20975
80508
91429
22917
98087
76986
48719
75435
9970
6962
37457
33747
10317
2314
48760
36793
30675
42227
13910
10885
82875
47319
37365
15945
63436
90457
70633
57466
83010
63375
64508
80904
89813
4208
77947
30835
95708
83694
82405
10326
92360
13861
24433
40136
76923
77467
35942
64132
30638
15076
70722
51131
64959
25009
73681
56818
38484
47402
13096
9326
58370
856
8211
35998
60499
44896
49176
63765
21827
80258
45442
91707
42682
22385
36409
5396
66751
26454
30249
99009
62150
27713
66476
40800
61068
87723
19366
35930
61847
25561
29755
4797
12697
2224
87908
32948
59595
72782
49582
89102
88989
7053
30588
26118
69051
33139
3745
61247
30073
71991
78170
33225
30766
45283
83064
77726
85377
41424
47786
35753
52203
50565
72127
40037
33145
2528
34266
84651
18492
77520
64818
49928
9974
61737
50668
83644
7756
25856
51308
67041
13807
18004
52468
31919
16248
22555
37459
80666
36769
29134
40053
76318
56893
7871
88589
12028
63581
29475
52951
47970
45182
63446
59269
624
39659
81932
46916
39805
38559
19945
73562
35198
22742
62941
21721
18236
86491
43841
12909
2271
9194
16392
71511
53799
3259
26749
35640
42473
88785
13831
70078
7791
45686
29750
55386
43374
79718
51162
57227
96208
60640
87611
66834
42987
35505
16572
60187
23271
21708
57959
92665
75836
29331
36249
54860
76079
12461
60243
46007
25174
88139
45163
15832
42666
27646
60374
63843
33111
40573
73635
39756
50450
21483
37520
91399
1333
28462
64000
52466
50349
84050
60067
63885
32832
78604
69171
76261
52007
59897
59143
61367
55753
77768
58335
51596
85500
56227
47321
20816
17647
16103
57457
79104
6610
57419
21788
90920
87076
14038
60152
32472
6419
41633
49905
62798
76755
66111
15776
91348
97160
73905
9187
34349
37563
26406
70992
70175
1476
9555
11001
78848
1643
2024
14951
8632
27517
44247
64638
22669
61000
68549
36789
92810
45591
11423
31401
23242
529
73917
4437
52782
91872
79007
20670
26191
28344
51898
48939
77858
74014
91994
99086
39544
81430
46649
42542
58928
57001
42710
64432
47503
51293
50155
26800
34972
28352
83978
33862
95870
6855
29735
67653
73040
80987
46126
47410
91067
41061
55616
55488
79917
39400
86139
52953
19676
57862
17897
66637
64003
93701
4244
51926
77831
73353
7191
21455
99749
62458
66315
8755
28993
82543
99159
5534
91856
228
27484
12481
77758
26734
30903
76679
39004
83606
46473
78117
88988
40083
31334
90837
6045
62462
58276
21119
97647
62260
5370
32627
77687
35326
56001
57483
46833
69327
49899
88399
89321
42083
96385
64336
92595
59272
13866
48308
37048
95176
81724
85333
42051
8620
26037
90415
34532
15394
3094
2725
69338
86061
65557
35490
21805
96184
58546
90893
39200
62110
59947
35387
77292
6010
46487
67782
38529
52916
9075
13347
25189
28999
37230
39306
16105
59034
95471
26253
21103
90703
77035
51283
70035
4383
32378
53784
8953
73292
10378
63394
89334
74602
23869
29849
41405
49291
98970
34372
74747
33389
57967
47767
40753
56521
30793
11445
61899
74638
15998
67908
52152
26722
24538
32100
91128
59306
52909
57168
71555
85093
27659
95415
74067
86557
74018
2000
69320
87356
59938
53992
77144
23186
6191
80608
34933
63831
21961
83167
79265
49411
93925
14323
71100
80963
6230
96681
22615
23159
25887
59281
27056
4705
3581
98886
43686
10907
26264
50621
37278
62423
43075
63915
17624
95150
38295
54946
21345
43843
28482
80660
80339
18141
25211
59033
37441
97988
11729
86703
39186
77847
96194
5088
4660
33922
88557
32863
59488
86957
37277
75406
22571
66351
63653
35748
32843
80121
36422
56799
18150
20312
88925
94401
74580
90086
31246
17004
16701
52879
85512
34466
76184
21271
81366
90260
74930
68365
86207
48842
55076
52361
26292
26888
12890
67913
19007
14135
46944
19419
25964
6780
14694
75290
92307
77199
61628
69839
70841
96999
89803
67856
18708
20727
16618
57397
25498
8375
80282
14951
34757
83151
97783
22991
39677
31928
8083
59621
54144
87377
22044
58360
18274
83238
96882
3821
3907
86314
99043
77512
12049
81810
20793
30124
5172
63950
83713
93254
63414
45688
68998
85279
18003
4759
41847
41557
76453
40681
16415
68082
10717
26627
31496
82739
27837
4424
81048
73201
91059
96020
21078
22443
94402
16928
32033
95173
51502
65143
15284
29451
63325
47634
28850
86705
78597
70568
54956
58075
6867
70752
3789
90333
92212
41759
19300
4505
27518
85835
77295
17288
66760
11819
4918
83694
74005
91778
71650
45169
94303
7140
97030
10881
98028
62187
99462
91498
79728
30990
23469
36016
8415
63269
40266
97194
65255
59143
58446
84671
85573
96634
62179
12026
8214
99327
83441
44532
35198
26114
17101
26372
97266
23038
60938
127
21404
72673
58665
38374
31584
14110
66616
25890
50620
71138
94983
36901
39511
45919
70870
35927
16398
12777
89565
56015
2793
84495
7092
12009
99325
81650
18184
57344
90100
49930
19614
37387
79048
74473
28371
80919
36228
10703
2202
93928
5684
79538
91469
12652
40972
58130
24271
92200
50061
18882
75517
46462
31621
62090
87133
48315
20928
18973
77101
44627
23087
62781
35510
66493
83050
71826
90052
23003
16208
49702
52466
26801
84022
34698
4513
35681
82657
79615
38569
85750
74753
55253
10328
38454
9098
96097
12574
47086
31718
17563
36324
33021
11562
35013
69848
82367
12225
56455
60814
18861
52341
22435
61555
21819
95292
16689
39328
97546
15018
44635
11836
87749
17685
1597
12637
20542
64061
67584
20444
45293
35805
92689
66248
20571
3066
42862
22091
43222
57015
99022
58276
98131
78676
77385
76128
80076
85232
8819
7962
43643
28004
19094
18385
49269
31891
60743
86191
30608
7038
59652
19579
67563
1007
83921
56398
1526
43762
45930
13391
93265
7619
53282
91251
18422
69245
72058
72021
8998
28457
82874
13117
76715
81067
91994
37840
64604
51301
49033
34986
72995
19215
96558
66436
54211
19655
53855
41510
49854
25904
67605
25321
41008
16726
47849
75892
50000
45742
41099
73366
17874
96412
71398
52847
54332
40808
93301
6184
30087
64972
22206
96185
19455
94105
67687
83418
50123
71274
22454
92645
46689
65384
35312
56742
70105
9964
16917
48925
32602
68721
53625
75135
40875
50783
29371
48717
75052
53057
60056
11367
33044
3149
47771
90570
81164
78830
88504
73128
88821
34761
20361
44546
45988
65508
95908
64616
70516
417
33150
21439
64706
49269
55603
16536
12274
54343
65865
40786
14060
28551
50015
10345
66593
85912
94961
58486
32956
90932
46166
96437
8816
76389
12545
8014
52149
97604
76622
28195
9011
53971
35670
82823
63765
1815
9904
68150
32920
69964
71481
7031
87961
92583
11387
64358
74687
66864
96482
65620
62303
86178
72262
17323
85994
84095
70298
312
19579
70816
21110
7692
97306
47624
62325
58270
69784
51896
11102
73773
32007
85171
91143
81001
75640
58800
80260
57274
32874
70325
18379
24220
61835
47281
1516
79674
10171
90670
39561
8370
69704
86060
93610
97960
98475
73393
33387
26603
87387
14118
64659
57812
5712
59692
62455
32203
1347
41778
51156
76476
12179
54802
98236
11487
58775
98548
17597
67463
56521
48849
77430
50934
82648
35905
13370
89131
73863
58177
66449
93961
69377
49179
65323
53202
66948
21917
35300
57971
14619
76285
69232
36399
29236
37546
35198
72244
9041
70487
61914
76743
84311
66406
66804
64734
91832
27649
57999
27655
66227
69144
84113
508
19550
29615
44497
64010
25838
45283
36718
49121
79283
75256
53487
34536
77876
96264
21325
79504
80537
7408
44451
29731
62216
36001
6419
11750
93920
98514
73165
80948
79760
94775
50336
84088
95155
9736
50788
80009
40054
69054
42383
63487
55025
79278
11779
15490
4413
32184
10586
73381
38079
1247
84503
59735
45766
58324
45283
94049
88788
99384
45172
61738
74858
25589
84788
60400
35203
81910
65997
2024
73587
1786
62266
60962
39648
56597
40974
18233
17485
88761
95618
62436
51892
82351
3568
6293
20055
18675
87688
72589
26332
89736
30660
49820
47099
52536
15430
11019
53347
92771
16471
76461
75089
56938
69064
95578
11078
5362
64287
38827
49060
6049
52350
42032
73579
5631
95975
65309
49143
99626
19970
50708
64500
47566
35144
47404
42704
81306
51925
18201
36424
38903
87341
72445
15397
80777
8909
63234
81016
88180
96716
80593
77447
50941
64800
26635
79447
95986
86015
98097
37641
56636
8625
8148
64701
66606
45747
47993
55438
40958
23735
45997
69765
13550
41853
77716
76053
27806
12294
94393
87692
66014
74791
24528
97798
65636
31824
41606
425
35501
56698
48808
73571
31300
89140
47972
14343
51853
38217
86206
97788
21458
99894
3177
67150
55861
4366
1007
74122
17428
11780
5484
88907
87115
57053
5687
67531
71517
13630
56123
32180
88897
14942
34496
86784
77094
82603
74501
14444
72555
67729
78670
51107
4620
30624
75810
33589
73793
57169
74577
39015
73541
11445
26726
5189
59337
81305
99919
63746
99106
3770
79730
62060
72662
46575
68732
23695
80708
20359
9763
62293
33393
90699
52934
84954
71273
14195
80516
88343
75940
37500
34919
46383
77142
19759
96859
81025
69392
5869
23194
59724
59025
53739
33549
27946
97501
4991
68552
94122
61745
85678
53116
98351
13046
10504
86829
97664
36383
16312
67373
33617
36179
11107
13876
99477
75272
87662
82571
37821
91772
50661
8324
5993
72904
73355
55620
14933
24066
37816
59927
44872
17065
93525
60547
55248
53957
49983
73268
30562
99156
11617
13628
32506
78928
86231
35143
27188
42504
8481
95328
28769
42378
87449
35347
53431
74762
96998
29509
64012
85840
8125
75783
87608
77770
73441
82382
83273
77994
14599
89935
21780
83829
17938
28349
22177
70163
1819
77981
62485
62970
55005
27465
78842
58942
68962
70848
81959
75453
50593
52461
73270
74031
86157
7785
81095
62848
16914
60090
73762
74537
78449
89811
14738
1232
65734
10250
56602
99645
45372
73179
51351
92832
28865
20260
93534
88621
89032
8649
46614
17544
69398
81175
59348
84492
29147
10256
54907
78788
20727
45364
84111
96074
62685
90887
51207
32301
13443
9910
81197
66027
39934
69547
51784
44948
6930
89362
93489
79049
91081
70309
75300
68072
28287
99668
17125
5409
22006
74848
35240
56170
90072
1924
24893
71636
14745
22346
6306
23322
83229
44097
83409
61805
76337
33295
17283
66864
46485
32649
83556
53678
53775
65875
10789
33609
50783
52246
12360
82080
10550
4454
92310
13379
96710
76261
18827
15725
53754
28082
89952
26782
37678
91238
22218
75598
13219
91404
67633
11742
99005
57598
89094
83034
65398
30715
75653
96876
45720
43905
82590
88219
35332
86615
456
45606
15236
30487
97615
77205
36021
10990
78120
8176
73635
18277
48131
18965
22693
5855
99522
30046
20669
31061
48837
70074
21919
5725
5367
67435
20001
37663
79719
14763
70283
84799
98579
74064
92453
9817
31915
97234
21316
12027
38417
93437
72006
58009
22071
75222
12248
92703
85326
53267
63293
21242
31083
82713
58066
26918
77348
19796
64530
33691
97504
56845
87583
79177
74811
39567
27109
72228
95784
63687
55658
52992
36787
50034
60947
85157
73293
98333
41418
33171
3543
75080
49639
42551
70878
36805
45523
37860
61357
34441
67796
61091
22020
93846
37352
73649
331
98200
47486
55300
30491
89115
24637
87145
69558
48398
17169
80756
26054
79269
29227
41323
31212
22111
22062
51114
37730
34109
96544
16423
4257
36378
70037
70903
97221
93998
30754
20110
50446
31257
16987
19273
16116
65601
73258
70012
98684
2272
72713
69427
36552
65315
8883
9117
67130
44329
1610
52615
10432
11257
36515
88666
32958
61945
10677
58249
16196
3620
1609
37649
29343
18178
62904
5951
41921
81569
86090
46915
85911
43460
18908
9640
21830
54799
61209
79705
12599
16896
41707
96805
81961
79331
97952
54669
17575
2800
96896
88908
4186
4641
62519
1123
24029
60588
19242
26172
80755
67764
90565
4414
6606
1479
91633
73437
75916
58039
16785
47915
36448
61285
39037
36153
59199
30949
6828
31385
41722
68664
58468
94564
54188
41450
54682
16059
491
98913
60557
23432
99708
97632
79109
53071
6555
65219
6031
3064
38811
1747
73345
91408
27620
95005
97033
93382
66215
6708
60530
84388
25464
78553
59968
41059
68611
81890
22042
86386
26985
51064
97927
23452
67559
12563
83665
71927
52705
58154
50333
85952
73301
70131
95912
27659
67384
2621
65134
10082
93246
98131
24763
46026
6807
4093
52151
73922
87950
76895
49500
16431
91716
82910
22047
91105
71769
55781
11239
27619
79051
97904
77845
66854
88245
84174
30621
80012
21726
12694
18089
91906
55489
12620
77327
64812
50324
89482
2864
92485
16104
87427
32169
78701
82533
55573
95578
96914
40105
90590
60711
72074
3105
52366
47665
16465
17931
91602
70946
70559
90816
29992
90663
57847
58624
1652
94793
41917
15456
58788
8588
1897
14609
95631
59306
39663
59620
32259
12253
68114
33786
12849
54126
10381
26463
85710
57757
64608
58312
12885
4020
81988
91556
1689
91251
8892
92447
26403
33484
82434
50947
7911
27260
28719
98274
87976
12408
49973
10826
10036
24667
68295
52751
41413
34830
87834
88596
10979
66137
13886
27549
77895
64490
32709
83716
39080
93305
1291
46677
90003
72501
42723
45792
55001
28250
8153
54344
4611
93968
23416
20103
67939
29411
38792
65394
35035
4243
15563
43734
79726
62855
69952
77162
5425
10022
80035
78785
51591
56867
46082
51519
80049
58852
99107
46877
43243
17978
18582
9853
11942
52415
83332
88444
51143
7119
65720
12584
31272
37998
25647
63753
96248
76110
50707
52621
55037
44022
99562
5660
5943
89903
24449
42661
42554
36370
21737
68463
75391
58545
62316
52005
74597
91095
48407
62497
22963
53419
20683
41741
39931
49050
92007
51339
2355
67050
42949
28368
10338
29607
78496
90989
92759
59327
57771
86558
51962
70400
36306
87273
89113
20788
63398
90893
11637
70844
6623
46966
45766
5405
62593
89478
49108
37958
75697
43683
6990
52195
24907
68982
43576
93580
26182
26299
36375
88558
62003
45403
39799
90470
43411
32285
25383
72364
51433
67830
52205
43359
36955
10832
62617
20764
37665
50935
83610
13952
24902
84198
44939
71396
69815
7167
11282
81546
32953
33075
26106
83897
45232
46028
85761
74460
55256
11577
10167
23411
82142
26048
5914
33384
76398
10497
51235
17423
63548
10230
61821
43483
39208
87832
1882
90493
92463
19275
88553
70648
10209
30267
23393
33478
1757
47422
77340
8775
85031
91485
32069
87908
64295
67717
65466
9085
2678
35287
62747
49980
97753
13126
82628
43916
69032
70939
17448
85487
64382
46329
51206
38658
68178
66480
695
53430
76614
29779
61013
17579
80426
74903
83935
84751
18186
72703
86205
44645
92711
40116
817
33043
40994
70808
62956
37142
1013
66597
68794
16018
56919
4614
5329
10507
38527
8001
32846
78530
16240
63547
56343
5196
69005
10578
44763
321
40946
23961
77943
40677
39737
97666
32732
46008
92798
68361
7955
79474
19054
99018
81439
5755
6168
16396
17482
91225
70839
70694
89838
3546
67173
84625
70320
67119
49916
67965
92962
42154
30592
67599
37027
64124
81177
8300
45743
89678
71784
37601
41964
3716
38240
44717
13296
39077
78421
98731
34719
14213
27600
93540
54903
33826
