10000
51959
70458
35928
75252
36087
99672
47383
92232
6832
58402
3300
23265
2712
47462
70302
48082
71374
47822
9202
50303
68945
67598
61079
21005
19539
56226
48028
620
34940
77122
93637
31307
89895
637
71345
96214
23390
27797
61989
6314
95475
28462
88648
62186
53143
56583
59506
65334
76833
90680
67033
78305
51601
44456
8233
44660
4341
44875
82582
35995
80860
2308
31644
35742
61167
24501
1695
16596
93801
4483
68327
63750
12868
35936
90150
1787
23306
62944
5916
16952
93145
14679
24014
59328
18938
73702
18161
84513
76280
40081
68452
98933
54687
19378
53470
4457
36663
20149
55502
79882
31497
91847
66043
40116
92852
48475
67800
9218
91466
28944
72529
20479
51391
61824
45302
44887
81801
12724
38465
48386
77627
85931
50929
10574
71410
99812
56896
89046
74063
22676
54390
15481
43356
48715
97107
22490
11635
57506
89831
62674
12964
20408
45189
79724
57696
77330
7594
44666
78929
21773
21953
48309
19918
8389
52591
73538
2736
77984
49422
47154
14646
78904
54936
81048
1770
75925
3700
65375
38736
42745
74816
91458
21819
77634
42809
55278
11290
24191
38877
76324
22365
36549
16499
85455
98578
30095
54642
74032
32529
38730
17617
34995
85044
29897
66987
39442
16758
22807
44943
37890
32113
52766
26285
57748
11272
36716
20466
83689
12434
84201
31258
28460
66284
24560
90482
35899
10918
73784
48575
26682
72339
31724
85725
33218
74968
7156
12827
82688
66629
84302
85127
33931
38035
88342
27179
5713
4791
49995
69082
29153
56712
16388
33337
13931
65131
24720
41406
71333
91934
65676
6278
49300
85433
20071
23188
29197
61266
73591
49004
89097
5182
23934
64498
24373
89557
34960
12351
12964
71809
38683
31347
83223
59656
62808
49752
5186
48273
60889
60379
86530
65643
1856
12858
69552
29423
73544
43787
7044
94278
64992
59466
79789
59595
66365
46921
62410
94422
80466
28693
42191
95187
55738
75609
3142
99125
43948
54666
28829
89504
89349
51780
50859
85622
3912
24537
3303
40877
27471
74091
13410
54333
43734
2030
85778
22852
89159
41378
77140
94893
40435
10010
11748
34689
58281
91066
6538
2959
37253
40565
96959
54033
31647
96388
5469
61178
16190
56937
39015
54896
51174
18037
93087
7205
11007
16068
19377
31388
82737
37242
86894
9013
61137
53657
49790
33376
67852
26889
2830
46910
45529
30563
10578
16968
87792
95608
79025
50159
72548
14197
19956
60866
32972
65043
87080
88615
65796
6045
45566
64789
32544
77883
75936
92150
20247
82831
82489
10942
84488
92925
25013
60729
87323
85274
3235
5080
13661
87558
40432
87531
45586
23132
42304
72023
47334
9905
75958
93883
83531
83944
68971
85626
71743
38460
94451
59132
95977
5251
54933
62401
63843
10607
15058
12970
47802
1222
19123
75263
74254
84018
9726
87826
33396
4206
60467
59738
23322
97666
45659
36029
60727
34109
16636
35072
965
65147
87388
12114
33545
3409
54559
33120
75277
49924
22735
3230
71527
90390
21787
92808
73234
41088
13855
2849
12425
14698
30848
38363
25513
87804
44189
74423
4283
91679
43804
22688
825
1000
53967
26993
10355
14428
16357
37726
71822
35805
74471
48566
33795
97545
13225
30135
31044
87503
29324
62082
88377
53140
75090
27388
65110
80641
76991
20547
1381
16910
49593
70017
79628
87803
70669
23749
87816
6920
11442
72418
84343
15737
22339
90657
50643
50678
82079
24718
86749
79505
1095
73436
61824
25131
88195
49323
96645
88891
37618
18940
61684
37610
50295
23776
20406
36407
95313
30729
96637
73542
33976
12238
83224
63494
43520
38579
12887
54187
70765
31555
58588
66155
87512
41956
18561
31692
30229
99930
57790
32162
53686
91872
3731
68673
64798
88170
63186
22089
88693
73617
12667
96938
12218
89456
35643
59341
24175
98408
6041
65199
19177
74208
74616
22553
75826
88905
75140
75524
313
6160
34965
22210
38174
50223
87195
12568
10173
14657
19808
2687
54117
22244
17169
1323
49675
99380
52879
60191
75462
30823
90613
70206
63917
72541
24021
30347
70568
79444
28376
59124
74971
3510
47650
97527
60001
98798
55223
64102
96229
58026
22525
84418
37447
62289
71559
13109
17839
25317
7411
13036
68338
29563
21628
12334
77533
87216
97702
35343
62551
8530
7148
59148
56323
2221
4545
73630
55389
47903
47887
13555
36656
3957
71543
31901
62384
33170
36237
22676
6299
41394
5398
18156
17925
39587
64189
32754
20514
84212
98654
80216
65228
16937
43955
24788
38549
27708
93576
12784
55677
26780
28591
44607
85184
65553
23079
42171
20143
52667
86331
27507
52864
90087
33240
20678
13168
17904
93078
9131
29459
85210
38482
86582
64129
76190
38068
35604
81273
54020
55651
77403
99320
3239
58461
79348
58979
7586
58022
58241
19448
18620
43382
74552
54314
8197
40469
10003
5530
81559
44247
90981
26300
93973
9586
59372
80540
34513
93824
28085
50326
75990
22411
67782
35223
38514
54452
98109
19072
42311
81500
70493
23887
33819
46983
36883
41781
29329
72034
6581
75231
75847
49467
28456
8841
9455
34166
74892
82059
33572
34542
61337
2108
91338
13669
44635
72609
9147
1216
81072
9902
56704
34528
99731
60289
81240
32644
27161
27581
13677
68990
88148
79373
34918
81645
92443
8350
7805
36023
23727
18489
93307
27871
63497
88798
79273
15385
74647
14078
45889
90531
64952
30398
78035
66027
32524
50028
22371
55593
44525
42451
2619
95705
3508
50204
51255
72296
25408
98031
4648
59918
73001
283
60391
19313
1882
10964
65772
42746
67854
37326
57666
2748
13835
61845
99560
82924
96647
31013
90354
16286
61385
46360
19581
45677
24824
69387
27026
46742
45666
64565
71859
54887
45700
12025
32076
31308
83119
17118
15734
3077
85005
74921
41994
36695
91820
97813
76009
10489
20531
60563
17325
70598
66678
72985
617
64975
75303
97851
79792
28566
16884
3614
38567
19227
69012
93364
23367
58435
30761
82410
53947
35505
28651
36019
18472
99573
71343
16936
99570
64084
5335
71961
55649
77464
56453
49782
41390
195
28409
98963
35680
85561
72337
32594
37825
4270
48856
84997
86566
57150
16913
49263
5373
34758
83268
92636
83619
88145
81377
47579
35797
58975
50583
23173
88617
22414
35684
89830
87494
57172
27337
44422
80388
29074
38587
6439
97608
26736
40336
38194
6728
49732
2684
36801
13712
3063
37938
32951
30065
23845
85610
98409
4656
31257
75729
28588
8920
80241
80877
46472
54720
42880
11595
14409
47624
63136
56231
28981
53073
76943
13311
67817
73566
20614
90244
17728
45962
19167
58359
77332
25169
49773
18098
74365
1212
98673
58701
6822
85334
83105
83444
35114
13350
70515
27723
91683
29731
24305
93114
63848
29184
76486
56657
16316
9889
82343
41179
31200
29238
92019
76317
23144
40914
79653
64109
44543
40544
19124
662
61462
63111
64635
10731
32573
15453
10315
77751
66039
25766
89241
87478
81895
34531
52065
48638
88326
90053
74830
29458
18486
10013
71500
15192
71291
98601
23483
37360
1649
69992
48555
34499
58262
47181
39135
49832
56453
52542
67939
4319
81714
52359
58338
97875
24537
50261
775
72965
67184
87988
53865
14890
1499
14676
8774
23872
33321
7482
71901
85336
17758
58515
48241
75879
24146
1624
36856
88955
11991
14374
56840
30956
25086
98326
9296
58639
83905
89758
23036
26891
49475
43152
30834
5379
82380
44068
1524
65602
35557
20226
15904
85019
37196
85817
96910
24865
63801
40022
82026
37535
8764
72050
66923
37715
44635
21261
4186
58050
8202
3134
20537
36835
50155
37462
57841
87004
40000
5539
24567
80645
29631
46961
51375
6539
78446
28446
25018
97626
93823
6437
85291
19009
93265
99386
84494
75525
77952
71488
56778
36514
58650
61924
23341
97559
40166
50823
80081
38801
37286
79217
97954
19837
57055
77521
18630
45060
65522
98950
21786
8960
77413
66092
16374
83095
88626
83558
1500
39143
23229
6901
86438
95879
28188
34314
81432
58073
3019
15151
88455
53207
65344
17152
51893
75574
45297
88298
76792
4259
87338
32328
3261
77825
66764
64043
10358
79825
48234
72516
36288
54126
16090
5192
61862
59576
64613
73353
29831
32734
9240
85686
89322
75162
65575
51159
54939
13312
99454
43291
69928
24461
74432
74662
81751
14218
49342
7265
32636
16362
67039
41063
48201
72222
96258
13761
37354
50089
60994
51778
78195
40101
50898
64670
55804
74850
36512
5080
76109
98879
38631
26843
62343
8900
31706
71910
81037
53094
2869
7188
90143
15718
59679
36412
86484
10444
16408
30187
58958
76108
88093
73383
72569
4679
52419
63656
14757
54349
34541
13409
63343
35886
32191
31371
97689
62813
73249
15834
46136
30287
17478
32232
30050
65589
88341
14975
28876
49311
23392
35322
73970
15504
7894
50911
47906
10409
40572
12552
40148
24603
75144
14149
23389
36261
26063
42020
97746
48637
32924
30950
48188
52095
73691
25429
91800
94970
11622
31715
19856
23988
37951
95236
83275
8683
35864
61533
23323
84233
95603
48845
28303
12455
21031
39796
47991
26403
86644
69957
13743
59959
57079
22116
21797
34128
29080
95639
21113
7275
18923
36746
64497
89975
63480
65439
86364
49523
40112
44719
8696
96596
89280
1540
41200
2236
16578
53543
7405
7742
87765
17035
37271
27564
30504
35924
77154
49633
83240
72115
10665
733
63513
40566
69001
46053
99090
88602
92667
31635
84774
12737
87334
4608
77719
24378
83345
47338
9988
75229
78114
29374
9643
30077
90127
92618
4490
53897
22279
9524
42107
47125
9957
23815
80068
70846
76330
66562
35805
989
63754
38968
87344
48434
88394
56488
93692
92840
6947
96214
13749
73923
13983
32068
45893
26597
67464
76087
20040
87183
64636
7981
7213
35974
39543
2040
20129
43941
87462
612
87497
87639
26426
20921
43943
81912
18672
44218
26931
5255
22873
1167
79631
99773
4821
38229
43027
96920
55930
56087
56470
14032
19970
70338
4476
29658
20417
41056
75202
27736
75237
74306
50000
23524
20133
80314
31585
12302
93299
59916
47553
19504
99438
56709
42107
4702
54099
17104
71108
75631
13245
53051
51813
99699
14732
87129
40002
88642
6072
8054
15643
21952
94407
47371
86715
78959
22598
84428
51222
4568
16300
45384
97315
18308
53521
242
39745
50296
71200
14335
11049
35566
87939
41484
23702
77645
1521
38053
88460
50999
95241
3034
49607
27247
52047
99931
56688
75219
50607
20001
85658
18824
79548
86086
4738
23145
26239
19351
34406
92253
1318
59400
39669
44875
87647
72041
21702
42207
83844
7083
43185
8526
81466
82077
21245
44613
58431
82485
95938
82571
65171
76273
86350
26528
33542
43040
90616
2715
24135
8703
89975
62050
86092
57108
92986
89402
1174
40971
52467
26510
68225
34298
11088
76997
48173
95141
52395
67618
8367
49046
55847
27375
11958
9018
96492
79152
81609
85536
72040
67861
77243
48022
82546
49294
33188
72185
93444
91712
64921
62691
83448
2254
68165
62243
74672
3987
20976
96627
15974
62709
73964
29194
79651
87112
70613
28690
72135
52123
57972
37045
46663
84418
42236
38556
67250
77717
34953
98979
34004
31705
70861
97800
69347
94671
98919
90097
55653
53498
15677
87524
26312
21661
33293
98090
78663
32812
37881
94625
23594
45567
28382
61278
67920
86790
5634
92157
36331
82026
40230
64837
6538
23411
90041
67878
94147
1195
37054
26711
95545
32943
56937
37424
37224
25722
3322
14398
85541
99819
59670
67591
77076
67003
55269
60790
86231
78199
40610
69496
79481
90507
13063
20236
56074
62420
49272
71476
48542
73185
38661
16308
32636
39137
33776
4566
73884
73560
70436
13475
46802
22273
20198
47458
27902
95197
75673
48014
22485
93066
82183
19192
96749
60900
18272
37482
51533
99060
91257
48952
14046
26522
94051
72119
63494
11096
10740
46642
7277
23756
33504
84770
15656
67453
33693
52256
93573
16664
12460
95251
83302
60058
69445
62063
34594
1983
20703
47803
96443
51314
25717
64959
26957
8969
55799
64018
90552
95783
92974
67468
67843
1505
20320
11267
96102
26507
11857
223
44050
31630
69755
74151
24846
45442
29108
21183
14922
93189
84142
23078
93134
23245
6625
78917
74524
49840
31801
10654
23130
66026
35214
64032
91978
7348
80727
10973
18502
7796
67773
23888
44516
55602
57027
32274
34265
86661
36315
52945
25786
62015
78069
38584
70985
65232
79123
9599
32001
38964
91135
85048
52489
22983
63931
3615
81562
29793
54339
95095
22538
77541
18666
41777
27621
53657
31870
59759
68030
5213
91688
16784
7825
12254
47957
44190
95337
59661
71164
99912
16158
70603
85388
52765
35571
34458
87007
48405
10259
45954
91780
22299
76994
58495
76171
27746
94725
22251
88113
62073
49557
83295
27522
35449
50592
44952
31256
99323
64905
60488
68252
68454
99052
27983
79615
94673
75038
78708
99815
45297
12728
31713
88062
1623
45172
41920
67021
95557
79748
80689
27029
17137
40886
62631
98157
72576
3760
51591
67833
8977
15513
13159
89636
31668
78263
10042
48560
36618
43484
84063
80316
70103
53048
94232
92430
30783
81606
30372
10387
31433
7765
80605
22008
10151
92883
34010
6644
69974
5061
98598
97653
46340
81940
58868
22934
54134
57878
45597
12256
44024
13039
12869
20022
61236
12295
1726
17475
18987
37480
10877
54751
75561
15124
83404
97786
48729
38370
83381
70931
59776
68606
70885
17350
62464
22181
99432
22995
87825
23599
84308
36422
35626
48777
15375
46497
33472
9220
47552
45354
2948
68223
89953
32788
25847
80238
29594
20423
67272
46591
5928
95783
80154
45808
39028
6676
35807
62929
98287
98703
51196
49753
47181
22754
98973
92929
68627
44095
85910
29781
99565
19781
87884
57825
93570
36633
5262
27831
78702
54626
71852
37221
40160
49436
92821
89212
85877
79897
86859
174
43002
26960
24175
44845
62460
92931
6746
72824
93882
4463
41775
42352
90734
83582
57075
42678
89684
91845
89364
40218
96476
48150
90178
61408
43511
29332
24594
2671
59309
54391
69578
50637
78108
35228
85048
86217
50690
54597
83778
6974
93360
22240
93760
37670
40140
84537
54175
96568
81978
55761
53884
12082
33252
91822
68530
20399
59418
70140
6506
64664
41305
79235
57576
57101
90302
82695
44259
54553
20191
98547
63145
83006
68190
40301
62337
37617
80976
48387
27293
73040
54773
12294
98111
90025
45945
72787
27456
16681
2607
36874
98801
79651
66436
85054
23845
38433
46635
99181
91652
21118
13523
41274
96769
4140
30990
23637
93331
64753
90689
80279
5813
91529
24348
24096
26718
47274
24836
75957
23890
50214
13189
50661
76968
27176
94728
31500
57995
1611
91197
30581
33265
91676
12015
67140
20368
48865
6552
78764
14570
91052
89265
64662
95140
99351
83007
86406
59737
51835
5833
49389
84206
11918
85811
399
28393
85873
74772
24750
22548
37541
11182
64575
76959
23888
35373
74363
24902
50380
54678
39460
21964
69248
80044
67774
10539
24986
75425
67436
45219
19716
34950
85952
90250
63351
55920
10463
70650
67874
93846
41530
38346
10623
55851
83076
91365
30569
63320
17399
15830
19244
98626
23559
9248
78059
35898
41933
61589
71413
26674
25702
45433
8798
880
86203
82116
79554
84977
36372
47180
63713
86550
16855
60195
23278
55616
85620
43328
50496
27090
8205
96868
12856
50614
27130
95771
83133
18380
52826
38314
52483
2473
19821
84292
24720
93181
61943
17532
77362
37757
90666
74796
88519
39362
75929
54974
74036
53208
59020
81828
48835
15469
38173
24151
53590
45838
5284
3270
93111
10195
97314
79223
17617
39424
17255
65509
57575
39001
4584
92862
30754
82234
71512
28645
35573
21067
32839
7774
46726
64244
64598
34336
4049
86602
18741
70204
94355
19441
1579
1935
12589
79415
5824
11691
25087
45989
16002
84749
28903
73861
75249
55801
40344
23469
78755
58607
56115
70820
91407
66818
49536
53223
55971
73847
81798
25049
88297
54378
32896
76910
2403
50907
70898
93753
71762
74529
30165
13231
54184
38606
80295
94817
96959
11458
23524
63220
59450
90394
18461
96417
13923
95538
79559
61906
5070
98202
60796
6700
31286
30513
80073
64150
84210
34791
63819
15466
78770
68946
94397
15152
59359
58941
80255
79103
74764
84627
34512
34567
33246
81318
87369
90766
64482
25312
84853
11990
24208
56484
54896
4015
42110
7064
65440
55675
49442
49793
6260
65479
42996
64732
80973
36224
6663
51881
45379
31795
12009
32349
25232
30172
67299
57873
83389
15579
13868
40574
15420
85204
24660
30261
96853
16604
9443
25559
46260
77110
19272
85956
11373
86337
45604
8475
88904
89055
24971
97568
24349
62857
86415
51587
7548
91032
27893
35590
66910
38619
23436
93034
39862
12899
3079
32498
63362
43388
35060
77400
84928
49869
99970
32823
33310
46481
923
66291
33100
59000
33868
8217
8075
17882
72252
63992
49416
73197
82366
53497
68812
10303
73373
616
65045
78581
42873
80809
67079
73076
52027
40806
68626
94294
44708
17672
17596
16442
78800
17509
98204
35290
64666
84619
36898
22053
60503
90447
39932
32778
91756
77335
55809
51588
57096
63952
33426
66543
39609
99257
77035
25952
25785
33033
11186
34798
85951
6428
12681
63342
67012
66027
18664
41859
33702
90321
13460
4080
54371
40813
22384
56926
67908
62633
52317
62275
647
13954
98393
26510
46367
88449
30334
62631
18109
71746
83964
39486
79634
53876
49281
34229
67472
69341
12395
5951
37519
4989
50575
45791
58434
31717
67737
35917
50572
41069
66248
15961
42331
65736
65511
49637
57436
21814
81414
44828
71378
11217
74086
33273
91456
41467
75602
86297
46075
94814
50323
42041
28352
94313
18381
97745
39869
89544
86212
3164
79297
58208
41532
76013
75531
312
42552
1471
91869
63825
66966
10495
37017
13299
89003
34814
23600
85196
93866
11103
91518
89198
1906
8662
82247
45471
19443
28760
28233
13345
86729
24421
52999
22570
52358
94566
18594
64249
79479
7182
88540
50484
94671
6581
83197
38154
77873
99597
18230
27200
22735
52277
71641
14393
59977
23357
83844
1644
76155
55989
22945
38194
64611
21314
90156
79701
67649
90947
5414
55748
83061
93986
23412
93168
94844
59252
22242
59961
87714
61010
20191
12554
66252
47360
92325
15306
95197
92405
34583
43355
99609
18830
50167
47726
24745
76589
92867
54778
12948
29892
50457
94336
91187
47107
27065
11865
33536
69086
83315
9471
96888
4802
59282
16898
5197
72954
40335
75210
24490
51031
30141
82374
44645
93272
4242
43594
202
55459
91320
72963
4574
45850
38489
3933
65060
36421
91925
17406
67026
20549
4918
35543
27952
2309
78834
69854
15914
83391
65437
7418
18020
14344
80129
49767
15872
33429
70208
65865
90844
64893
27034
80305
50863
92211
48795
93151
5109
84656
22986
71190
85621
69996
55624
15098
720
56047
78458
55134
6074
77198
56832
57164
70321
79797
90245
99236
13875
33532
21217
28549
10937
63302
90023
38427
52577
14136
71193
27208
59400
90078
19940
41724
77830
58048
56943
83349
13
62867
70712
67556
35958
31365
20704
42170
54127
86015
68937
95095
66258
16435
10390
4714
3363
2518
39432
14354
43186
5550
68855
54786
53672
68738
7104
20205
12254
43319
839
13443
9392
7911
38194
38326
20476
25173
61303
12020
35781
19175
34672
15628
12502
22057
7558
32798
76524
56627
53422
76938
94894
54843
70393
75099
42658
82237
29488
87687
92047
60490
91610
70264
86447
14818
26830
82665
76380
72691
53308
50821
30717
88711
3971
78961
1486
24652
41305
56212
60300
33119
14933
48972
42026
95290
36453
99375
7694
57486
5616
76866
64516
58329
46476
82745
61600
5684
28878
49205
97304
31483
66767
72569
11018
50197
32358
42563
92229
48363
21862
35886
59294
7147
75014
7608
5716
23253
77907
74864
19747
23229
11409
45488
84111
36840
95752
48110
81614
65492
55791
43759
12188
92999
89696
47161
50470
55941
88161
5956
48533
6064
12669
85814
53
98021
50382
10107
15588
7961
36944
79756
67240
48624
34103
30468
36241
25946
8701
91548
57316
43233
326
96079
3874
15855
11723
14398
21004
29637
78759
54410
81257
34576
58625
59845
97215
63364
2762
39441
23112
48313
20635
5981
84491
16049
81617
79222
5410
85298
977
79617
24846
51095
97000
22490
41696
57074
59116
16862
34022
70516
4104
5956
49644
70385
55021
54339
79850
20110
96882
75749
26287
79831
87796
33771
83678
96471
50067
49244
58866
5593
70733
70367
17276
77666
36161
91487
79562
51453
47347
17552
20006
38617
92353
31899
33106
31352
65113
37073
44000
66524
57909
1414
3806
99030
69702
39550
43642
93197
94761
88646
58293
53859
71289
89982
84670
17394
22704
50694
71769
32705
10039
34299
8487
23944
50955
97128
33126
2873
88727
94291
80416
53442
93614
43579
9214
36637
63240
46407
56791
14530
49065
66891
4625
32386
90826
48011
61705
65097
97830
47660
31760
89816
87702
96811
98228
19328
97597
26783
18037
76069
40099
98120
52125
73109
88671
28358
23082
12733
45205
91842
99979
14776
12545
20674
28231
99674
29638
15715
669
65402
16193
69876
49851
25876
91256
61152
10602
10262
78851
20572
92515
59992
58764
75067
97948
59276
60639
7052
55464
58562
82324
49370
99321
45272
51073
27909
73659
55560
52105
25439
45501
29613
91608
20084
10452
22956
61085
16110
95577
23097
38227
72318
49752
36268
64535
90117
33109
74800
87901
99907
69697
91095
57444
60483
20450
87576
14075
5243
75413
46405
85883
31897
1441
40351
71316
43869
4886
26048
28754
94770
92408
87765
45489
86921
42149
53359
65549
37381
7597
87709
768
10555
70163
41731
57143
63502
37593
26633
90672
10620
29125
70401
72756
68678
58669
85219
25287
18607
55139
88104
59453
99428
29782
40574
45056
45061
38076
70399
65985
1480
42577
16684
87704
29103
41548
33624
68289
91914
61507
5778
49100
88858
87515
38038
4747
70667
28042
89326
43924
16382
80956
36547
52421
93670
98996
47208
63188
44185
28190
94639
6321
40607
24034
27461
3920
49387
45626
75214
74616
5375
78217
36947
66877
6870
83575
2543
36697
32997
33095
88039
73609
38705
47671
4140
6603
78779
62292
86593
61312
73521
58735
95788
68215
33718
97348
40076
88401
23561
66921
97261
68341
41755
40797
75510
12320
34530
88750
205
79838
56391
68537
72472
87742
59160
16755
73671
8009
46831
74563
60267
31356
63263
71632
33707
12128
62386
91510
52842
99345
85425
86884
10979
68762
7064
19967
29239
66560
58623
67950
48130
63921
48637
20691
83401
37655
8684
17002
93759
10501
80797
15759
37188
10726
37610
34483
18781
90167
48743
28828
91275
99615
58246
36358
41238
39631
7833
28349
81156
69287
60026
73976
10229
28564
65719
65458
89120
60121
48286
11527
55982
19986
66449
78079
41487
6900
97116
97465
80246
44518
72703
86958
7552
91772
72301
33807
85845
43686
87048
51813
5068
3518
4815
84545
14515
78325
73776
87213
97714
9169
16823
54128
50961
88449
70888
27342
84893
78431
7201
43378
30560
93101
62006
56037
75138
6643
87643
36146
84105
57985
48029
51273
99457
8038
67579
73493
11372
52369
68144
9552
39196
26830
18873
25026
32787
91406
40923
78190
84362
23883
46025
95375
8419
32803
27006
35228
23931
25801
24629
87492
58955
6975
76673
64200
4528
81405
39792
3169
48207
61098
45344
94365
56382
93984
34925
31399
25865
32276
84409
31979
64662
66456
48063
29322
13368
53468
13588
1214
26358
19765
36507
53233
2021
57330
98673
44676
2464
71089
40161
42370
73415
94296
43474
86237
14718
17897
23352
34714
73023
58016
98175
8266
44418
53299
22111
48662
57110
47292
42618
3210
65314
61858
60017
27753
72930
4213
93383
49226
28178
91358
3461
88425
3415
36358
22611
4862
24133
11146
97695
25837
50020
75833
54048
15906
77375
55571
40620
6076
85485
50938
59668
23889
18464
90353
46305
29282
68701
62949
42090
69593
71573
28853
4005
2745
31473
23632
97007
3940
7801
75115
22134
52790
30643
48255
82956
71696
89851
79838
89007
72837
45254
52028
92793
82654
68873
82409
60232
96118
64672
4163
75651
99343
48662
28166
60659
6000
40283
33411
15532
5601
47739
19224
56331
43751
30831
95155
53852
60792
6207
32415
46321
48843
89772
59486
33177
9040
94649
86659
96998
48200
69654
31491
48365
70283
67242
38438
97526
95718
56728
91211
38784
19074
69774
27967
90186
7571
32448
56951
78274
8043
18341
8243
53368
17275
71555
42797
80172
17092
30604
81448
71703
86656
23806
67970
11128
2723
36216
87397
52070
16293
862
10377
47775
30179
11995
58313
79757
9697
62077
50979
94265
91102
50885
65896
40410
69095
52085
42064
56565
52581
90835
48254
32594
47784
98098
4209
84610
82946
33649
84269
16144
38723
93117
18532
3848
17587
48299
17408
76225
62449
8348
24205
54125
23465
27925
79274
64979
14420
46304
24949
55106
82729
41209
3884
39968
3229
87913
64303
80914
78295
66568
43615
75051
93294
35582
25911
8435
22979
29050
43102
39469
93773
75726
21757
11648
74926
28778
48115
16259
84040
14664
77549
9084
49690
52484
93312
59226
76095
9005
20700
96432
85775
15496
36580
61221
10865
61144
61000
9081
55492
54112
94301
45443
50908
31822
21646
11410
4232
4576
64903
23758
51504
16574
97689
39072
41826
74412
17304
88578
9513
5493
13952
65107
68896
54365
32431
87480
58177
35157
4752
29734
85564
98310
42461
94894
76322
42820
7110
49136
34245
18120
55781
97019
58896
1965
66418
74628
22049
11230
37330
54798
20486
90007
69780
56877
13853
2713
56995
28534
11062
61433
99657
53411
59536
26718
76409
56687
83986
20992
10894
17451
75841
60732
96362
54556
73737
25297
46240
5450
29779
81185
75181
66071
11486
22396
12214
92017
56769
33432
97115
35309
17280
72565
3344
93565
85937
78600
49035
46139
35431
39799
91917
29789
91758
53450
82970
36424
97512
74845
51126
68366
96301
87388
93829
69824
93289
93747
83327
60256
24901
74926
32588
93275
23295
33360
56362
63551
22777
70073
82675
68394
72756
96653
87240
92431
27387
57230
69147
88703
84404
7896
44384
10831
23568
16942
5299
78230
99972
2238
44872
32516
94766
21221
29878
8470
27033
79769
53817
20935
1430
94326
49816
95435
24531
68
4907
78236
37307
81495
14557
96805
16053
47444
12726
57300
461
50008
36716
17030
49146
30531
65959
3529
28150
38940
25595
37028
86492
14031
3083
77089
41269
21740
88807
52235
43785
4964
63887
17069
34611
62529
36896
15792
98104
31421
34009
71464
8777
59210
17606
64922
28888
31241
38385
54378
69177
12700
24359
30243
4209
46913
75607
12781
2359
43666
51727
98775
26893
48249
24041
99867
50905
72176
18517
85519
65559
93430
41653
40237
12950
57120
27395
3139
78108
54769
98521
55645
38700
97951
75645
23363
32353
45824
71852
33850
95270
88485
93648
61009
1435
60240
57376
89221
85226
54213
11414
57352
21117
43331
87235
99211
9853
24053
66162
81840
81357
53638
41128
13257
3997
86875
69679
50769
7928
68514
46686
88926
12284
98970
12003
33368
56923
41902
10990
94942
66015
41346
86536
67940
1214
12907
81319
56250
13484
33497
7333
25469
63230
51638
11670
28386
11061
56611
48667
93137
57186
92481
50636
60109
70735
61642
29594
35534
12954
84570
66186
11134
749
77382
93051
48942
6178
27599
16892
34442
16036
9557
65799
57968
3973
39791
74445
91748
2994
46666
24839
49355
34033
80067
24782
28167
71487
2270
32166
86527
39494
18315
44128
30062
52764
1135
14539
37653
80617
1778
54005
75058
39691
24799
34834
47375
73664
41017
69662
8723
14270
98267
54369
96420
83786
48204
90475
76668
63513
4489
30284
42027
97570
84624
46574
45211
74495
63974
10206
24461
3935
7718
65754
57916
86466
47497
5618
55879
3383
79541
50456
71528
28958
24748
74331
42188
56792
98584
63667
64332
36843
13699
72769
62138
65287
44094
84579
67134
87601
99895
60920
95547
80938
25677
90707
62476
59192
22485
87733
91063
87807
49098
78981
91003
75739
70788
83760
33823
16419
91259
17767
1595
24183
19570
1629
97018
38195
48945
5838
93063
89717
35546
70287
63741
79064
30916
34796
18200
56740
57626
84171
2344
84199
84239
59827
78002
56811
13993
58343
83182
40031
70574
74149
35544
90377
63249
36922
78645
46800
46802
52811
97445
3090
3465
12446
77868
38653
71029
36509
45976
33142
86701
56959
5252
89902
67719
54298
34221
36446
98650
20708
14685
59444
35106
28687
66633
67344
92466
11830
17702
79478
49294
26632
68488
63439
56860
49594
88178
11499
19474
32645
82976
11428
24266
6534
44440
61611
60210
43524
74525
13539
57504
91717
2538
44344
79908
53923
60007
81096
52543
73322
7715
50192
69292
80534
8313
24098
89629
21986
81869
93730
74778
369
97291
80712
40503
31861
12411
97841
94908
83433
1254
30967
21666
34387
95211
80228
6282
45368
72509
27178
19556
2795
11570
65794
34389
30658
69183
51628
95473
73722
94844
50245
45727
9790
44225
18230
31956
96356
95325
47478
39272
21219
34641
4781
51870
18917
54401
20389
72625
57248
30782
10659
46400
12846
79050
29740
27373
84854
32933
11412
29380
37627
76064
77589
47738
91375
55013
74854
52517
83997
45782
77658
30395
40597
78922
17360
66152
59674
52141
80211
98071
98723
78318
65530
61835
40070
75167
48606
42074
28713
18362
26266
78821
86244
13859
40933
63566
50324
56613
91192
63583
31611
16016
19100
73677
63227
55670
60732
96671
63584
84969
36367
56074
85447
22109
81087
18314
52417
49830
41319
39040
94513
69848
11281
50055
63966
41380
71269
31163
15400
87
10872
34101
62098
64367
12953
79543
83495
94411
40216
80281
40598
23217
42575
382
72851
64548
45935
25667
47838
14656
8691
70345
58316
31389
94589
1654
14869
4417
4868
77663
81647
11066
8018
45345
81587
33432
10664
52545
40889
74251
83602
66437
42455
48131
2378
42507
78730
75857
61844
66804
15373
70901
61346
83606
72555
79623
61087
9969
75786
73370
87487
78617
65213
19825
20819
93132
32842
70714
71603
10578
7709
75489
70026
42959
50772
26312
90250
43368
74602
79124
49499
2736
55441
98644
71821
24011
36892
97497
67695
81914
49461
96037
52308
84681
304
9356
43162
25644
66815
79864
60139
77616
81269
18444
60388
2943
73498
31433
16870
57158
45957
87323
29445
62376
49364
99712
42606
91452
16413
21713
30748
50285
48647
66829
93482
92160
69668
80505
87353
84117
86816
60175
69584
38700
27273
98307
64878
31770
83856
85821
62360
47577
85692
23157
48078
53275
89050
30322
78923
16041
79634
95702
90810
97771
82569
82875
21050
29781
60703
84936
47517
2201
35190
28635
33716
37752
15042
21690
45563
74437
79652
21968
80046
53711
9036
36784
52164
16947
39477
27319
18059
25159
2475
74145
29132
22148
56251
71336
93985
11152
6274
23527
97579
49392
38706
55968
60832
2348
48707
68226
40412
77070
40551
56557
40659
65083
72392
6688
93436
70015
4980
51043
46959
14837
59317
22962
5011
18394
11180
39
42084
65049
90274
89623
19679
18521
45691
28076
37356
12166
8127
94725
32239
55886
87684
56587
9495
40306
55103
12439
25398
49362
36530
11556
48290
77610
56356
94487
92202
93341
72216
2236
55150
94319
73843
26708
40180
36137
89108
5483
18067
39214
72407
82989
18221
53701
93666
43334
21568
60267
62176
94142
2447
79
90323
87373
14672
42029
3225
39768
55250
67802
35114
84100
59919
30648
85518
66176
34982
32914
86278
11365
11188
51986
15425
78450
55516
26759
57011
98323
94049
48162
97782
18777
19256
14200
44940
53568
47772
12339
54737
75142
74683
58598
89171
81004
98420
43822
54002
38877
78395
34539
20727
43062
29469
15588
65728
75167
30426
33715
54732
34684
76896
32637
39681
26668
42333
65356
22869
31433
98765
95549
19817
21924
94937
29973
75312
90102
38550
90851
2176
5956
65196
82326
87011
48557
72968
52949
77161
59457
80895
85949
72197
54519
15113
44206
2313
82646
50918
79549
77153
84586
40447
37751
72223
3442
84626
27091
7819
68853
81933
50685
44131
57874
58228
75798
99001
24768
78375
88048
59457
28143
54292
15993
47049
55310
55860
37377
48564
59463
7412
85176
45726
27604
67799
74883
10923
77314
80379
48516
50764
90575
19786
73904
90521
61001
35490
25872
5032
84390
85406
35126
41229
51419
562
84226
50596
59379
31387
903
61115
57610
61027
63044
10406
92441
47451
54081
67495
97024
68427
57468
3072
37989
49227
94156
20850
20523
75885
99717
76404
8293
38183
50167
71389
17906
97229
83892
31829
58762
30595
11013
61683
55115
82072
27030
36253
72902
93479
2681
26994
66655
89889
94556
49323
35359
11682
19305
90332
69230
5266
68496
77656
92988
32408
19214
35603
84542
92698
35249
50820
91344
20535
58329
97041
42832
65931
50092
63451
17752
45202
40732
99909
38974
71040
3116
92687
75617
97929
27201
27250
11288
18386
38519
70370
55751
34334
76496
80727
49753
37040
76242
51532
64228
20785
77804
51343
49095
10515
3754
35910
12101
48072
54693
68542
77657
52810
21897
58835
14340
5633
75435
75731
71547
16802
97469
57852
17166
21986
14972
92682
36289
84704
42050
20870
12736
59375
45263
99152
62964
24633
87768
44281
88245
46956
22686
2774
66301
94923
75311
97110
70658
82594
1554
55157
88969
16920
50881
48274
25608
44506
91432
75864
91978
25623
54208
49169
99631
48762
57385
23180
85653
21445
74696
22308
63759
79077
93377
23973
27944
920
47718
76711
51772
96166
26396
61810
16345
39480
22829
377
86924
55522
49750
65540
62335
3945
95563
82288
97518
6993
88934
593
35284
68184
38316
69559
99475
86228
10725
13491
63664
51100
22944
74807
75982
14827
42003
1991
12307
69182
63449
32584
25366
3606
93691
82504
98089
10893
51920
83504
63898
84925
9393
44920
48776
66132
88658
97517
36053
72349
92984
20979
75724
7531
82955
61066
29358
61906
92449
406
13666
94972
74909
35262
88200
4874
72216
17390
21275
37014
82592
90526
866
50794
64228
63425
70232
5628
91261
32583
72576
87024
86646
92559
71066
86660
6690
65021
92755
97393
99564
95003
78894
75259
34104
32690
89617
283
11314
23857
69719
55343
9318
63369
29701
40543
77708
31541
82501
96654
52403
61803
41675
2817
83718
9145
92739
31536
82919
29829
785
50591
22468
655
69196
68079
67374
47641
92389
59634
49966
11628
36493
23380
37609
81389
41459
59056
1965
5153
16264
32455
83774
13528
36996
38393
5061
64827
71145
90763
54326
20418
90621
7287
70356
63402
15437
32874
28339
22848
32504
65033
48752
25720
47372
95672
95682
41021
99076
55918
10119
79081
48789
24671
33679
24123
73215
57446
69783
85709
56501
34151
4723
60635
44883
36272
70022
83616
93837
88679
27919
98516
47951
75980
99968
28012
79393
27972
9726
29916
44923
19696
86814
30845
53831
77848
28672
32331
33697
49736
64569
94533
9171
17774
9487
82875
13989
12284
38847
5534
99328
95262
59787
74148
47186
71864
91296
44314
66586
87888
35331
25135
4687
81415
84719
34270
31446
12894
47610
7430
88622
3692
22668
24143
88670
12560
70845
40143
50323
81557
9417
57001
85845
55096
71825
42424
71468
50293
6865
8713
18468
92710
38957
58251
68350
16880
54019
88562
78735
8659
41344
18408
69913
56606
97569
46681
94343
55583
79094
29059
46457
49007
59660
70647
92962
46936
74288
33558
67524
7010
72361
69247
47363
40549
63851
3842
6473
71172
3807
72214
42650
1434
25398
12327
15130
40486
57494
85268
53299
11446
38955
64176
45196
33312
3623
52523
59557
2654
76622
83948
8807
93793
43192
50830
86691
94140
74671
64640
48142
97050
97553
47491
6646
70477
42606
6521
53736
23819
31371
78921
57594
3639
32551
36976
38617
18184
53115
66113
89059
71243
33230
42847
38177
69310
23557
34404
70859
7572
57062
47680
50241
46101
48048
25856
32448
48082
617
61984
74183
4635
66407
58620
59563
98914
40596
22972
42865
40432
3077
94033
14817
39946
4890
9603
58218
2748
87342
44153
12809
7210
92986
32128
70294
13702
2076
6238
12098
26636
95859
60143
97050
92177
75880
75568
51280
23966
62130
68063
48176
87045
92665
58517
15443
51880
23212
8502
69091
31452
23949
67146
86393
52010
32793
86507
55251
24636
93261
31151
11449
42674
42656
9318
2766
33882
20132
33810
37680
34788
30807
68985
62492
5014
96591
90424
46181
63715
35653
50017
4672
13666
38774
46088
55509
91964
54080
99359
79459
66743
60528
58596
83989
62289
44132
57571
77311
33192
12008
31390
88869
11725
93381
4433
18707
14300
93980
87428
67101
23237
48387
42278
55214
24023
53792
67534
34226
8450
59524
93939
48161
67266
47296
17392
6948
59763
47074
53547
34045
63399
55728
59092
53958
2991
37382
84280
2962
219
36217
60618
20850
39427
8171
32357
97272
42831
7955
31887
89421
58946
51710
38336
72684
68500
19516
33175
75775
79614
4453
54005
67476
59778
47208
83918
65956
43282
36896
46282
6729
59488
4628
85595
80254
5252
52521
87278
16229
41445
68221
11944
25488
58775
4483
58863
27926
59937
48460
96773
88457
70424
45363
7429
58586
31812
31708
95636
7069
82203
37360
14131
23561
59820
42222
39504
81025
84207
51546
93187
65917
2959
2595
49933
21957
76024
53818
21683
82106
73762
58232
8657
34954
11857
10678
54568
93408
2875
30155
95438
45734
94285
84949
28060
39315
70417
86678
79774
19153
24705
32991
53481
72650
38235
41014
3880
93140
83225
46893
49939
66933
68713
16397
70982
95171
31816
47929
15385
79491
57137
23062
7319
24836
66044
54658
16856
51489
66125
92208
31219
5502
77149
52
40841
61285
59079
94494
9849
97447
12685
8274
94761
26693
56392
65038
50521
5771
39015
4039
30444
467
77735
65807
11780
64883
32195
36271
93894
50854
9269
79108
490
41169
43404
72741
15438
93820
9035
4716
1325
19674
73256
1719
84250
10148
1825
54175
70022
78912
79316
97124
80882
80180
47771
62875
58853
54620
90804
32372
98733
78902
6390
5347
34050
12224
51120
6530
32194
35412
43577
2
59658
71020
58474
31545
89172
22492
95630
42580
29581
70252
63070
28549
73921
96832
70925
23856
40077
73739
37951
43593
67310
54110
29893
64821
31307
15
14597
61976
63833
58832
4150
23115
36093
58938
43916
37705
81076
15475
91408
51806
37755
95245
49966
96506
3077
17538
54057
76785
17337
64062
58503
84494
45755
62517
31954
89586
15516
73141
16900
47810
89224
49218
78502
46879
54640
27375
5216
91379
84590
49422
39975
82090
53551
31650
52262
84032
61045
19947
44020
28308
60333
30504
77791
83318
2960
49037
16659
99095
27251
26903
87172
83317
37428
91330
12737
49947
18198
5916
94461
71114
90553
50424
34443
18627
73765
54905
9509
17668
24372
41473
98145
70415
7684
12474
41189
99491
79245
5056
25084
50161
78998
60969
76250
72764
76776
85298
62839
14217
4934
30411
23951
93602
53856
99409
5597
42858
55350
53224
19722
70650
50606
63362
96812
26345
59624
17097
34690
20561
54895
59694
79612
65588
46747
95487
3316
11752
6447
83568
85989
95071
52033
52906
51289
37840
78551
26168
14183
82014
22300
70954
301
85114
74258
42335
68584
82289
62760
38765
12734
87903
15573
870
85769
95559
69706
39232
83550
84726
88147
73934
61500
93897
381
3114
31447
3605
39302
86292
50619
3723
90449
44248
79322
3789
86695
73907
85594
76462
88295
85314
1413
87540
99646
34310
21629
57958
17681
37386
19041
20421
93146
18366
86867
85653
88117
56980
21984
27805
65978
29079
80647
29005
49275
22602
54780
84551
24852
48638
77398
56932
13748
48164
566
86278
13882
37815
6581
39035
5260
41142
85079
23081
89408
66531
61428
3531
55926
38804
51621
55060
13546
36215
37136
7521
94690
53038
84529
31205
93022
34967
61413
49731
84207
24925
3571
55542
29109
40602
85619
75182
3112
93665
7735
99300
78650
73841
18461
66346
97642
94872
94293
86635
79417
30840
5129
90068
51262
33125
5040
83048
6465
39463
90400
60096
68471
32694
11247
42724
43551
91753
36598
41837
48062
94040
48837
89898
40709
29284
43831
99970
33034
43244
52377
15103
84481
17879
52991
83235
78021
52794
6488
62989
43312
77915
32569
71080
53960
23736
26753
32011
40244
17949
70522
16079
9277
58623
32633
34132
2389
1151
3735
67767
58841
71486
72788
75691
57569
51001
89003
34201
57759
53106
61644
74650
22427
24312
24630
68751
82503
65016
83985
93684
80573
43695
2253
46878
5955
54309
5223
520
15114
61300
11719
66424
34461
99236
73548
27883
70730
18628
97613
6316
62289
99834
98828
46778
62581
13314
53334
91740
14170
23144
37907
6544
83561
92755
53579
31372
5402
91698
85686
66484
46853
74630
33145
77723
57340
49053
13399
1759
70451
81294
74227
10660
18429
65431
9420
80812
81904
28488
20770
96386
44680
85146
32309
10111
64896
61545
42317
44907
45491
59449
27651
98866
14742
83231
83541
79376
1328
1114
34624
21594
71945
13428
28393
72983
64605
72110
35107
89423
8315
71389
27460
9432
7195
77244
4790
69648
89199
42974
55736
11007
14031
72841
50172
23837
34726
88242
35091
75522
50340
29420
13043
37050
80460
96288
50798
39809
77227
76457
82835
91647
36560
49133
8207
48543
35444
71747
11399
94017
99716
27223
18377
9215
79677
58799
48352
17295
28492
44890
87689
30414
94584
34377
38211
27199
86254
74145
25986
82473
79061
85127
96953
12042
95602
40898
4253
82081
52270
93223
63885
50362
22357
37176
86665
95214
27324
21835
73479
86591
69094
47201
34635
30731
58814
73713
87561
75108
25768
6112
9053
65961
10925
15925
23112
5020
85658
85788
92501
36316
37702
4596
8045
75429
80026
81442
96246
7231
56111
2410
78036
14542
40427
64606
80707
40064
77714
24445
79148
467
92519
82040
87333
19881
91646
85462
50773
4219
9765
13180
15058
77013
75639
52646
60988
89370
10499
17235
79686
47317
4438
55229
45937
7914
8247
174
35905
1698
16086
30688
41458
77274
82909
75947
56000
46432
45287
53047
60243
22695
32397
64805
30335
35409
322
45812
46654
69091
14092
33188
71097
34232
73494
58101
32234
93970
39268
36208
7958
36509
48990
53483
91187
56634
91115
80089
83039
57017
52634
12303
60709
28534
43664
78251
17776
89834
16420
86066
23879
16715
87357
28358
53059
84010
61947
55902
18374
10185
5487
71079
68416
82004
78358
47635
43976
61570
22587
23512
64006
60960
16829
23387
53965
94631
22019
86119
94977
38813
27443
10029
22597
16685
18397
14452
98469
61201
21381
69557
71177
37869
96910
81568
48851
82346
30577
55528
20581
80838
20835
31798
17205
85818
18021
2748
8916
83634
45701
57900
54113
65005
57740
39782
67063
90312
5608
19683
13140
17506
33962
51775
12860
59623
9960
11102
64721
75646
55488
10569
21803
72545
6767
5463
18681
46590
90873
47807
46281
90275
79884
30
6506
50168
76778
28054
39391
82355
71198
11159
88052
47673
13361
51529
22297
70811
61778
29855
28792
2296
70452
6192
65921
42612
16998
31173
42410
15219
27427
75087
34067
55542
43043
56055
27189
36114
63602
28422
5824
81860
62983
870
33101
21021
70356
35932
34894
32071
29080
38094
7806
57306
49951
88352
59052
28482
10422
60287
70030
71862
85130
54812
37365
10635
29423
4326
46595
49506
66864
84095
28902
59886
84727
41198
27730
97252
80960
77494
48833
85648
4415
40762
19203
86311
18032
4072
87088
26969
67981
57222
41307
53900
29431
3868
8710
17420
15697
87822
94702
5703
10775
14387
9434
43789
16086
54874
89805
93371
49533
7475
63441
19953
24918
70494
84307
93629
2872
66941
91630
92606
34276
95167
75205
32860
1133
23942
93780
96421
12022
35556
76493
80110
68141
95797
42994
62571
51056
42052
95066
44781
31742
42881
43758
84677
8867
72025
13350
83444
68436
96237
15153
20609
70689
45319
75361
78520
92112
79226
33657
73595
62369
48226
84123
36736
96358
48663
14537
59929
76704
59106
27913
98293
84834
11525
69333
37358
54185
35061
97469
19016
8765
71808
8367
55486
55041
66320
48458
22105
57856
80823
34452
21832
93894
95573
30285
47184
49465
88450
50604
92940
67238
13592
88111
62467
576
65384
39845
84077
8249
95217
31514
38170
4604
83718
67592
13879
48478
9721
48304
68961
14805
16775
63545
35260
65744
8619
33030
25539
41408
50133
82123
59548
67338
49517
55080
71715
73715
55079
51917
35877
11983
19565
70122
99218
10390
43837
58416
57847
90103
87420
64790
44089
71659
35455
43736
88939
63247
69012
16024
91250
14369
2786
24234
62029
51554
22504
23593
92900
21309
35380
95657
78925
56033
67131
87624
72127
51142
33746
24384
3296
2393
92180
32016
49749
70503
70292
6039
9292
71116
11538
32326
96057
40460
15795
28203
77659
5721
87156
85796
14843
46246
68621
86136
54631
73390
84249
46918
55030
10501
67731
95212
2889
35746
37743
9991
92436
64881
63131
13327
66207
64500
3788
35947
84817
28691
89319
4040
31163
64947
54226
42935
7060
68771
21401
11388
22117
56205
67681
7937
504
61614
53015
30447
73557
83952
85688
11838
20690
57838
84871
80083
36287
95400
30798
32710
67213
91401
27593
94575
5712
431
44235
9505
14794
78629
19353
45137
42418
62212
10384
17853
32638
78858
3925
70213
77311
88416
32104
56025
88411
20700
43364
72770
59817
29164
27445
67083
17646
16613
4900
26739
26821
50913
77571
40568
3592
52935
80471
45811
32344
2190
57616
94672
6780
52594
27127
95049
64041
46393
29002
2359
22229
80298
10678
2941
43556
18585
20936
53854
1810
84106
26873
96163
21037
41404
27743
92574
90806
99325
22517
91015
56003
73966
32910
51017
3992
50422
15855
83769
871
20903
6157
22080
9679
52385
18038
10529
45156
51294
84027
98057
26502
64429
76260
65820
34449
93068
46441
75304
74145
7689
1198
55594
58511
85720
64264
81796
81414
82929
67278
46597
86037
46314
1621
9760
60988
67924
18293
78585
77633
65781
94450
3991
16144
3910
75257
49682
15940
55240
22206
48453
52800
50476
25853
70996
42595
52844
31182
34189
48429
47963
42427
21354
47941
72011
58123
67970
93893
17149
82892
5411
48664
55429
40240
83809
85283
50409
99119
64048
47331
82765
43370
37680
63426
34955
88393
46444
42702
85923
75031
64444
71001
55906
50902
92188
29190
64781
47836
90086
221
61374
82112
54163
96482
87559
77590
79689
66658
44861
14051
65076
13386
52293
30408
2696
22242
36254
77340
90898
96926
22677
62306
65569
22287
32491
36060
85185
26042
23163
45723
58884
95016
33110
75064
85232
47736
28084
97080
51985
22914
51594
53029
66465
94342
61493
53874
56193
70591
90359
62465
91395
13670
92315
17405
47055
59519
59982
20447
40018
96394
48835
6692
27485
84287
32244
8375
48229
75870
67958
76321
90194
88798
4718
8038
21750
70657
75482
88575
69785
2790
88693
33811
16746
13532
64329
72701
49847
84227
26378
8311
3511
51823
67281
96782
90695
25473
33409
97018
60467
2991
29281
43423
85569
36562
88233
89902
52124
94030
31261
97109
71554
94096
28488
19437
55219
83974
67122
18467
94654
74668
13344
45901
74119
40828
40371
42111
96950
8635
74384
35097
31752
41896
81552
97078
28477
87535
93544
16822
15372
71280
22574
17077
90507
51040
30067
80609
57959
71536
88909
99811
71208
69401
8751
97412
70387
25625
51230
49772
92331
99865
63330
51683
26310
17148
88900
11498
67927
36248
12688
80788
50614
95210
89510
95033
40294
20764
98950
79548
59617
93390
28829
30835
730
39128
6672
2081
58126
37171
47931
55590
27992
37436
22205
67435
74586
26035
45857
70014
60636
98134
1155
33608
87818
75057
60570
57049
17468
7382
53458
38175
33601
11592
59691
14388
17713
11619
21914
83909
46776
59267
8048
25253
93763
67060
71119
60919
746
18202
12661
84076
12880
46420
79534
79504
6365
85357
90269
13342
80469
7571
12277
37264
97071
38945
41313
18628
81150
69843
84747
3299
65046
93785
93308
19555
82383
34421
74912
45624
98620
53375
29350
28009
66793
82373
84468
21430
46479
75165
85648
10221
62803
16568
73548
45710
22843
67542
10661
68927
36745
311
1392
92177
83106
73284
34271
23867
44242
72128
62148
7821
35846
84914
29631
38410
75694
63354
4704
76788
8493
17061
90419
37621
79645
71380
25474
2513
18938
72682
5473
87165
6155
68992
53355
92131
11292
96557
66869
71710
40398
6949
96989
33128
77711
54897
62734
68002
1533
67987
48593
69728
31035
55387
67589
29582
64998
90417
99888
51864
57846
77151
5789
96957
84803
32082
3868
28501
62953
39452
27247
60336
43571
45411
6844
6855
32818
21716
50900
8782
67724
29048
99723
24151
15678
31483
52253
39934
34939
53532
99505
24831
51079
28011
41978
27133
64470
83705
98897
13532
60854
83741
61678
47334
47078
41119
20176
70724
98148
85169
17824
16537
85895
48548
38345
5664
2730
94912
44303
34683
57385
21689
34799
71237
81791
40261
81037
2205
97316
20568
35800
10011
82025
91922
69530
31331
72090
72924
70230
59988
67566
74474
75970
49873
35912
70970
61710
76664
40833
84262
14145
17456
3558
52550
93716
41661
49832
15972
89970
73816
41201
92218
35523
91781
56059
20073
66511
69056
70405
11939
41584
32243
52748
76086
9256
32847
22855
95133
37535
68741
71997
99716
79280
98711
16717
27885
27352
21544
44895
6857
12373
65794
3828
83307
53890
70354
13217
19713
97054
65204
97994
13673
34789
2273
39548
44301
48588
66864
95127
3921
2581
83946
17088
7156
42727
37509
83034
28902
13457
44969
59769
50005
11627
10544
81962
98490
82453
86733
88277
90339
6251
46911
37575
53074
91708
15232
12184
46268
4762
29325
96271
62243
73513
63992
57310
630
71515
42274
64082
11597
89100
49967
54561
72799
6822
14617
94212
83052
88037
58354
75547
80324
28161
67368
35013
91664
19523
10322
97678
36481
82129
70550
51712
74145
53419
29445
75918
37212
55716
75378
14346
90448
81751
46886
89668
14650
59080
37522
55702
68186
8413
27102
77308
40816
98663
242
93534
25115
33760
6728
23731
46054
17522
57808
34510
29781
34126
33331
30141
40595
30371
4457
35143
25644
59920
7051
4336
46923
6360
35179
79788
99213
96258
92270
18129
4705
88257
87683
48771
95889
19258
79560
59479
32817
49790
874
82862
75511
21971
54140
54829
70774
45269
84099
81113
98819
60861
94802
70691
90515
61840
26618
16546
7746
30402
5794
77423
29007
60956
3787
43658
69027
21176
88978
23401
65447
46692
90712
93417
90657
21863
4732
35709
61445
85758
54491
54539
78119
33821
48175
50506
11898
59297
19206
66011
77544
56334
90677
30437
78593
49778
34218
17256
77123
22409
82867
37570
74593
84888
59828
18326
12787
77606
84476
38840
28754
76622
88006
44065
99253
83307
7785
9030
56037
83110
70581
12371
60347
63107
82500
42545
40882
90822
59258
73850
55259
36518
483
5207
76411
35430
30247
44768
87942
65818
57420
61662
66176
36515
42071
86263
46000
4765
23199
48815
49036
37211
83636
49869
63781
39320
68007
78550
35969
71518
48729
57069
83546
22318
54485
13411
65928
4933
40976
2258
33423
5676
96265
84357
49022
8721
14051
26752
53110
68418
22222
2124
99909
356
84180
41659
1486
35212
55513
65940
73283
12580
7331
74103
58661
22607
53013
53731
79204
75403
69467
538
59786
29640
846
18138
2608
16498
72939
74509
59643
66481
89498
32617
91804
72567
41815
94120
43350
2248
96886
16984
58691
49578
67109
29427
41381
78621
20846
38901
3891
73129
2960
52475
71004
71045
87500
17916
99009
42868
12267
41771
46171
25885
69638
13526
29063
73142
52872
32277
2204
46727
96777
7932
67013
29964
93568
584
98681
95574
99304
16821
59141
75031
68868
73708
92434
29266
89879
88950
96013
12649
84866
25056
49120
88468
2064
98359
39490
1331
71877
3720
24639
79255
74941
55072
51454
79557
74364
88984
93884
90203
18130
77560
50333
11380
42803
36864
8049
74872
28675
59847
11458
86880
7395
12582
63448
74306
63390
70568
78750
76658
65249
92974
85997
55279
1016
95344
93531
2058
30037
38590
51781
49693
52619
25253
92430
65538
29192
27957
37237
96225
5165
98892
61739
83073
9424
29597
81578
62912
24699
74154
2070
25814
73834
17961
44206
88844
32426
71233
52038
59193
77072
92630
28699
65388
24227
32499
44227
3043
64050
43049
47189
5548
1188
33252
18980
98463
77310
86214
30161
17901
51021
44830
41902
2455
58177
33063
62040
8000
65125
68978
37922
12285
66370
86529
94257
73364
47908
41093
23443
59418
88754
79192
68608
32376
86923
8830
21989
39464
53811
52375
97729
5619
61009
4439
53596
40613
17440
42848
98528
48671
31220
5725
5411
86195
40950
9676
2676
23558
22417
5190
36248
8153
80376
61941
17104
81607
48939
84826
42742
91565
94674
28918
46658
14786
69556
74497
671
54808
78720
22298
59121
44085
93565
18567
80920
96965
30338
96206
45681
93024
59412
60278
15071
42511
29199
27815
27977
80065
84483
97299
41622
87533
47915
28678
60168
64691
12410
75486
4960
14751
16578
91542
51376
61435
49137
65586
89672
14739
48601
67557
23810
43996
58849
90932
30785
58389
59502
7328
13873
87999
13627
19246
28215
76884
32658
39583
27594
52949
18019
14107
61276
75818
26451
99213
8907
43435
89985
46517
48934
46683
24185
21174
43303
19476
3781
37374
12431
42594
37763
35832
88263
43992
84661
26562
87838
16430
26389
42768
83800
33186
85802
46549
65044
88118
80031
22549
88638
52054
65508
6459
25560
6674
12203
27055
49338
81285
51326
96770
76052
46399
28300
58292
48522
98194
12517
40350
81594
18238
80037
79273
77780
74732
3417
38532
46492
98259
60617
10617
63247
92853
23301
61551
94176
54223
56190
26873
10035
20448
81243
85200
82921
82696
89119
54643
1572
37449
39352
86841
73793
83870
31489
27045
21724
35327
78261
22570
61205
26282
27286
62904
45137
42478
53594
27064
94897
78958
32715
44104
91975
25630
90458
95581
5148
39314
41093
34438
77790
14512
14909
25418
37182
22332
90041
16365
86408
58896
91315
94114
19425
66551
13315
23217
54166
60531
35908
58809
73810
36634
3174
81138
623
1216
24456
60166
1310
20863
27571
45000
55363
66745
52042
319
82345
65832
69694
79518
8498
14480
24249
29009
14105
1239
16884
83354
82264
89557
1244
44649
85279
5149
86130
91673
96744
90361
45799
95237
48421
75356
69493
76120
74134
33943
86009
8190
87625
23528
62183
47766
5364
62689
59756
16881
1574
94318
34552
14676
92837
35130
91566
33408
91470
13917
79933
39661
56079
49987
28496
41844
63200
48888
26940
55894
68695
79978
49106
90447
56903
65241
72886
86214
25457
50312
42880
76679
61501
66524
43183
19704
89235
85951
57197
25829
83573
81676
14052
56310
89185
29189
75733
14480
184
36854
21670
22326
49090
48461
32948
56801
72553
74780
7948
93552
34487
48427
61023
90746
10970
15460
31249
62977
29221
75274
74966
21357
94515
74560
52050
27185
61046
12500
52189
90625
72424
39358
49701
91271
1177
51637
78006
11247
95720
82174
99503
1137
73245
98635
71482
89638
92603
19953
58248
67957
58379
14078
44775
67485
2080
9496
53937
48491
69037
62952
1668
41718
27319
62045
16621
87757
5451
5733
66736
69728
29964
91415
7485
25454
36525
81717
91926
92114
91673
90516
41764
42447
86617
84924
50434
48872
52364
57310
9261
3739
25253
6408
49943
87105
86148
3725
12951
29855
36904
43876
42540
81278
4334
89320
88233
41220
63504
53702
69131
13736
83171
28069
56557
92719
49685
31542
99202
85359
7324
72972
16572
83723
63729
8841
14922
17498
13881
31251
82341
59011
17771
26128
14394
27583
37405
55881
71940
33381
82041
36624
27606
86549
52368
74608
85064
46649
8747
15526
92286
22231
28105
57867
46966
1765
10679
97211
33249
25500
49633
59905
63138
17409
17994
96891
59615
57794
74361
28280
41516
38793
46470
29093
1929
38125
7462
25681
51990
8918
25483
47762
42369
37749
50827
36841
90211
32715
64886
70630
23406
49246
73065
27492
6065
90534
27053
96615
7868
85155
78516
69962
6825
73071
55171
24926
89406
18744
75981
55844
5735
28720
16226
13508
75848
30014
24432
45550
3012
95203
53160
91153
7513
51959
96075
46621
67820
41820
35737
79063
10934
43898
94805
4505
20114
88043
55839
93879
6413
86754
4247
61935
70689
26456
56017
72016
2995
4284
49827
83824
69920
50098
63901
59992
58123
16102
58997
71170
58590
62882
55661
65516
29584
50988
77883
54492
73509
93527
7602
29842
36221
3346
88502
84832
74080
44445
5949
38200
92168
42855
23596
61499
55615
55616
17563
17006
10729
287
78662
32921
77967
81949
57505
66497
99078
84454
89259
49049
91596
84741
18533
6419
72718
76467
99270
68851
6353
35824
87581
26414
33513
62345
90329
31337
49596
57489
33819
69953
39881
36520
91435
72076
1735
91502
80495
18908
71586
37180
35353
47455
49988
75350
59635
21159
8713
8570
49674
58629
30495
36437
97561
28317
241
74619
8200
14543
31949
49436
50813
61712
37415
29794
54452
1496
92077
95972
87250
24260
43685
7979
52442
76585
74903
28238
92943
65745
27896
81769
82895
15149
59781
97818
65654
56873
71928
79782
99024
3835
45443
25007
32147
74873
80540
60969
86391
90674
64330
72449
32887
80953
75249
49890
75880
655
54062
78329
96072
94970
6085
88072
59131
87884
23779
54463
47046
46847
67841
71808
10647
50307
47138
41502
68106
27665
22359
91966
24259
35170
25408
31697
1772
203
49177
11102
62037
13179
54673
59934
78023
3860
48166
95389
93882
74641
42325
96332
57246
60031
54766
19290
20027
18034
83649
39310
95569
77090
1673
10351
53158
30368
42156
53962
44512
82148
3529
59315
80608
33343
3443
17850
7253
74278
65392
31547
38583
93149
99776
90818
40730
27543
35867
50292
85459
15237
67339
97103
24864
67825
1895
90630
43378
68502
12981
40763
37624
60179
42424
46511
83357
57958
20480
84104
54439
37438
38659
58739
83446
91971
87413
53211
61068
84201
24794
47542
21812
51041
62367
52971
73049
98914
54635
489
11321
53411
80580
83581
91521
59033
96689
61958
35240
57523
98956
30256
1940
72583
56194
4054
9196
65279
80436
24135
84870
15211
23872
73729
8597
14560
33623
12563
64841
54981
59171
27194
42185
61032
68467
85531
17249
78988
28563
17888
17873
45095
14544
49120
5438
34139
47700
97564
36225
20989
51524
5902
6917
40495
47137
90736
61767
13790
64452
55613
87316
82293
78010
81038
82443
34878
74297
45024
43529
55497
27683
93265
82642
9117
20227
30899
82302
78770
97124
68533
33172
89430
48697
40950
81742
29239
69810
61123
11021
46932
32820
7887
84655
13559
63414
95105
46896
945
7728
18092
55988
93910
89331
15101
91643
89313
91751
51813
20010
81897
72880
95379
80684
30695
21549
55817
29728
14755
97435
53078
42587
29206
11918
69178
10222
82431
87509
56115
62595
93268
42062
27421
42298
66816
64413
61618
2983
94909
25086
64426
37861
5099
67524
7772
50302
30594
19059
83061
49396
59137
65429
78890
88029
98547
26184
71433
28394
25863
47823
4410
12653
5346
29330
29480
62035
20978
5174
47143
98246
10573
926
51132
21586
89623
81948
38708
1734
60193
41082
37347
23406
53022
59445
90811
3907
22140
67008
14360
19708
3849
58283
33160
62840
16550
97639
38198
75239
52379
39585
56725
83559
73200
3942
59886
48092
93718
80408
87428
53882
10637
20985
91280
16776
71140
6324
74677
23394
94324
68694
41741
14678
63591
22503
96663
12918
40034
77419
35455
71039
2719
55835
73716
52944
78487
32041
83374
48804
28461
9869
78088
33048
73270
60796
23733
67408
4078
40811
94846
47620
4076
61075
82347
60996
27492
22971
96457
24442
46224
3513
31233
37610
68959
93496
52084
57293
1214
72315
33347
52825
61758
53199
81098
71377
32812
33459
5191
85641
5927
98615
12602
21752
50478
13195
74668
2110
46361
68762
30781
20929
29377
84408
23378
26553
66621
45514
41054
25872
60219
47182
50176
68124
43717
62256
82968
75464
25703
4672
75389
9086
68268
31300
21951
1309
22280
86042
71892
67123
43107
24099
24092
41486
76929
69379
76319
98595
92236
71130
14286
64307
93724
78708
12335
95998
59126
54208
40381
63596
73803
80944
38973
82135
4020
92227
82384
2445
22956
79481
12770
65864
72035
53286
31151
2172
36175
5741
74126
751
48171
19183
12517
14160
45789
57848
35029
3085
7421
5431
17107
10346
40826
43139
89177
18396
98132
62729
98975
62879
30892
3013
50061
83942
80112
59978
31256
69393
78424
61445
29128
72789
20743
67678
89240
7811
35759
71695
36878
48508
5719
10537
4742
67341
99566
52242
70052
79052
35356
51
65042
64779
54291
40637
10717
94708
10137
67740
24368
57581
50688
268
45097
84847
71733
91470
21078
31942
52960
10157
29234
74518
86545
67473
13509
59842
80421
56954
69726
68597
35825
79751
5302
27097
80909
71451
12068
36044
36314
77695
54990
7642
67113
5399
40894
65596
98282
76723
5094
50499
95114
48481
76404
95490
53308
10714
12650
29745
93643
25930
94264
52156
5717
31908
58468
72098
76091
71972
40732
86138
72000
50832
69998
40508
53058
99659
45877
12672
30653
29497
69679
16988
39366
96533
61746
59728
25778
72369
88778
12847
52986
50750
24808
40265
17797
13975
210
78966
13651
84971
21204
22220
53247
95624
26969
54324
60252
33311
19327
4398
13255
19145
14258
18712
69308
32397
15610
73614
32331
72634
7615
2164
61027
87891
25725
93747
29466
32988
22737
89708
35303
51656
41734
73133
33645
63878
75755
1075
24992
34701
16253
79467
49974
68790
72652
78015
82381
76611
50836
26970
39081
44155
83388
41161
57212
8452
71453
35565
44718
29743
31998
38960
47878
98455
47785
92026
86597
98960
51994
70602
9580
23963
92205
59295
82940
47763
10199
41065
51407
65869
49868
34431
85413
82939
41078
92224
42628
46374
9459
45455
50212
87280
33781
21429
69288
57003
1710
93921
87004
13387
51470
7792
86452
81887
71881
24216
79821
69991
72103
8087
49421
83597
62724
12010
34740
36482
84744
1195
42693
54036
12282
64927
47710
16123
98823
31566
1099
45263
11817
85757
36655
84419
39836
50361
78888
36134
99053
4487
90018
92018
18951
91825
28187
98235
77610
82930
92111
38112
80522
12868
25249
39893
81806
82380
50046
3706
5149
14299
31047
5834
38976
32000
6479
88358
27502
37296
84799
15790
36712
38889
25062
36748
82739
84882
77031
97677
79872
9861
73057
18224
98911
91347
93086
63874
7240
58420
53163
2520
55314
40247
75464
71084
28071
5957
57766
8748
21845
62619
2131
65681
63001
27256
80142
37370
67233
54118
70088
27259
86552
31302
86959
24441
36594
2180
763
94867
16551
14638
75120
75993
18249
84359
81112
22644
87332
98806
99568
33303
4136
20099
42698
47637
58098
99620
66610
87096
67716
61428
41586
31386
8749
52337
47287
11325
78992
79308
41398
12873
96736
20302
75762
3143
67129
74656
69234
35769
82630
66123
72413
44553
40913
12141
9125
65472
536
85601
26819
20651
15947
22869
10180
29122
3645
19446
85899
3871
39237
17591
21456
34078
15563
19407
59419
64612
31612
17121
3862
693
11348
65717
19881
52132
88061
88875
79100
98460
38093
43691
3073
89164
60111
9430
54120
52462
49346
85315
82165
49396
56504
91904
26451
18394
79125
70813
95522
95362
19919
97533
42682
69590
41462
20313
72189
50574
52524
53165
9132
63931
97601
31048
52744
13125
25192
31700
67885
199
33472
41465
61988
87714
57741
17231
66483
36248
80967
88478
25865
92955
89996
15051
47184
30882
85906
19688
55987
45666
61856
35497
25241
77462
72813
68058
27929
14699
28784
88094
55682
37158
6710
88954
38282
13582
56590
22604
75040
75270
5634
4803
95945
35367
20189
81735
59498
8634
67517
48950
87482
9343
17996
87534
90112
95227
89232
36316
67941
81858
70195
80232
27871
30668
58415
85372
61136
36740
78754
54462
25854
4571
35465
74818
90586
19243
19608
46862
45826
65228
68133
27660
93524
10899
55698
96121
3483
51970
46313
54639
59343
35043
18160
52529
54064
96521
29271
50696
29834
8673
97110
46548
7802
51373
83930
32357
23426
40790
55729
30854
46807
25189
12320
57215
65258
39904
78333
49985
79105
21162
85915
13036
47405
52052
57814
