10000
21049
27821
91126
86814
90959
52237
80686
87582
11055
57071
76842
83902
75012
26631
22066
75056
94269
20335
94206
22838
39575
43384
72300
38547
21819
9302
59460
16689
41579
9990
14064
18235
67334
47790
27769
42658
42090
46966
97091
34505
68818
32445
16265
75260
79521
5864
6942
99435
8502
178
29915
89815
98728
66558
3666
62157
61843
82847
20218
17531
81238
22933
56629
99789
10742
8118
78786
1911
42321
71280
67150
62971
30885
86048
70866
56642
98396
18731
88924
57442
76506
81382
73723
25365
35007
30311
19957
58215
67820
71109
85987
24589
86475
99597
79150
20279
11590
91933
56844
51587
68671
806
21250
88340
67808
71964
23487
71507
24293
2794
25522
3401
93528
19219
14239
19179
62160
91797
52423
88850
58356
27331
13702
11946
350
81576
79664
59378
32415
87838
62877
57907
96061
42946
61464
26465
561
53723
20131
5519
10527
54902
91578
91381
80732
33893
58703
23969
13940
1960
74320
76361
36596
42563
68277
61574
74145
22157
42601
71539
67673
66735
77819
16465
19267
34986
97171
80255
45850
20407
43249
25806
80916
82285
31014
1546
63533
3231
23024
72376
14785
86733
74825
30645
83133
20600
58392
9305
6401
45947
34712
57015
25491
65210
21613
27965
11076
55836
65284
89910
7957
69071
53326
6596
36581
64938
10083
36611
20184
63649
19660
89678
98872
74912
76885
30044
78065
29993
16203
22578
93011
14664
58068
28221
60342
36347
50520
39917
20726
61201
26675
57044
76883
6643
418
8965
38492
46376
29889
89098
55461
3599
90877
28877
33701
12407
71376
61278
62937
32802
33146
42106
7133
56576
35403
75481
8922
28546
48544
79396
49676
49826
68876
41984
51623
70732
26733
99057
65928
93615
36501
11968
50366
32089
78706
90292
86716
7158
46332
52196
80324
39118
97300
74880
91146
71954
32231
13256
55132
71653
64521
42948
97540
36138
16006
19391
13675
24516
36409
56004
72782
95772
14959
12567
96843
8846
10032
82495
63576
9195
32091
78692
84079
91061
13567
69934
90865
76430
27987
26412
68845
99829
61794
72894
59632
64263
38600
40028
78482
52318
95957
98605
32078
55036
18759
78524
35706
85137
85953
52912
25254
55078
51359
55214
839
46617
46170
11896
76636
25947
27724
62261
2270
9260
8811
51704
84513
68598
65558
25028
25500
43866
79781
96318
50528
48900
91478
78625
95676
88810
67993
3130
78447
23466
80638
23259
55564
29462
44331
8930
13581
29265
59038
23118
52949
74589
47191
94677
45661
31768
31072
83237
29435
6291
94157
38239
77528
80610
76530
75372
19958
39977
45121
23233
17184
80036
1025
44397
12213
98921
61994
4978
27936
95146
32299
39039
68677
39482
96378
99109
36344
95454
16683
87855
96048
40401
39873
61014
33772
83008
16923
75414
50718
58279
2391
99309
74138
68023
62217
24113
60076
48780
44382
61736
23005
30738
90697
57215
50001
57798
13527
33720
97937
72201
71636
74140
92921
62348
91263
58255
80985
18966
18389
47148
57865
46020
47091
35025
80650
91784
78692
41967
86825
23076
43108
4571
84891
71120
49736
20590
48275
9910
96545
46170
43804
10475
42857
97426
65665
70797
89270
56130
28369
39238
30048
87928
36032
27864
88318
31553
8575
5556
63522
30811
2166
44005
99898
78299
96414
80375
40888
61000
42432
15110
28133
43369
92903
12187
91138
720
94699
78887
29113
77965
57375
66661
65853
64822
22509
15676
21707
22050
95699
82139
18896
78531
40857
72018
88769
77821
60810
88605
98917
27659
84662
31400
64346
54403
78006
85027
63393
30172
70560
29231
24965
91628
6817
23676
28036
50237
69907
2483
53244
43628
38698
40293
96631
293
58709
24058
47049
41859
2575
66649
49177
12947
35776
33066
25994
16770
12566
16510
83719
78771
95091
1016
42698
36803
26783
58279
76039
89712
24586
21603
62775
49076
36949
56725
32018
44094
38042
92214
5238
68655
66139
29652
89142
41004
74218
66096
33810
21213
82188
86458
14776
90069
44365
29311
94779
86990
93396
73349
92971
8794
73556
95732
68185
5940
79248
79626
84950
70752
81201
91822
83414
20377
22287
10591
73970
55521
87554
93510
98479
684
42444
53818
84606
73267
63777
98145
23224
35959
55165
25021
57596
80719
98604
4555
5059
56007
204
69454
56190
46343
14256
27718
23375
12778
47906
36849
60609
17313
25160
11260
97251
338
23910
4746
73272
87152
25026
19555
94988
80929
61072
48489
97152
17851
96144
5691
95753
13261
60890
47750
71214
55269
61584
59843
62495
94317
85435
62056
66435
90415
16629
61281
19967
6130
20125
69067
46936
61648
1419
63047
77212
60228
121
35482
83979
40185
50987
52279
60298
9144
89369
34495
5269
79594
35213
37855
63383
93776
24597
76159
6796
38479
98730
69542
96188
28117
40958
89805
53499
68101
11848
33493
44058
93028
38938
66910
31134
47613
35500
52960
50742
49548
69261
30993
7818
82072
75157
68065
64469
88390
2275
39010
21315
32227
50839
28432
63049
16106
6008
80671
82838
40195
20685
52096
54903
8380
56095
1352
796
57581
14965
20058
1838
79866
27230
82799
4939
92248
70771
21876
63576
62418
79516
95825
26467
43996
81435
75241
58481
80395
87828
84919
17710
98947
93057
15865
5577
35762
95143
5215
13882
88166
87943
64382
68726
85977
73193
964
99620
69238
51446
90923
36457
27153
2373
86365
80547
62988
8402
13541
69612
27689
61202
33318
20371
41121
52576
59362
43811
92096
79478
46595
89583
11951
44922
99952
43330
29788
85830
62355
98059
47034
41466
43576
33941
97215
34967
88192
32031
92602
38010
80633
6912
96730
83845
3905
64138
76814
23409
86209
19856
22531
77123
14024
6928
13897
55656
49415
4536
81481
79567
49547
52879
67537
6404
98011
65464
31575
61039
83603
7339
38354
33344
65144
10033
29439
87112
64775
78788
63221
52474
88526
94403
66452
69232
12604
28207
67986
45439
46037
79987
51684
53975
35559
25335
18547
68684
6608
23232
98599
411
45930
12188
37836
35752
80391
32501
70170
91797
72847
59486
96014
50208
71771
71079
69808
22642
74941
99572
76648
35898
87653
77817
38750
35206
20084
85018
11684
56435
16864
59838
72884
25249
16750
73948
68112
32207
67139
41922
20906
99410
15995
191
49453
87112
75122
65878
60633
1234
59099
20337
41208
85221
39536
93240
43806
14906
32370
18411
64026
74519
40300
60895
37418
23516
99694
73824
19637
4815
6258
18391
29364
47650
96422
49514
65019
24949
83114
9472
7624
80092
12515
1212
34388
23509
85266
69842
62872
78303
55178
64428
28689
41051
23161
79026
77839
76637
60061
45498
89463
80881
9266
17567
49105
94389
79856
46371
32431
49968
33948
36159
45650
96869
900
36365
13151
58433
90461
69567
14380
13797
38771
82907
22150
4159
23158
48790
57056
37187
82061
48684
2038
91010
13753
83020
22925
96912
15226
57996
69878
1074
49983
78879
23508
42586
72848
70947
60427
29500
68650
1012
89459
30365
21798
48718
1462
34439
88298
46131
65330
51834
28966
18140
44971
3732
61502
1553
55442
63986
7600
97856
53133
27752
46743
99356
46867
1850
38359
93834
16876
49004
76096
69052
24596
71593
26563
18215
53878
45417
79820
12252
85825
30031
3147
35486
22596
86107
31220
73138
68268
71783
792
5349
71247
50070
58604
47049
23489
55506
99101
80071
15860
92257
26734
9111
17806
94253
31172
82672
27104
70592
87704
80697
48936
10200
38876
57634
97928
87299
48037
30972
71703
83128
26341
42889
95764
57326
67716
91788
10031
10700
62127
30529
59459
69474
88182
91207
4149
50188
85593
64199
92694
17625
95492
19042
62470
33545
43544
76292
66123
72399
18245
47519
89419
62906
43147
91204
51834
588
29500
59815
54779
65717
46614
22801
6921
85530
71940
87084
90481
88905
63947
20673
97534
78662
68926
43499
31571
22881
54277
62637
68554
30766
24499
86944
74000
61648
13077
41305
66824
26215
47440
47329
4208
57594
59545
12752
23428
34179
41903
41234
5529
53115
9616
17432
68284
95539
66467
94935
14146
45838
93209
81650
16725
95373
63227
95393
97306
43279
94423
90299
23370
35336
14061
23069
30359
87656
74043
52050
26511
21102
58822
98211
38216
99789
49618
81996
26472
25179
98271
74359
25509
35927
56943
3147
62199
25157
54351
68514
87627
28552
69095
49476
53900
80251
78561
7807
85282
97433
80157
86620
68957
1461
88203
40718
53778
46098
25454
97501
81614
31353
88458
28128
89511
72327
26544
28720
72918
39792
45634
66358
5396
68137
29333
39664
7942
52968
28875
75808
51116
44294
2584
48077
93351
2620
64466
82283
62086
70724
36009
38994
87126
17100
59485
29331
24649
7531
5977
64129
7530
977
21265
78232
35009
80349
14525
12994
29953
16844
51747
19795
76737
43275
42265
5242
40964
48968
2778
15478
43066
46726
87392
33862
65343
70194
54489
43761
20080
2341
53413
58371
81408
6637
69696
13208
31180
97565
11061
2084
35866
19052
59494
20452
73864
28060
68731
57065
14963
39802
30123
12086
16184
39592
66445
60162
29714
76821
44553
81748
92091
44978
41749
92204
16136
77426
85484
45377
481
60180
5640
99827
12395
71726
79803
61058
85672
54547
70004
75115
43174
89633
34798
74468
79934
69789
84208
98625
14386
22613
54444
66021
20732
70899
33399
77711
53781
5605
55998
7210
66468
83257
8597
86485
85055
30308
17916
60215
46624
24077
13737
75389
13887
75116
68363
53858
17110
22327
15573
60320
93056
71628
32035
38251
39550
25177
27153
52051
75552
92309
35204
47286
71420
57180
69871
42297
43611
83842
66652
30367
25124
84888
79714
79752
88144
81657
14159
11780
62265
43043
3941
23871
11117
3386
41509
80348
55814
68639
33682
99717
59085
58772
11474
1770
69081
79162
83138
13810
93186
5907
60437
531
29316
33821
10001
42887
54355
10721
69578
60829
74095
39490
44230
89192
65279
73037
35531
89781
56780
24820
46405
43774
22623
84796
34419
46522
41808
12401
79500
80182
96877
62061
24263
3858
82990
36178
88285
95700
93317
62864
93194
34656
23693
79745
29304
71974
73373
38931
39167
72851
7831
59989
71221
10492
90158
35078
41013
28228
75345
66439
38942
49347
22698
96400
73520
91936
23657
41448
89198
57194
69599
3543
3815
46999
76712
62148
9818
76607
36096
39967
80677
4839
15775
76317
2918
26136
73992
32370
81472
22397
25240
42053
92784
47560
97820
87765
22933
53794
86201
26929
94968
83862
25274
34401
9280
64792
92480
35973
59048
55000
11920
30145
27508
60739
13281
74070
73931
93425
1226
74018
27739
32852
8886
80442
85138
16326
61257
14103
79865
28505
74042
1717
2063
22047
68464
71076
86704
12671
8375
51314
77049
3259
60914
78487
33619
68860
55447
32469
61753
64354
20817
22295
81517
39457
87447
72529
62895
42720
45569
91380
83262
3765
3940
12869
19831
14715
13106
79104
38632
70710
78012
38854
15597
86175
38993
73258
20160
53306
41663
77732
18318
45776
76327
95941
98504
18807
18547
78327
6698
86463
16884
28635
36172
26220
45046
94168
90455
94709
47654
6843
79087
2562
9080
55779
99193
54326
17716
62913
69396
68688
14442
81509
54365
80465
79090
61408
59641
98669
76399
60357
73996
61842
8757
30515
64519
8866
51985
32013
52231
75777
28287
81063
90428
41608
60151
17507
3926
63191
23117
40431
95036
12685
66803
42925
92296
20330
7099
74130
2380
59370
76492
89916
41978
65697
75082
52326
87825
28454
24665
69794
93622
37195
41273
77966
99088
51183
96498
97802
99957
16502
7069
99301
42949
1158
20150
81685
26996
20852
61955
72984
28568
28092
32552
52652
91376
64055
52978
71317
37545
53482
61970
38362
99795
3332
50904
6381
26980
12330
89687
19638
73808
95634
68872
19657
33145
11977
59556
32109
43042
18539
55050
26488
89061
46741
86175
15154
22818
22159
16043
32907
4684
51239
3033
80763
15820
51940
4804
1756
42259
15272
70321
99730
69830
25275
38927
52162
53647
26279
35304
23523
58647
26596
2854
86392
56494
85462
49311
81467
51419
20992
91664
5718
28543
52099
96794
15853
18925
65838
97924
37492
61560
21843
66413
39981
67629
93459
47003
5573
1287
33285
81012
23615
5125
60829
42058
2751
81906
26022
49094
75847
35271
19261
36333
77337
78529
18137
34325
85158
17712
16859
6508
48199
82585
39004
97823
36315
6847
17592
71899
93372
69589
10238
45108
59880
23953
20534
95741
83201
4712
49292
54154
9972
65028
92959
22279
88487
23663
6652
4228
15680
8891
77393
38928
45885
67322
45663
76861
22436
57763
21287
35626
7128
67221
63407
85897
15477
43013
26801
6225
80455
90214
514
394
48830
4458
64772
16784
2771
14609
64658
21475
14302
87240
99235
90214
18930
76475
21195
76528
14421
56813
84379
70765
14289
59923
97095
33765
55325
28897
39734
37179
18714
40640
78443
84397
20354
15998
70744
49554
7080
79554
73569
98936
19820
56332
66428
25304
60998
86219
4153
49561
51332
86304
40239
68904
12204
1293
65952
37011
83865
38087
43975
84202
68788
64192
5974
78187
85353
73359
71752
40152
69598
41584
87286
77100
36816
15469
11521
31300
87808
88680
48327
41533
49413
35477
78580
4453
5090
72977
2330
39462
60448
30913
90530
16092
53156
24191
10113
89483
33635
5480
6115
41047
50878
12798
71456
39058
60697
30631
2358
54117
3327
40898
55419
33107
25575
3797
58665
48029
92391
41209
19254
47831
62022
43110
29556
70818
60021
25286
88282
49922
36579
61259
30580
42273
29520
87140
42806
80540
6401
3465
82577
27281
13617
93391
85454
86459
82580
5001
5065
46015
6348
4374
62470
96257
15736
34935
69091
60151
48051
31095
32902
84041
49728
5024
78568
60003
91079
8866
40648
55670
46767
1810
6573
73045
97485
80068
34325
98561
94821
15081
81536
79588
76077
98238
78298
51820
84334
25138
35796
71082
10424
44312
93244
48758
38911
77448
20466
70758
74125
44219
80243
13487
28346
12644
52807
6915
15940
99079
70038
81334
85062
38812
64647
94636
99440
89332
88691
74869
46513
26524
62087
37135
69313
18537
50464
76892
59496
64147
43810
69001
1562
41454
93476
57887
84005
92550
66746
69339
38423
60631
21573
85846
23594
97343
38613
28012
66553
99461
88528
80339
46088
21874
45387
34853
11199
16083
97663
76528
4204
59785
61818
82452
74699
40445
30292
16503
57560
90000
98454
75189
65735
81006
73819
17245
65843
92165
8216
51525
21070
65571
41673
174
39956
26807
13888
22077
3106
18886
53048
94204
64943
64111
13749
38595
63545
90326
15395
3948
47193
74074
49005
36896
65242
5865
8502
60425
37889
15686
83160
93260
16562
87959
58415
17643
45360
85930
99001
83259
499
75612
16329
82613
25676
12720
45666
33876
56992
54775
27070
15286
61354
82680
13441
88939
78436
10456
75174
36766
80873
88357
44444
84836
44075
95351
43262
39019
48958
78986
48843
82915
86504
27970
92899
66674
13917
7282
25214
18805
843
97254
37335
96751
41683
4299
15239
96442
25344
79080
31696
86176
71
68361
7761
86603
87687
98409
41536
30806
24735
4766
20287
84652
26084
79260
22130
84690
49673
14915
45648
50219
36604
92118
44634
15417
93035
22169
45406
29960
14169
42108
44637
16699
45144
61647
18918
95851
74478
44690
84622
77164
11915
33389
76761
71321
17426
26590
35700
26644
68807
86602
88364
38664
15126
83919
66758
23311
13332
83204
75763
6086
72757
78642
47768
10472
38572
26528
27941
75936
13202
41602
80764
86773
60569
39268
4308
25096
22234
41490
14317
20192
60085
62327
65478
46998
77069
66381
11823
90702
53380
89823
38328
80244
34764
45410
73183
4036
60592
47628
17551
20228
88265
14766
99602
40942
80486
84350
51286
12321
3016
40856
93107
27006
5092
10213
66191
85016
43364
19406
248
66168
66881
37662
5787
27293
70621
37664
48909
77903
71933
7284
48440
17379
22462
66371
41554
69273
37588
43951
64161
89339
7437
35991
52738
50329
16071
69202
48756
86372
87711
64940
17792
69044
48659
85134
62520
95096
54112
94010
21182
19125
87787
58172
31984
26836
72826
62341
62551
54490
47412
47477
83159
32849
59848
71263
69791
1587
33296
5031
97132
94295
91079
2457
6818
38891
76453
75333
42526
80886
97641
42303
45593
47078
98874
53910
43371
53810
79480
62052
31891
14651
12386
97812
83929
13272
13052
16431
301
75385
82810
7985
5234
55522
2201
84355
54480
35736
50330
33246
96081
67093
30140
63458
65099
36351
32546
99743
80195
9515
33866
74709
50794
8344
62140
5674
30778
15809
56221
25165
78661
13088
62904
56180
1965
91436
32201
23657
8851
24113
22062
91492
6773
13853
33332
22069
16309
85663
17530
7197
10769
39649
79080
2230
16689
149
64240
4959
31932
11709
221
63543
61916
52349
13769
45996
14153
58749
72966
31261
85554
34392
41978
93819
90531
1959
4212
8783
69992
16799
98807
47402
97193
58759
14688
67053
4506
66215
88409
66363
58424
37429
42565
9367
95891
86983
50807
98428
25820
9158
46108
25811
12931
54946
94051
98613
54413
23929
94335
7764
63953
64959
111
73870
55057
21097
67027
4898
17418
67105
45808
94860
19273
96791
9563
84871
91492
15620
97973
33014
65525
41654
88235
65439
10748
21764
37231
66090
55711
8870
89981
70857
50424
41249
20370
88758
65229
99425
68716
7236
97183
21439
99985
32012
76836
68191
77131
4870
13449
41077
56008
20236
92215
91511
11362
17885
58666
11514
78310
4741
74290
39896
58838
84001
12117
47873
38439
97594
34053
377
27440
8754
43771
88981
45477
94797
87675
88542
85279
12904
35436
20411
95206
80511
37265
80563
59414
3940
41386
46672
29612
2745
62950
38265
32468
8989
96542
98483
31384
50098
27523
76287
60251
64244
32497
92269
89895
44377
5861
23572
23837
67476
95419
25536
1581
34593
17045
2838
75962
84048
19847
97535
69757
24056
77467
37649
85414
21305
58725
66949
93751
24956
56131
79332
2992
48601
65114
66407
98410
59986
93448
76087
22176
70226
52058
70377
23803
23742
43033
98142
54948
59219
82552
53374
62509
19767
28296
70664
42177
74302
90059
46226
34661
84439
64971
60483
79397
67716
17713
33212
84876
27873
42662
75198
1964
72070
93281
27904
91030
90306
74235
62220
46509
67921
26739
93773
12583
88648
53715
34227
80974
75110
8838
65389
28255
13365
25692
48495
11796
86395
37510
28983
85399
47330
51894
43907
71950
53556
38473
82873
17267
71190
12150
84138
75754
99851
55348
57110
29010
75696
8540
25523
76241
7700
90699
55775
15229
87464
25121
52765
93055
27825
34067
69690
18887
65050
72658
18207
7252
39693
72392
57465
9131
34866
19590
69599
83819
86920
22620
36649
56504
98081
92631
59868
29276
82655
56969
58486
14976
27545
99557
55216
61736
46291
69554
37471
51060
35467
70638
33920
82756
28560
43848
2201
84481
96766
55533
14789
60695
63982
38694
51319
45927
51027
30775
19994
78446
8884
26127
30539
41032
1170
82261
38928
30248
75790
32989
59953
55629
64803
55797
6143
55731
20875
4774
20434
29956
24993
62337
69584
21779
46653
22102
76536
21438
12410
98611
37106
72147
99972
82662
38661
2224
49353
30013
78849
32458
90610
70033
99481
52728
73831
79246
49128
92273
93891
24261
25635
92935
74424
61525
64046
85321
4461
98811
64427
75088
38945
59605
66736
89151
74655
60229
50690
21202
1624
23211
13771
86007
12209
34497
66360
28533
84554
45398
20596
24016
20549
14101
15264
93257
14636
43716
59985
40073
87384
74266
71944
78534
33943
98087
68177
14669
70627
32263
98685
72109
76611
43323
80621
37293
95676
84973
57547
58454
78760
57420
52702
58400
56131
38696
59006
99905
34160
73542
9398
43601
13065
34833
30564
65176
21403
16960
46593
98708
58788
43683
56863
58141
92621
41440
25701
49617
37248
45239
61185
83086
27988
34469
40211
12162
68181
5386
18153
33266
57796
67255
33113
59152
49727
13118
10370
17600
6969
11659
46253
19746
9569
45758
99446
93734
32725
72671
83710
54292
80184
28089
31564
17139
49764
51172
57906
39035
64657
33377
31831
56604
33439
94122
18563
94873
19614
72662
54871
8310
46244
86001
60696
52955
76622
99483
85722
21683
70366
2431
78320
54480
53469
41557
1969
3729
86317
95209
89938
35142
89486
70269
83302
40909
50736
44672
95
21891
57518
32154
91229
34537
49724
19802
75945
29006
28496
25140
12391
7086
63279
24990
59987
77701
51481
35506
14940
82796
30735
30702
11551
5797
82315
25196
83441
96492
9474
64185
67733
92763
99150
12059
48997
9246
13096
44271
91882
88018
78110
67082
3827
81887
9307
17598
75065
71170
13649
13811
83597
43509
47455
78452
79796
15948
28370
44853
55159
15514
67178
16294
59276
38216
19228
8085
98700
32967
12040
70431
68458
95239
76105
32186
26102
22258
38800
39340
76349
86045
25406
12327
23635
94748
55056
17786
69113
41593
10003
15688
37000
41176
14294
67689
31977
69918
36875
43498
54595
533
64642
88977
43777
90348
48275
25748
70530
76032
83211
69863
43067
29262
16451
47282
35069
6467
51106
41771
69479
7292
67080
17951
90579
83264
89481
94389
96581
8675
63057
63625
20342
96054
60848
26205
11081
73270
88018
94859
50921
34135
46073
96340
47758
3393
49596
82303
14851
45921
5654
5849
26062
40216
26969
74098
73703
63918
38300
81497
55692
58011
329
70228
49708
47300
72368
1958
41171
58363
42312
86770
66541
84891
2041
16170
19855
17698
59678
9771
61021
59117
22700
3077
17012
22515
69008
74763
26185
90610
78274
17000
66090
66593
12490
75092
61568
67185
39070
18746
22495
82293
19780
44439
92325
47847
91618
37939
62995
82111
44197
1101
8472
75507
9819
15406
35049
5066
79280
18718
9445
38281
58797
31839
11435
98477
41984
52162
47223
86053
65877
67130
22964
35036
56247
26992
81004
18399
67070
94854
65568
98849
65844
94064
54044
42584
32536
57066
85879
72405
71660
46900
26265
31408
39841
33654
61449
11365
22372
79394
60396
84039
3222
32951
8755
53224
52705
58476
13111
306
95874
49046
3536
36802
55084
44407
10736
32443
66569
77713
46911
64378
93709
7696
49372
80000
66971
76626
37585
45744
21344
89321
72264
53830
8862
71388
58922
30684
37492
32132
13891
47481
72955
86966
37543
90262
81917
95978
44287
44929
84689
37541
25476
15945
85018
60092
95088
37178
64963
93168
97161
29754
38084
32040
19272
3294
24563
44372
1459
79768
71355
63950
40392
33711
30009
96945
95406
29751
41006
75037
38904
88442
87756
78108
18243
15038
94356
13789
153
27544
41859
39405
4114
18643
53622
39122
4915
65251
13482
94487
91670
60066
64107
34220
82923
64404
21215
52775
535
1431
81158
87525
5346
84782
92012
34987
89351
65807
78633
29078
20184
59598
88184
43877
59526
92592
44972
52752
65588
20786
84407
22216
49214
67921
41607
38504
2074
59931
58635
82080
94345
22562
85243
44831
75391
75677
45807
79829
23923
93863
596
93202
28839
4030
6545
34223
79435
27921
34026
74125
27789
23904
9349
17625
41506
17245
81769
83219
28396
57732
11974
37723
42508
2453
59772
34559
9649
28651
71484
91644
63283
92963
8774
2851
74687
63515
43121
56870
47204
254
5112
30772
80118
26434
29974
59569
41708
81518
22793
84389
2922
42837
62463
27073
79161
43596
3403
5843
97928
92832
83129
496
4778
92347
78936
45341
70877
78650
82729
60672
16410
67343
8730
72905
48060
23400
14091
74331
3042
29610
55462
73242
80278
7802
29849
96953
92153
57425
14191
91982
20721
36536
87000
48219
87710
53288
46880
65536
54492
53774
40146
53706
48888
94506
66432
12615
45905
42851
85316
86491
13218
71685
34470
54051
543
30771
14195
59121
87671
28046
86067
6062
51979
43589
77197
84721
25730
91467
26803
42933
28490
7701
58063
36509
5409
97979
92346
22804
55130
56602
36494
31291
56105
61577
20759
18333
99979
2004
65252
96510
93295
20433
69554
87303
92742
96726
89783
76405
32462
40035
44756
16933
99942
12214
81859
33616
24627
97124
24166
1473
53784
49302
26952
64773
49971
56249
73658
49361
51075
39867
6911
60335
30918
77499
76125
75246
89670
58502
82765
64276
71790
86732
20393
72278
62442
72539
82542
82251
4368
64902
7938
99193
6392
58689
42921
66198
62768
87671
91276
25445
78604
6246
82199
44345
31355
91033
27469
74632
85968
52945
6037
83048
70443
41137
55389
91707
96195
21361
97582
4594
94456
8277
73670
78878
78832
78363
17027
11068
49796
97672
67847
10282
8437
56248
14193
10292
61799
37467
44679
1273
67011
46453
44081
59034
22356
26076
83232
94520
59310
64341
59846
60117
84906
84435
34515
79437
99455
53236
68540
29456
94436
8555
39544
89544
44311
44658
22007
44250
62423
44464
25029
59727
36433
15576
93132
74617
5059
14762
41591
29007
5644
94523
42161
38361
23906
5564
6365
12502
13959
64726
16471
25083
60508
72349
51724
86852
6390
88257
6755
78430
48570
75441
9366
47883
1064
32356
88484
13773
84413
72425
36401
78676
69253
41322
15175
69306
90788
37219
82783
26839
9245
30209
29953
98638
75284
46855
69845
34524
92742
71438
15536
4302
82477
88678
44116
58844
34646
31914
17134
34655
85703
46038
25594
35897
20977
87399
56871
65797
9222
63940
17296
48198
5644
55226
76263
96032
73176
3054
56822
6564
57698
62670
56375
68951
29288
40529
57062
80159
34620
74455
69681
6801
31638
24319
5045
27181
82393
6437
49308
44187
70871
66470
91518
78226
28550
99724
77792
40420
78125
19737
46870
92621
52272
46338
42393
52891
13933
40921
60064
431
7636
23387
99024
49491
77548
89535
87594
94434
82591
15253
94700
48687
44837
9672
34180
28798
21959
18968
81587
87697
25428
26367
65559
2310
55401
46924
65150
16657
78931
4552
48085
99316
53885
86315
46123
16096
90399
70458
93522
80720
81058
90126
60522
65545
64186
33379
24079
95361
95581
57078
1692
3148
40616
88386
61825
4133
90216
42842
86610
96546
77743
38914
9081
80509
88254
29971
67678
6463
97324
4670
89540
9044
20716
18269
62005
35786
17051
42246
69259
36793
80372
3864
618
51562
24909
33927
7281
7128
75750
3889
98918
90926
62665
1861
22601
84708
34717
18286
83544
90706
36587
44894
21218
4879
21382
97771
81130
63951
3203
57557
19270
77212
93703
96068
93967
75120
24509
37723
70702
90797
10169
99016
45720
91108
87105
35830
73378
64196
85509
26336
72017
60073
45728
84017
27749
74508
15951
479
29973
66946
15911
88061
88765
89075
47332
17645
23153
96241
44077
84513
62781
56907
67996
5842
96047
24117
90515
82883
39043
50704
7999
10167
91931
9414
63262
48213
52333
71761
64867
27279
20424
75752
55344
39152
96852
7196
59011
89709
45866
20237
95604
4305
12940
89310
72575
65473
9054
12243
23293
88820
3196
40434
14818
15353
50894
27408
13325
236
31296
95442
78097
87557
7363
12262
22200
80262
79051
55395
9987
70734
71603
91680
99809
65076
7837
20162
82943
13976
75030
10222
88268
87881
60831
1389
6311
33229
1740
37601
27260
48622
11519
66382
5895
70498
71885
85965
95018
64337
20477
9655
7169
80370
93445
64938
36325
77676
74143
94899
64076
55762
56331
74010
84249
59357
21790
53369
86794
52868
62737
55589
58362
85193
81399
36855
21886
45987
11988
47402
42681
94888
80931
68513
72088
95134
91944
93309
23976
71944
35077
92721
35712
64628
19944
91059
33868
43473
8354
57687
98072
15474
81432
7225
92227
74119
29904
42269
98
39652
14051
52055
31300
75463
75750
26315
67596
24206
41155
85960
20344
21196
5360
23166
65522
85458
93725
35
30039
18122
21603
24299
32944
28543
94418
40546
82861
74238
17090
75578
15021
11350
81863
48745
26337
12978
86226
74135
10733
13340
96463
85566
44803
5648
97840
49195
32929
26731
90137
30781
72321
91909
19774
73714
69022
49614
66124
47817
22679
79027
52197
80441
55490
96863
32147
95027
9451
39631
78477
52484
32449
79792
74073
4188
36848
17516
48324
57770
83507
95048
20815
12619
43896
40583
45598
1517
46030
51551
40501
28519
5541
14375
50017
80201
10058
71783
54799
92327
77097
24770
53373
59242
83803
12475
89079
43203
22345
90286
34244
5565
86075
88777
2536
33581
85162
57550
35518
74788
43613
17947
70452
95116
79354
16353
84162
7405
59397
48757
29970
18520
35901
67018
61022
3095
3692
79205
71157
3589
98982
89168
92391
53936
99055
59957
47166
49504
2565
15114
68560
96694
28127
86905
57762
24012
97692
18888
67634
81222
90521
90869
86111
28608
47781
97127
56073
72546
12759
66744
23202
35835
10770
94550
59842
23813
61565
36086
17164
63604
66467
20583
6920
18426
40846
85209
25176
37409
93467
22344
44662
86646
63171
6780
25030
82819
89482
23124
61507
31413
63764
29205
36989
58826
30267
48795
66952
61569
27753
14773
70972
42831
1924
2203
23868
98
48900
78892
78778
21242
68276
7916
21882
25202
73114
94640
4359
81815
38859
39791
35672
29543
59387
2734
50956
24116
41614
54040
38903
795
63026
68982
69109
49612
44484
68986
55508
31814
65666
83433
59848
10525
47238
5457
76131
18555
30496
99601
23700
72667
74953
33546
19419
82936
44922
2641
99748
71980
48518
71154
33020
29529
73935
76047
50184
88337
60490
65669
58008
69099
96493
54423
98105
97943
80653
10433
15120
73554
83325
18918
71590
51546
96608
98080
72822
20014
92086
89576
17218
51803
6583
58481
65426
48156
58246
84627
51927
94963
88038
18957
34462
31031
12667
28813
46279
41042
71789
16201
23319
42036
8023
65549
80245
74644
81658
44900
57614
47581
44398
2048
320
42310
5066
55324
27558
97068
73183
50943
38222
15768
53823
8934
34625
39358
96381
67844
29749
14110
46366
28790
14226
51100
53572
28751
28441
17391
93764
27716
66615
77813
65637
82127
89778
83005
74511
51904
4033
55522
37017
89519
60241
70282
59335
23239
47610
6232
41683
47161
58738
24232
82972
18182
40714
99180
41290
49371
40127
50724
27187
32804
95414
57209
49862
94565
1940
45786
31393
18824
57893
98968
97946
23507
21915
84766
35824
62156
12152
38499
36450
12506
9017
49681
35491
82960
24433
91159
16158
71853
32948
53320
53900
97839
26113
36897
39671
53789
83506
40567
28073
71022
87011
78635
61955
62072
4144
96914
72597
67245
58638
25044
62758
25449
68703
29773
65568
58097
12495
76119
67723
74168
16692
38918
68107
51532
30171
69607
39449
90245
28765
35845
59179
60847
32909
79993
98632
81561
4653
45528
23730
7261
89361
97385
38794
63736
27045
18882
36367
42398
22277
72155
75237
49033
36042
57399
67965
6971
76248
95654
74996
6247
50585
33032
16171
49005
26389
88161
20226
1524
64643
2313
60236
61188
5520
23411
77940
52732
85818
53547
37669
43545
41043
95185
98820
37689
50100
7362
99395
25148
20745
3803
3521
90775
30321
64640
8333
60105
65229
45314
5638
48838
92571
34366
88268
46716
9241
33887
2184
5892
84031
77375
62010
25229
69036
97412
65929
39261
66908
63211
38807
20171
86394
23264
7611
61277
33010
4179
63187
31013
85474
46375
78846
74801
42543
49713
84538
75554
18028
13074
69885
81146
74489
20473
64562
98248
64598
39280
94402
92426
10818
97875
51126
43097
19420
13899
49474
56891
32826
11371
72943
79069
70407
25601
74086
82510
47201
44460
67218
31122
8623
1662
24285
81326
5839
80766
71006
81529
33486
33465
58521
90272
84432
35318
32077
31526
57631
703
88974
38249
26259
94602
29470
51210
80634
13224
52551
9377
758
84714
3907
85517
94966
80620
96497
24139
56572
1662
97798
24084
32734
78314
23239
96657
64689
86212
95811
55393
79899
66332
19191
50903
68773
80684
44382
34301
49134
89333
55153
51210
76704
74137
65665
95215
15841
20559
56653
60989
2671
55488
3731
6508
34287
37094
71242
6179
61788
84008
24290
99876
40798
70139
71705
44043
66305
8090
11496
99525
78946
24465
76770
92378
64687
67824
33495
61499
71341
51916
50838
51728
83374
33175
80011
57969
64338
47459
67625
51413
37898
27340
53543
13716
49309
23149
33509
72326
81497
43206
4859
77463
59827
47935
8814
78164
40636
54595
17160
66154
7222
25563
82339
52057
51716
8893
6824
4644
57987
73321
78757
77698
87842
53487
12026
45803
44138
5598
29421
21685
77584
60955
13180
80018
21382
4269
40895
66068
68816
61303
86414
1635
49342
96812
79581
95479
45292
7701
66020
21939
80538
95880
91084
81564
52044
69667
79481
81918
91864
13090
81283
51996
49036
89972
25386
67891
4258
99295
74871
387
20299
18409
21817
68091
70768
14980
11532
21854
17627
53100
47835
141
16816
99110
59272
36692
23916
8194
75614
12038
72626
71461
77416
29767
96147
99805
8381
32983
31561
70762
57687
49646
98611
25860
5127
66288
65836
30650
32693
56091
59289
45141
54829
95605
72608
94037
52535
66075
42024
87799
65297
31677
46104
88007
46274
67935
24268
10897
39678
18257
58599
28040
53257
78980
69205
25686
88275
55926
68356
73755
88936
38092
55139
38089
87895
13252
72170
75264
50115
27599
71430
63174
72602
33983
26605
69735
98624
13332
42515
1221
58416
5134
14817
81154
84237
87634
1147
15620
87212
48935
29397
39945
7784
79384
87425
17838
95575
11297
83458
13694
57623
13059
30820
24944
20869
78093
14217
72343
80227
92676
24623
24132
16597
39290
45679
56438
62326
51810
82962
73524
49673
12430
98421
71040
44775
14192
27066
49526
6479
33025
84831
5604
83321
86353
15511
9298
62522
35221
99074
78444
67475
91701
85622
60571
31701
24881
60898
21893
13613
22229
72609
46248
39922
18607
46932
37488
31834
3465
35217
34684
26702
82071
25492
65796
56329
36349
21644
66241
16502
21757
74833
42372
35453
48163
60637
43063
44040
65223
89998
60234
93722
91315
30871
34090
79606
55662
79507
61994
82469
8616
86015
83786
45213
57486
72844
71342
84349
40624
47082
2892
80288
18941
90759
7121
73351
9940
19183
92482
7264
33553
61802
29884
54372
19294
37354
70493
88466
35679
89387
93911
26287
24994
7050
35720
38897
11010
41086
54503
305
36216
56514
5476
71088
57097
60598
47903
93468
48884
46888
81409
68438
90471
34208
68960
95070
23982
9737
61838
5479
78992
27139
73537
52299
7173
3513
21227
34542
86134
85497
77892
97890
10458
97869
91822
68269
78776
33248
62527
65063
63095
87709
65348
20796
53867
63876
3897
80221
22974
81506
77343
39124
21348
86386
93559
43172
31635
87303
43012
68167
32918
2213
11200
94781
96816
64182
89710
69229
84245
69470
20863
72728
22704
46636
57453
96854
49396
87396
13102
4259
29906
69315
96847
23717
9469
84754
5586
91168
52822
29663
37158
10452
8719
98513
11177
47983
30657
99294
11876
19576
9851
35531
49581
8571
50313
93335
40813
12978
1748
92414
81123
79493
63276
11308
22673
51114
1290
7680
46226
54033
77800
42383
58311
61629
26699
20864
26458
68435
70766
20368
15224
40834
79728
81524
27530
81296
68731
23354
66928
89704
79755
88553
79490
62325
62739
42531
70532
56774
92283
65912
31015
78232
4286
19333
30587
34796
26124
78195
83879
38624
90638
55636
82175
33806
26652
50835
63239
9248
99331
63999
39548
46933
15540
73696
11334
88745
99196
24874
34747
10773
11904
27083
37405
33836
49085
13154
89524
55568
70434
44111
69368
85394
12789
30344
4946
32562
59419
87030
17626
85573
91395
77555
20483
23908
21970
69631
59751
4660
7714
10403
13646
85540
50465
81870
89704
61427
56509
93256
98795
47752
69904
62522
53773
58665
88303
15235
19161
5
32890
69624
21456
26528
37759
65107
38415
41022
31761
43731
60928
74490
43744
7229
29454
91924
80210
87015
86355
39457
4315
60193
58195
29738
33869
18370
48712
52928
59324
56428
30035
92667
1907
5663
57535
12549
18126
28584
1565
55062
72724
24376
49184
82700
56277
65247
51081
92304
28721
35750
21787
60483
39415
55954
20425
55796
56012
25099
26007
58339
65347
26040
4888
17289
76185
22994
47401
25702
27028
48390
14894
14632
52600
50784
86374
97948
96041
29688
49692
15672
64504
74339
86362
81272
69045
1041
67565
66055
50797
42074
51983
20334
25856
89661
18317
57594
38141
79250
44627
23224
31820
45960
83716
73105
66575
85136
17248
25882
7078
52275
44739
29957
42556
30671
13756
24137
29776
30763
96610
78978
71095
15509
74879
84066
36246
99300
29047
17129
5502
44287
46089
84101
9102
30749
70245
16778
19469
67812
30835
62768
63691
41246
99484
23084
97654
51340
30432
49643
49288
68462
10722
30033
76995
19366
84951
21388
53275
40172
87832
39468
59049
54623
51324
97603
17901
98694
91184
3077
21302
29143
84842
25941
4886
44875
82871
77975
940
77066
36194
83596
28212
46550
2840
94714
49029
73626
34435
32745
95700
29692
61638
63110
97087
59638
17025
17965
12718
99954
78465
11092
66156
31756
2935
3695
13736
69903
23668
30074
21399
53657
98156
29098
78125
19089
23131
16214
35861
32681
92621
90582
37826
17229
62868
94082
79565
70113
45818
99402
10570
40422
45915
92556
17091
66275
91358
14626
52840
6639
90074
34165
46918
7365
88639
12524
73122
14624
55019
18502
85606
20401
85445
78892
6248
45708
90047
99005
81708
33134
19044
67035
66201
49440
14002
60555
64316
18352
97254
53605
14072
85266
32569
58953
92118
8094
48294
56731
88594
69043
5184
79579
64882
47866
98386
12162
59089
16487
91053
85718
18006
98827
21105
57936
80670
70847
74032
54501
4306
87445
42352
79433
33265
13119
48557
42036
82790
82569
99560
45621
73881
80312
9420
13806
7712
76009
16545
37404
83463
3627
2803
95827
82240
78069
30196
3199
56119
47522
44642
20605
59203
25152
30704
32807
31621
97318
85057
52484
2065
16939
62081
39718
6366
32797
67699
43821
18237
68580
18588
65790
40099
93723
88352
84700
36355
90430
23087
72747
8486
92049
90917
14874
12857
78633
55704
15786
1546
95850
19009
86055
53875
44031
95141
55817
6686
73101
57049
62856
43569
71869
38009
33691
6352
6869
7510
85020
61944
40288
86584
90652
8697
18201
31128
91904
42318
42907
77278
50933
41395
30989
85468
49982
28649
74876
3292
52598
68707
55091
57446
70558
89247
54453
84048
84620
16173
60105
30282
9210
15624
45480
44002
37206
98279
99425
80532
86674
81539
41859
26240
54802
43399
72594
55185
67430
42272
7869
35063
33582
5664
67839
76058
30413
42119
35128
715
9081
49556
56135
3046
87071
574
7817
84568
55694
94881
59489
57937
58946
96888
69181
30331
39525
73540
96608
28662
81725
61961
23252
51917
72967
82644
48383
83416
92557
56861
45550
49902
83735
48535
56842
27673
64424
23148
21839
44
95033
7853
73148
10996
61426
79549
220
90525
95167
86746
68935
28312
50659
56315
35973
98794
18194
561
29285
1796
28935
9756
54953
62939
2813
16612
36617
2260
52871
20969
50699
49594
36425
97019
19635
56483
56409
86319
13060
97064
34339
87627
76486
81804
50674
91525
63245
86039
505
46981
62863
96558
63466
91510
80442
12013
87096
16214
55501
9877
84597
98698
48575
38429
11442
93778
13443
33963
55556
53090
38128
16417
36692
6032
4858
81871
51787
2354
33558
6862
57259
71295
5956
51782
11256
47217
72131
50715
17908
33786
95786
71900
27919
92888
97250
23140
76039
90906
3989
73555
2951
41634
30791
50989
6386
7047
63167
61992
31878
34060
30962
94731
29929
57474
1750
19970
48893
70258
25326
56861
45041
42716
63824
30147
94770
45260
50707
69211
28644
98335
39762
31736
66545
50720
19242
12018
10123
50786
22402
43885
25256
3620
77821
41220
81678
64030
11175
91307
22760
50643
85423
42496
68071
31272
40639
83416
40006
43616
99302
26087
23431
43983
11057
65249
80649
62116
31257
13759
67353
61526
50524
32204
1913
40464
49843
80549
56905
79099
74195
19949
87459
92535
74756
63634
16280
40965
49756
28792
47922
17399
71710
92280
10518
13499
46507
55223
1636
52180
81609
82958
77460
4322
21296
2912
29179
50983
50427
21873
51667
42304
26394
25779
95289
59715
36125
77294
78323
33856
11943
66139
44620
62059
45583
1279
16091
82572
27582
91115
63153
5932
79550
8110
21503
41922
84051
43324
47718
1572
51859
41910
3498
43451
27404
63598
67483
99378
87884
92716
83802
88811
1397
54845
56239
94097
4241
1266
97323
34016
9455
27449
25687
47048
64517
33720
17092
78261
20156
40570
58887
28752
77703
30925
31867
65541
72586
80659
94748
75696
86389
12876
56165
7860
16892
19035
40871
63821
3059
30388
61634
56599
48531
76302
5740
7508
3330
26012
65196
32861
8691
33702
19493
79144
58469
63974
36674
85823
47372
77428
32030
12697
37426
90421
60361
74185
61745
78085
11625
6721
85120
5059
26725
57043
89962
24148
36527
62527
79071
41431
70932
57381
36002
31232
47735
75185
97459
69096
27262
25133
76907
70903
77417
5641
66525
69841
13586
66906
33403
76158
23820
61314
77434
19771
89154
6950
62382
22224
57138
23512
3977
33217
84538
99575
36666
28343
36404
23258
41314
90372
52379
47624
40751
57265
1329
22279
46546
75808
71865
81390
61481
74496
68607
65007
98112
28909
34769
5333
308
44983
60235
67991
98047
55026
81902
86911
491
19029
4278
79756
73386
51991
49758
74568
22976
82940
75257
91960
22949
9894
40478
33043
9763
3099
34783
19243
6534
28158
11866
94450
64632
31973
76169
49442
38462
87718
2257
47242
94731
13258
85038
57226
62457
95268
39313
91612
46551
76835
70562
66173
45948
68800
13668
43335
36625
4645
28102
73773
3833
19810
57789
28596
37096
30056
86746
60853
75432
92792
44948
58431
19077
86071
69091
89190
50205
9113
46862
19188
23039
12689
42973
60286
37723
31602
19132
46613
41843
93709
53921
69796
51171
2600
98976
54463
42103
11217
82924
24565
69306
18831
31629
26231
80378
13063
13247
86906
39265
82937
76563
69254
48133
40058
94225
63326
16085
93490
36187
17144
66153
82479
86377
8062
29452
77180
62568
44494
4147
16163
13515
61797
4518
16144
30205
63827
13527
7848
57705
97660
60954
21247
25732
69411
79065
69615
96560
44683
74743
80082
68955
78536
16175
69761
18023
21690
44002
19097
81257
31139
39671
77307
54743
60187
83584
4912
31572
96225
62707
32949
46810
66842
17325
30399
61128
76571
11288
94821
58421
15887
43495
47942
41322
15484
48439
6820
33465
66469
38639
82261
12821
65788
14412
2348
16217
94444
27710
87858
64089
72040
9483
74616
95774
45196
43392
39059
99370
29310
15230
61604
25873
19237
4755
88504
38735
47628
7332
20129
79634
84876
57064
78988
19906
66702
31566
66982
29875
83687
89362
61620
88204
65005
49241
30138
55685
16667
25585
21300
40887
52280
84583
62160
2129
28359
2092
19539
49639
38225
42298
80348
18018
9891
51152
10639
20362
59067
55606
85510
66147
49916
67993
78139
77750
27622
14837
11661
98996
45384
27152
49174
2252
67303
78840
80693
34993
76184
34705
53139
13079
52999
37879
62157
92219
19893
12465
2215
49820
23413
95440
1710
3304
31972
10592
90518
37421
27339
77704
88641
75826
14835
41615
78081
27337
64766
72229
60928
20929
90142
15304
84371
51720
77070
84377
67122
77222
39449
133
80587
22967
79244
72512
13613
4758
99621
84345
48243
71909
75446
89020
77768
8775
68030
7890
89237
45879
38520
73900
26942
51249
17758
73623
97690
37122
39249
88312
88267
32789
56042
53368
94383
30870
50353
74167
14168
95076
95996
5570
34288
620
52795
85808
80045
29396
95881
50640
78192
97528
44266
81783
20161
71456
2229
88732
52875
64217
99272
86629
25570
55295
84035
41020
107
6587
16102
54579
97633
16940
98112
79335
19717
5402
79134
17455
68237
72294
15509
28084
28013
19492
38580
85921
83373
61546
99362
92180
79835
57721
94385
17138
45489
5023
11650
29167
93972
1766
15803
89269
77453
13914
57648
96024
75216
36515
68463
72014
27172
10096
73011
94376
71244
11309
49497
20447
89610
27158
9270
72257
86464
17153
544
65080
47369
25004
44209
71587
48417
65437
2042
41402
13888
75491
12989
77381
30249
51159
46803
86767
90065
99971
42040
81097
65357
4402
88801
26427
81792
16400
90692
67348
68649
76772
86156
97021
22312
15206
83988
75949
83179
79084
27831
23428
86218
90151
46617
3836
67760
45578
71900
49621
24405
41990
85459
81047
53807
21706
39518
65477
28858
37823
69747
97908
67841
33270
62425
41384
71449
88628
57449
4195
89752
91093
93821
57983
99356
2356
88840
71399
89353
69034
30627
64464
40011
24364
61554
69037
52578
94991
44674
87825
56158
21345
64590
52785
93860
28086
97625
3853
91347
52320
97292
52247
7738
57819
33001
3101
33960
39499
38482
6499
29508
95382
34822
62199
65921
81373
22486
64398
41274
61889
12413
88540
98948
82702
82011
51835
97789
28883
51220
83483
9759
63547
46726
590
46853
19085
37289
88548
89080
56279
49838
55455
31970
22145
46735
91438
113
19191
8867
7645
52415
12388
99331
31800
91890
88507
57431
15568
64901
32021
22145
18637
42412
74802
48474
74080
97714
17331
60884
59386
38471
26866
94349
97311
83866
22907
59191
84186
87020
75030
37632
18043
12005
42785
65769
74444
15198
77227
48833
72117
53326
59046
50502
93585
20864
15428
12026
70422
91150
49189
18855
12998
61418
5480
42941
95355
88189
36055
90377
86400
61550
57425
92470
81355
40956
67020
18649
48817
83175
21698
98374
16366
77687
87107
97094
31438
16911
20670
22976
8757
1509
78101
18543
51824
96898
5846
68713
53666
88285
14357
99478
67596
99087
76903
41736
57649
39056
2916
26941
62799
622
49766
82178
13247
19820
33464
56427
55714
41914
1414
46540
5048
94142
24672
15534
82671
1901
53562
10979
87563
12937
57152
70883
63416
54963
32703
14881
51569
76663
94741
44680
94479
82246
10753
38799
65148
53312
43644
88282
10050
23733
60049
60065
44683
76931
7555
12032
20265
25757
75245
46452
43740
78911
44529
79426
60059
51304
27008
97473
26049
29659
73690
38741
39410
46287
84687
54971
31883
72849
32947
49315
97672
54951
22131
61124
49467
70820
93832
54195
97481
91817
27298
6305
2822
70749
78951
61672
94089
63872
16252
2630
97550
85961
93729
37850
12273
8396
76963
68759
83748
73337
16336
8038
48000
50660
41230
69383
95960
2434
596
60533
30517
89244
1240
1974
74817
43703
89593
96592
3357
17396
13949
60468
52697
99553
56487
81265
79166
51847
69530
82606
20177
45311
23332
11261
58347
57606
68585
44778
26437
7666
73214
48587
52641
97043
5358
33608
43558
62096
22987
63834
89757
39298
79863
24179
92773
68606
59169
27994
11581
70812
42504
43060
6130
17137
84902
95190
2318
48796
19910
52008
50390
39941
22702
55153
70724
30244
36818
43124
5155
4534
54057
54148
61772
53196
36935
75236
33333
21552
31432
66215
73863
82531
18083
51723
99447
8099
92277
95014
14606
30850
95529
42326
93369
46260
49689
20333
63932
26163
12116
84837
73136
30159
84193
24780
63483
11190
21357
17482
49012
20669
22369
47880
4476
43145
51746
72290
22204
78388
35165
904
80227
66810
89329
83388
83180
83661
30615
75093
74101
96874
18371
3174
78861
40970
78715
2297
90723
94778
61441
20897
13595
84726
11896
9314
8866
39545
70738
18373
37404
19739
24134
54710
12833
70142
83171
17964
40554
96356
52963
14462
88363
10264
30063
68638
64033
50779
82982
78102
67833
89330
56058
19884
69474
1643
30940
90523
71705
33271
19907
33689
23562
69254
65189
65770
86198
71160
98223
24564
3763
81010
41698
84296
48268
25282
57039
69452
28740
84881
48469
21440
28275
92278
77952
64841
6214
72880
20119
2758
95783
13490
32381
47424
94453
84904
51195
2316
22438
59150
66072
94848
88401
23724
3088
71092
16848
74713
94383
22324
12216
27446
50715
53362
38529
17682
16241
11173
42756
20523
84530
6936
61602
7442
39900
83950
92804
55501
48710
99282
12775
914
22000
40331
30047
49014
40597
21697
55016
58787
12783
19517
25383
57854
42378
16680
14300
11533
57504
96093
39291
68535
68829
86044
79115
40957
37675
73950
99156
68296
45705
16914
1
51240
73103
38846
97111
72976
30025
95361
2151
30772
55228
95615
10167
1006
31749
36902
38602
66471
19409
23102
53280
36565
75372
16369
64217
41933
93216
70154
59108
53422
24053
44201
9258
25347
37362
94636
67833
56400
79369
40876
44535
6499
91140
44812
15353
66218
63009
68718
94639
58538
61322
92197
94966
36374
8128
10014
38087
98667
61115
85513
66304
16385
27410
94116
81480
52241
17144
61106
65353
14220
18252
73652
60275
72710
10530
93302
22177
86128
31794
47268
60834
12409
22563
60080
11729
22967
57586
50960
22928
90393
95952
92308
79334
97615
13806
4505
96363
94085
9582
14565
19186
95091
14906
58171
11839
32899
81773
85238
39513
83091
21589
27594
62847
77899
84178
44525
62786
45616
65836
1384
25036
38864
44709
31136
73679
6490
8032
88963
67078
5898
93145
80078
93764
39662
17232
37153
18816
93647
73986
77984
254
22522
62692
58752
37359
27863
29255
74561
19829
7421
9405
18631
74674
67785
32246
4944
71816
36407
62106
37843
29850
39320
97502
72171
35384
77418
78940
56248
22342
17442
50908
63279
48901
74504
56373
63773
71666
81156
9688
74716
94897
72068
10755
91012
90502
59766
12643
38282
782
1676
64016
99374
84483
27818
63646
37015
82999
24602
94124
7223
48585
17645
2354
39435
9503
94520
45139
59697
13088
68256
22170
61401
94707
34488
58400
98100
34024
91177
79540
30987
22315
73176
11444
70478
88401
43500
78130
65888
84155
9813
22127
70617
89430
77538
67752
60400
61313
93657
45233
14027
25139
97461
83467
16835
98811
96839
85718
76255
91807
68996
48104
9173
46844
47704
29715
69642
2760
22700
45373
75838
60379
93559
98536
46431
18638
23797
69189
17762
45234
69698
81600
52328
94000
3842
56064
98941
94237
86077
32099
67781
59680
78715
17846
69275
39130
57191
26815
37321
51517
57766
26013
29364
45039
66971
86035
45341
89504
43155
32577
69710
27908
58403
45779
43320
31878
57505
7179
47765
17780
77852
1363
9125
69814
2969
29194
99804
95878
18470
17200
68288
89941
57302
91094
61297
22564
93572
42707
14014
15151
98229
1636
89222
38789
7744
9888
96775
61387
96543
24761
376
40761
43386
77259
33639
30225
65694
70976
28185
83221
57971
55219
65525
29049
54759
24412
36860
50585
1849
37217
7519
96930
74663
14926
86599
78424
52603
46056
2742
43052
17646
88821
90721
21473
7604
76905
66150
26948
60591
65873
56343
30455
10032
12229
78161
62532
60337
62362
26161
56364
54213
91427
44458
35618
80088
26194
18588
25452
73930
73389
38199
62871
77582
7477
64725
37441
78799
14161
33926
58341
7808
61682
2681
62241
6903
68018
40856
98947
2203
77568
23323
15437
86595
31146
39680
22458
95909
81900
57607
95610
64035
29516
45873
91761
19107
94425
64379
32481
23445
45351
1168
33324
38722
50982
58257
48826
39573
11512
96303
87462
66483
46752
28006
21683
94772
37140
25896
18749
37616
17236
65722
29815
59250
19266
41972
67085
62919
20117
9178
92148
62935
34296
97023
50870
31611
63606
10309
5872
49739
26214
94288
9359
21707
1340
45611
59104
69341
52642
97822
18369
97124
65767
70835
63988
88992
78446
3149
28784
6710
39891
10064
99275
37997
74082
59521
99369
32451
75842
95114
9477
75766
31736
32260
87127
60779
65720
68130
10925
6598
24777
76919
95217
3590
10161
89182
58905
81688
50943
30244
2573
34703
51688
71418
41105
74022
31275
37916
23905
54855
52718
66330
25575
92559
36956
9051
11800
6225
33705
76185
69735
37157
9215
53904
30649
18555
55125
7809
70806
3496
54395
34401
75059
92177
46552
78072
6455
10185
18185
69542
1071
25035
12556
45377
64438
61415
44957
10224
40084
51463
22290
50978
47389
23233
97106
54164
7354
28342
47132
27856
45689
61321
43330
78049
80481
30221
16299
45151
84440
48063
40629
83230
45172
25684
67501
35790
44926
45935
85398
26047
13704
63164
86017
43804
40080
23686
66839
91473
21614
80882
87273
65704
7056
63200
54199
51355
20409
25714
81174
84885
51205
8852
60465
38588
51804
55245
41439
2451
59312
10335
4493
4005
858
89534
15679
34593
2506
71823
9276
99677
65338
70270
49734
72617
69724
48444
30756
39274
49582
89521
35705
1436
38621
4263
11449
928
31103
19387
36240
67508
31335
70691
21024
66680
80021
28149
5872
48093
88872
15905
5308
54514
1829
29276
52262
33511
882
97700
68005
41673
71682
26633
31306
8474
33616
19279
57887
94636
6995
92185
76634
85290
95201
11532
74088
66360
28464
86209
95105
92034
75585
68875
150
88408
4391
77934
80611
29684
48986
31169
38642
26888
939
26877
69230
80616
34177
298
76160
25273
7052
44028
25341
61520
43191
40948
54625
24569
1052
87917
18145
33400
58592
54400
72024
27813
12494
64786
89479
9161
97265
15882
27758
57049
45214
64024
27199
76979
1677
3484
99796
2175
41493
8059
81787
11976
87440
58161
88872
95446
70360
91714
88506
89001
11017
56931
83559
57852
87196
53306
98595
46974
60854
10007
22728
78069
20025
5483
51207
41311
32943
23332
25307
19934
40714
61000
55693
78398
36599
46884
74523
14663
8306
61001
90579
7135
41518
92749
12999
68903
93741
47689
79264
99135
2852
16605
16988
62811
67208
11427
15060
19602
36889
3319
87345
98762
38512
29603
53613
51537
28741
33003
72703
41361
54680
11018
76187
98134
13015
72122
84911
67179
59961
15654
39688
83793
20468
15169
82209
77014
31899
4580
63008
12470
82322
67524
98064
96503
75362
34142
10038
93955
72882
72592
12363
5140
30049
87297
44954
85651
77787
84785
73345
34983
95690
63876
57567
24993
3070
20830
92091
80313
81719
81990
10468
34249
73011
47296
79775
69581
33511
72127
46607
58566
2490
44176
66049
44598
72400
61520
7235
38417
53582
94706
41384
95650
89036
64056
50829
62427
87884
31762
70165
93986
66016
35278
23208
97258
16691
676
6831
46284
58647
78945
45212
1586
38289
56686
12460
78195
13770
8952
9245
38926
606
14929
4719
81152
58506
37335
43560
88723
90735
23070
26712
13644
12458
21470
56370
73108
97816
29778
51884
40750
86031
98068
31384
75964
75545
7269
23142
8375
85863
63248
24831
88913
4653
63230
77311
38459
28390
33060
33272
88283
84110
59671
66544
90333
58660
3429
59845
76581
66468
37779
24844
33697
5156
38660
12769
76124
66182
47701
84496
4490
92659
74696
2253
8092
27327
87080
18279
25949
90556
35619
39680
69636
78812
10435
84004
45805
89564
63384
49014
3799
88556
63610
33332
33696
98509
68865
65628
36495
20340
8842
7348
38138
63825
20285
74309
93268
70857
84883
23704
29084
20224
66746
3042
2768
10223
97646
45963
15940
23132
73070
15233
10007
1594
76711
18231
60441
51810
99478
95807
47045
71064
67374
74890
20686
91116
40535
58588
86750
62402
24213
60753
50799
12216
52246
2921
23996
97222
59998
8893
41305
22168
78491
79992
25613
41143
65375
1897
73998
24012
17916
11729
53321
99991
4036
18576
50091
16276
41526
25146
95875
56978
17659
71148
13992
97557
9270
50283
7075
58779
55420
18281
61320
56263
83997
72782
58155
66313
37933
93725
86518
39722
37563
31264
47466
14912
72476
75920
9569
16644
47200
76761
99367
50127
23863
88869
93023
14487
54490
9415
6094
98
6436
5306
7541
74164
5423
42633
34839
86083
8975
21807
80309
80806
42590
64910
13816
18027
41793
39907
4933
22247
90782
56991
26322
37979
84102
16304
43665
26948
32838
36128
86570
44906
51653
42248
76234
66920
79077
19363
83261
2261
62041
390
81420
96787
26425
88044
91134
49671
39101
49900
83396
54514
81342
5562
94904
44140
24228
64680
75057
12152
7503
39709
89582
76680
98906
73857
10399
90093
53033
76646
60487
35266
37169
15644
20951
48973
93372
15246
52506
33862
54412
23460
57975
15303
28672
68389
98903
8415
3200
82438
94442
81092
32675
32636
48181
1211
52547
27802
29214
49618
41106
4382
35312
84310
84218
26374
99149
29253
58830
43647
14377
57309
35121
72493
28523
82055
60719
61835
66708
49213
50141
4802
16563
88881
63351
3994
33490
57379
59555
45176
91990
73787
75056
67163
89275
7945
69726
94901
55339
63485
18296
59312
20336
52989
78885
8349
71448
72840
24172
5025
8845
37730
20065
83571
47227
65060
56175
29819
1215
42172
8762
78545
89621
8298
75799
98485
53158
41504
48051
96541
57053
49951
80673
31585
43057
30751
33665
82266
67557
61902
75915
3284
40603
53709
9078
74850
77653
99160
80092
44310
36676
1767
29833
49222
98024
77017
47450
22110
73801
20107
68504
16128
63661
52808
59146
26564
41206
32365
13551
67924
98924
15872
23375
57996
36880
92960
78455
49274
54887
99751
47581
23859
80074
89023
55508
82869
53030
91186
33449
29620
48744
69916
9076
84660
78989
94692
48715
21072
16945
1151
80992
6662
11612
30241
87574
5778
51037
40959
32516
29572
27955
13344
48405
42765
30271
7449
52269
99798
77561
62899
12991
6890
94650
62334
42976
95140
91212
99911
50622
65254
73508
26709
37576
57600
97046
1453
13415
9685
18796
86436
47599
83116
17815
76697
81832
25381
16661
13864
60241
43878
350
54704
27804
72479
63668
50683
97394
86692
93445
62650
61070
12735
52482
48650
90356
93987
42562
76879
64442
99931
42902
5114
9880
85279
17106
8626
97282
33997
94438
14817
69882
72025
71399
70082
52386
58824
6463
36128
64268
58650
34542
55836
14578
82620
80187
68693
4166
73919
82067
65665
16809
13222
59680
73556
82142
43786
62971
90099
29929
558
57729
64999
37262
84366
61913
1273
20599
88188
5376
24359
39617
53002
1249
98984
81396
6740
16930
94528
76364
62558
98006
43329
65866
86175
69541
80027
53140
86441
69406
97294
18736
54989
96734
96246
80269
73057
88414
40251
7631
14590
18268
73441
99931
8061
39585
71932
71819
18241
55778
539
9561
42207
47718
42143
67850
70215
8235
62151
37870
47539
3953
1277
25985
20820
52065
2967
26843
98764
67193
47332
73977
16149
44218
3882
41144
92192
6208
11163
10427
36224
43511
67464
75749
54756
4839
46980
97129
87936
65519
37533
22172
80726
3211
19467
40671
64463
26072
39172
41855
5693
73499
79386
84588
55478
73854
87417
92964
75525
27030
37791
68699
27212
47926
21382
5813
55399
92128
90785
47946
25035
57501
83612
90423
21139
86778
44696
49367
1083
75399
34210
96353
13887
34179
27123
11685
94621
91719
34391
67319
52826
63291
18943
13074
78694
15374
15416
21008
53539
58398
85056
51573
68563
85479
42020
2801
67098
85053
45529
48321
26141
96097
22167
63350
61311
23757
92516
106
41251
47821
53784
76196
13370
57115
92782
81298
84199
21703
36771
75511
30576
76935
81119
8384
90578
40892
86233
27014
64273
60781
66909
80385
74225
60732
61637
63012
62572
82404
12802
5930
17294
47848
80620
73381
75604
87141
60627
97978
6376
90246
30456
99274
99996
4237
25748
62550
49941
46692
75034
25836
26337
35819
69931
78597
90265
21422
70035
96255
50708
70946
30195
40153
37462
47294
13543
70400
47608
4914
85890
21737
50692
74908
81026
52262
72430
11583
35660
97874
71280
1573
29896
40417
5955
4478
1554
338
30671
36853
62224
62567
71043
36852
65986
84295
80319
87425
97693
69682
69195
15595
48345
43675
73574
8387
79047
92390
12411
81868
26835
34001
31019
63136
80235
39768
2499
32281
2016
6420
72395
42468
60597
16540
68835
7713
1197
74147
78218
65627
90357
20849
86281
18492
58346
71855
41081
24535
3561
36598
31578
87626
33180
10474
19259
55480
29770
13244
73217
35977
5490
42764
91296
25026
27870
67887
2125
90077
37154
99227
57824
37898
823
7488
41781
89300
80788
53136
35077
85327
76770
99334
1382
78046
53817
59136
70696
53551
82465
84055
58
19603
14362
35965
79178
93897
22665
20133
81489
40457
34839
53980
17240
23600
71531
91789
17193
64749
98173
74094
94974
51845
19956
60536
59103
26963
80832
48913
33184
90560
88737
25001
12445
26776
26008
19313
78113
97314
82987
35912
33344
56165
48096
86087
75349
66593
39441
90770
32893
23571
74286
97174
62793
33036
44191
97224
91398
13623
35505
35742
74337
22930
53271
48278
97586
50944
18326
9122
35267
61717
1937
43789
93952
40959
43774
52723
3845
7655
33878
5665
96827
24979
30654
54650
28166
17634
59099
28893
52705
72789
95153
65641
56569
88026
24841
69170
8036
9575
58072
11539
95493
4563
57249
7915
794
7042
75539
13725
98860
87539
12086
48629
48590
18265
32996
57150
32498
54658
95246
1465
83306
11348
64133
2208
664
60445
78555
99258
7815
27728
63089
66134
66484
19709
38919
26104
68638
29986
12831
18783
76347
40615
36971
80449
44356
98286
54821
92160
36055
53292
98046
46446
80245
46204
44704
38923
51560
53545
19643
30674
49199
75213
74068
19629
3856
86621
78845
39044
81726
11311
13841
46087
51361
60039
14552
36125
95405
26986
96500
44943
28598
48334
68407
13982
68021
15307
77331
1305
5137
24522
10439
74808
8344
51309
20978
94409
62727
46269
56259
12138
58397
81945
8372
79632
16686
30404
19737
39396
16820
36168
24805
60619
67398
88212
93800
43846
92439
84134
13911
83945
77339
19903
62550
53569
16394
23181
39454
6974
4815
89657
3214
17594
10723
12671
78254
52665
82600
35611
4702
84894
82529
98812
19579
34787
70215
58297
60503
94348
61576
35748
45645
53725
80475
81998
69174
15782
36932
88257
89419
83185
18901
20783
82973
88507
76811
90200
99749
21426
57679
24648
18365
41428
40606
76099
8743
85324
26107
81865
59628
98908
70482
36445
20453
77144
34269
40077
29400
65521
68561
75690
83694
388
25421
36119
2859
7419
11513
92012
99943
19613
10278
60345
33587
93567
38612
83776
6866
40376
40988
11739
28809
772
22
57473
42933
75496
50389
66989
39802
35820
58832
57984
28477
29190
46356
76736
30041
25015
8525
58855
51262
35730
47100
49742
73753
41673
47287
73125
72472
6570
18329
81784
59274
80280
53969
61227
71497
24356
67426
40636
71199
27003
46574
76060
22100
46334
32637
63726
93004
59322
40139
29696
8589
20807
16071
43489
39649
36526
14597
50100
34156
74797
89468
86814
49016
89489
25966
16719
82882
44256
6567
79619
3386
50188
87010
78261
95125
98581
48191
40159
47863
35283
703
21670
76958
34235
49417
69546
63068
15063
67739
47612
37290
23550
2068
47027
84053
20092
39395
57151
76387
11708
89917
66109
38057
10186
4071
79243
24985
84627
9045
90379
46553
79411
9514
3567
31604
99585
53670
42901
13283
77973
17348
16972
18451
17546
3005
19037
1219
96802
52331
14042
87705
38984
77135
58363
71945
1628
79676
62770
12112
89351
33027
62981
16678
60101
17768
69504
31284
47559
34923
86784
63267
81669
55864
90134
28306
81137
17672
12173
16878
39718
71963
90525
65111
87999
10916
81995
65711
48485
20680
78552
61365
13594
24546
57136
99621
14989
42187
2343
8957
72563
7789
38142
643
98983
48319
22924
120
60175
57198
17981
78830
65401
30101
22435
26504
91809
97705
58910
50625
15645
17111
36253
67649
22375
38963
2605
96859
51473
32192
49127
70016
44905
64775
78336
82006
17887
22836
97010
42679
6928
37096
11448
7991
72180
40607
61779
71898
75549
38064
16998
88278
10189
85898
94029
57341
94732
62922
49625
68669
7924
18340
79383
77404
77362
81672
33215
61917
5167
599
63707
12718
90407
53227
82853
19922
71968
65932
90580
25267
94843
82689
10735
18703
86810
35995
83899
11038
39603
5909
97791
73041
71740
34633
79929
12836
50997
2176
49043
21009
46222
43893
89719
22252
33813
61098
77574
41912
84151
99938
15393
31241
26167
22881
56195
38576
49740
81802
38748
20475
41771
92996
5538
96965
9444
54762
60456
77819
56668
14544
16764
12021
78576
95764
58807
49599
74976
80893
54482
12431
88075
69716
12765
81974
44481
71782
39048
25453
35386
92943
86704
88630
40364
42622
97171
49944
53533
94763
76315
17764
25330
4401
9679
48954
42898
1651
56609
15982
62050
15661
18334
51944
78913
8548
38887
52074
14246
15297
91323
57136
2757
4285
84904
90104
63592
713
23029
98304
41664
35278
77157
20124
67801
46455
22913
24566
26232
4157
52966
39123
59562
94877
56385
61875
930
41884
20920
96459
14324
54748
74473
82984
26210
91911
85290
7905
97907
82304
