10000
65762
51827
19741
34577
38293
21404
90843
835
4174
9316
61426
65696
72553
9062
77129
36896
23364
1364
87155
54926
86362
49843
10796
47123
37490
86898
21636
1268
95066
67271
45723
86278
26805
75102
20385
35807
32034
35463
12485
92414
93387
91380
43537
88243
99688
13967
74918
92543
16298
4818
63200
29081
6988
52971
56693
93265
74849
85169
30081
94130
34337
3979
88620
10333
72604
66761
88939
98178
41681
71951
23341
87273
44836
50981
90001
43586
47567
36315
76888
78033
71049
3022
310
49518
39890
96488
75887
89607
33959
28896
74667
63475
3744
14096
72209
92354
34929
21852
61973
26442
41421
85449
57254
56386
10372
4753
58665
94178
16709
86540
65035
79790
49725
80560
96327
34136
31470
77071
35328
56402
62175
90926
90910
32854
93462
89851
828
21225
2876
73360
66182
80788
71093
75671
5860
703
71794
47331
66717
45059
60321
9895
12780
43805
27030
63713
45283
68732
15684
68766
87827
27940
44079
87894
79858
72102
40764
66561
54509
34546
44172
65723
49488
16831
97834
79959
87289
15665
58843
62382
59773
13844
21472
16121
8270
24517
32880
98163
51877
1126
3989
86151
19271
77867
89898
94071
78177
83812
27385
42888
6377
44417
76102
2081
77396
22837
92630
20114
16245
45185
58157
56347
33504
78887
35277
6117
15525
62755
35271
5090
93565
66859
23260
86236
88439
60074
39191
1486
68990
29464
18228
75909
8625
89579
86345
71265
80785
74847
8732
27003
43467
31485
54271
86553
700
1233
509
78477
75765
78859
94149
3036
96354
56197
5788
61511
55861
10700
77018
35755
4756
26760
24351
38493
95654
77608
74262
38167
87449
28945
71457
30219
12203
24491
6418
61562
88658
12583
77128
46598
92919
11090
68169
88386
42829
93390
31971
56023
42405
81987
26973
17184
22634
58416
90119
3113
26811
60191
32467
66428
6550
65879
20868
3576
58641
67130
67859
8683
15865
81968
81590
40585
22373
51868
84062
5115
91659
14065
8881
40779
630
37172
62244
67864
23821
8579
30322
82161
64526
8846
87935
81722
70800
25733
40486
90401
84435
1485
51247
7275
45477
91540
50736
82611
33563
77104
44621
52866
25069
90008
91064
83551
57663
71859
92822
57528
34502
74774
15567
21193
49541
8197
81105
1645
3866
13867
44484
61807
70855
96126
49593
60181
63014
74452
189
36043
53557
5035
36477
71314
11970
99494
91995
54156
38189
37150
40913
79901
61934
55467
71963
74924
91610
63141
56105
61414
24508
52699
29578
6922
71225
6776
72819
71291
94137
74869
88879
57927
87820
93566
24624
98531
1144
84957
24481
65795
42977
89940
15991
56993
18347
67835
92124
99013
55462
58774
35551
15724
91164
58108
59178
65723
50231
8682
83444
12792
22418
32312
71489
21710
33040
52912
55683
81454
43448
77231
684
46253
89466
65022
33371
5358
33973
40280
53449
65726
55620
98213
77511
81515
65163
1469
80986
43130
16694
40088
43808
70561
19555
93371
17986
42070
35252
83360
42001
65757
66997
87617
52818
62452
93100
69611
76311
80685
53126
10393
40548
64587
97989
78297
77891
93798
99966
83821
25704
49684
72769
97830
79787
59158
19391
85184
33251
61689
12803
13610
82008
24425
53012
24937
87886
96636
3034
74979
28874
69627
51101
57082
9794
96109
75510
67563
70124
89266
88970
4444
99264
5142
25917
74246
18876
72108
50652
4984
40516
34127
99348
99331
27241
86807
7392
35945
98298
5929
41952
3580
19236
6287
7153
14485
50198
81987
33141
24837
92826
63056
74931
4969
16723
81468
86173
85186
28528
43821
34137
30715
47652
58606
8298
88960
43009
97482
41166
89408
41869
77772
87077
15798
4820
37555
45208
94253
62449
98275
56671
81715
59452
79148
69569
69926
72142
55719
76884
40950
75409
80610
68392
31139
44966
23095
62749
5327
58872
57813
42846
41792
97286
41684
27802
58356
95490
73160
57443
8583
89542
69869
78092
57731
36983
34239
53449
70865
32163
16789
84948
61188
32705
40799
40639
95969
61110
34937
40898
95437
6175
11152
16122
19146
78458
7034
71657
88614
96590
6991
67285
55900
85406
78055
6186
74341
69265
11008
64219
69873
25812
30145
77775
50084
57722
79774
2202
1236
23704
55388
2765
41457
63960
828
65019
15662
58862
25815
16749
90970
11620
33543
97036
6785
76580
59891
79393
27567
7661
37796
7520
90756
30922
41468
993
35058
73996
76372
4109
56757
96884
84755
48516
48590
4055
21866
61195
45345
58983
30859
77205
27673
57570
78522
35970
29438
23271
50108
42131
32074
489
32869
50443
6536
65214
55902
24920
94202
58430
12721
93423
66865
13515
72908
31070
76484
43519
67718
14192
4486
62363
9388
8218
43280
12879
15796
55410
39127
74034
37566
60012
34790
6878
75032
45359
39737
13781
37241
77778
21443
54581
63127
50589
21449
82587
50298
99698
67920
85606
10255
85689
74916
62151
42180
61786
39983
17359
95097
15019
20954
22864
61486
37230
19175
64565
96247
83075
49160
20513
81441
43935
55945
43807
90388
63016
40600
57034
8572
87416
35940
75157
69896
73065
40335
77733
75896
95553
98876
1750
57497
3702
78077
52248
15283
69754
44346
10643
35679
56176
73016
84288
62939
29703
13545
5700
15287
30016
3742
68876
62342
8275
81517
77523
21902
95870
31113
95335
65864
21030
5561
46144
91370
41817
70860
51021
63088
39293
80668
67033
48082
68775
55536
78526
68336
32609
95619
80978
68826
95955
43914
65508
97288
49259
22982
9582
37366
41645
33806
36190
93972
1783
23707
25172
88202
34681
94387
84508
34344
37556
9648
5798
29047
7603
36562
68253
84258
99392
95894
44205
92362
46320
88462
54714
32041
78393
29875
58850
97732
45484
85945
65915
8725
20015
58482
32574
76155
44354
46721
82077
44234
15274
34057
24812
62232
25554
33228
81816
11284
20231
4683
40051
18253
38016
46127
44988
81006
27109
862
22787
24640
82444
44009
72571
9455
38700
81615
94418
41222
51959
17480
86698
1116
8035
16212
71310
25547
73331
52654
15593
35254
88147
40308
1813
9394
25671
71225
87298
54975
74805
30572
43622
16417
94142
13747
411
1513
46048
55247
34507
68268
7552
98524
22604
50202
21196
46669
87797
561
53894
70240
37689
50311
56759
91132
33532
68024
86483
48481
42131
96907
90308
18795
8397
90330
89202
46027
78613
17877
43968
55471
72200
30981
85275
87221
40963
66004
25506
75558
44110
40928
76634
50384
49739
31585
7684
29630
54951
21995
49660
51617
53489
47182
3935
27746
10299
78184
11936
3291
9708
36981
34051
57210
32981
74683
18683
71191
48017
34224
61424
28963
81353
67876
71088
17453
75123
32734
37200
60240
420
30920
30681
64141
50884
56396
41464
47546
37253
48112
48272
27625
98716
12142
63549
44236
69109
40333
54952
79866
65120
83100
9010
86884
79368
56934
93893
94708
53263
38990
87189
94309
71199
28291
35602
20913
49439
13540
54413
59935
64637
19339
79407
61293
1584
15869
54677
67863
9243
73712
83737
84227
17099
19394
51074
37392
24207
14514
1569
18636
13386
46116
61978
79414
98106
51624
89687
30242
70042
15802
71055
98728
53073
56324
13400
75010
92789
34470
26098
89452
68875
28622
95087
27738
49222
30256
94751
32948
96569
18477
1368
48049
59206
18509
18813
8736
68817
37095
31025
68855
73809
665
64314
22486
93625
91805
84399
75021
27859
55588
63558
97129
48082
22217
5900
18598
34520
35954
21353
34154
83548
75174
7681
88749
74643
68162
45521
12003
58751
89102
55233
77202
97890
89107
52041
44758
63163
2441
95194
44974
67462
99878
19407
36199
23254
90617
83418
90586
12255
12797
26359
49478
69226
96486
37662
65552
41132
71686
43100
5196
71733
92867
76716
17030
97385
79338
51346
87652
7246
36347
87217
47339
33795
33686
71565
36383
82890
7666
75051
43287
14397
24342
32223
94123
55757
88291
38328
28318
34461
517
74933
53270
14945
94807
90302
20692
13042
86799
3425
52087
38607
28584
79788
96914
11229
83991
55651
97076
12732
58102
41170
32138
24767
17511
39670
92918
48128
81801
85928
93160
44700
20559
66793
66620
22777
82850
12379
9145
14311
25040
86401
40659
88655
24509
17390
84848
32341
67612
99260
71481
31983
59819
817
73814
85201
30735
69724
72812
43183
69468
85346
76162
376
17590
12358
36779
74977
75908
38585
43499
79476
8437
97223
9624
93925
6289
79869
18506
36160
68493
14877
51603
78334
89850
91693
75879
69064
17241
16941
9793
14559
57428
67977
50377
74005
52084
39365
66561
44431
43302
10297
26650
76857
3121
84044
7100
48353
34086
69057
9021
42608
63187
8305
18046
95912
7441
34688
20929
87500
20794
5752
39739
79673
11467
11913
54876
40226
60437
19573
53981
16447
12730
78096
26034
5447
32421
70975
32200
31230
42619
20415
63192
59579
22031
11242
82589
34288
56331
57720
45082
30480
43053
3371
38652
11243
95255
29343
6502
57838
47128
57037
20009
89530
18723
33596
24064
56437
64979
37995
87816
59895
71606
24878
51167
60465
49865
36457
70106
24873
93764
18778
81296
29791
1086
47312
52619
71750
76373
69167
88308
96965
52073
2603
11994
77499
73326
8885
80541
89169
19718
5133
75559
52427
80786
51255
44328
9355
292
53130
52197
8370
84695
7973
52397
43290
60914
60131
42773
94607
20406
26804
73468
98299
89498
578
39904
45868
50440
20318
77400
72341
34438
54125
8038
10772
61586
56731
98120
1460
25347
51433
18348
71773
35487
19124
98810
55814
75619
61396
62776
89378
53714
91575
19914
13446
33945
21974
18327
69402
11537
14256
93858
58688
66720
80807
12027
15074
43300
86372
87723
35984
67589
13924
42526
72655
63508
23870
78072
10369
46066
41026
91094
98452
89079
83558
71337
51546
47379
61822
28406
46472
96938
63483
6918
75204
30439
59023
65941
66362
82372
73468
93263
94694
44372
85002
87466
36082
75691
62840
46112
75851
30697
88593
34742
11046
32046
81012
13557
35261
42932
90777
74565
39520
93342
58813
2550
6205
8805
74960
55095
95382
11828
7515
70394
4427
153
53418
35833
4665
65638
72195
24646
68827
5784
47927
14944
27769
39106
29665
99749
83435
45312
41805
28527
83357
8049
84180
90765
23924
11688
42043
97219
61171
74163
86992
50022
90039
29866
12049
11850
22917
30970
45041
76784
1369
41414
86317
80241
44248
36498
60123
22495
21456
97328
57272
6549
78837
29457
49948
85395
37790
34996
30154
73697
38187
48365
52379
16268
39865
74811
15219
23945
49422
85415
70373
9940
26087
52195
44963
55194
42438
16158
81175
61472
71407
70057
75487
15448
51240
33094
61214
89352
82471
29253
85173
50817
42756
54280
20663
15600
1848
94724
37368
60446
15926
78610
94413
4120
26070
90702
37928
7071
70488
69770
56196
92524
78578
7294
38543
21578
97265
86267
77377
22835
19485
7291
14384
18554
87065
42910
48193
13049
79700
82230
72919
19740
45908
78334
93716
36722
36181
49171
2965
99200
92108
56975
14068
61370
84430
54422
68449
84930
62857
92272
81055
10014
48073
38890
29286
12946
41646
83993
60488
68562
52802
59127
18483
93837
77157
14872
86992
34009
38746
12291
56866
4686
19553
38348
13687
95205
16258
11840
90301
54343
6120
14602
79875
36013
78717
92381
95566
94356
86368
34745
28324
58459
14940
77953
71067
11217
38756
56354
54549
27022
26009
72074
18868
91404
56332
91363
80536
68453
77883
94052
10349
70548
97339
29960
64139
73604
35039
32745
97378
94178
38737
33141
43716
82707
33860
89409
38177
24099
67812
24280
27154
97079
13971
80945
89408
96689
8512
98556
9326
7631
81511
22024
41640
45013
57742
44291
94116
65893
61966
56406
56146
92536
83711
58274
98090
9757
47870
49808
68562
29359
46903
23332
50507
68252
78814
59152
234
72379
29157
94320
2704
46219
61163
6187
85563
60227
9089
2143
61403
7589
62807
14141
11109
49617
88081
74983
29552
18022
11258
99286
64534
45228
94860
26145
29762
27129
34446
76717
84404
57673
11799
98447
28809
92538
75362
88698
71913
46308
3922
42930
55375
31663
2108
35437
92767
87899
28698
86946
44706
99731
4935
54528
5282
51429
48629
62398
94406
34895
94154
58118
90397
3982
72854
59052
86960
41609
43174
53318
76088
43415
13007
40893
68165
77512
49889
5756
54824
7133
99365
923
72982
6656
9445
50682
38211
7261
63385
98361
31816
42005
50993
61911
79557
89045
79831
13215
84612
85757
90092
91690
40229
58073
19860
58641
85967
5087
53329
73822
86047
64751
15936
85729
86262
82300
93043
65562
71608
58742
60459
64227
42048
37302
87582
81602
55351
20704
84570
68303
64620
15560
17652
35867
45542
27794
7602
35567
83069
51213
35393
76658
28088
75704
80939
28822
35770
74386
21972
12870
83003
7157
67753
7984
39628
36931
3336
26173
72131
36166
52813
84336
35628
99593
38929
50601
100000
99182
22567
61898
11619
61980
38371
58337
15336
90381
46314
46556
57393
45608
58281
90783
9862
74461
82594
3356
44910
67323
10785
22240
19437
90968
78371
67449
32435
62419
75675
69574
23680
61760
62178
16986
1368
6398
31859
86975
32874
23113
18648
99836
48782
34016
29765
82058
29509
80960
70124
2594
76460
28912
81868
35375
59889
57476
91627
73358
80854
17259
91076
23369
48039
41211
72436
79016
38305
15536
98159
91689
49622
1583
37186
63891
97735
96119
74310
92883
91030
42337
30065
50785
88453
28534
96427
82576
4014
40959
85596
60687
99412
75763
37991
11706
72015
64339
88949
43036
71190
20365
31373
82148
43306
70683
60590
31362
68765
46114
6919
58400
38635
76886
49037
94853
90600
15925
39695
66469
7920
89856
65657
86403
56464
2322
8321
71648
15997
13199
89356
37373
91021
85181
93510
83897
4844
721
304
30386
8921
71942
65057
91921
24629
97296
40706
85358
11430
54919
5831
70107
39915
99756
91631
59517
64245
36924
11917
88709
73169
30285
31119
35191
36783
94719
67717
2567
62992
96861
16749
77277
87639
54952
98859
66788
62592
10898
29488
60209
83409
30676
31647
17392
718
87873
99883
59047
20941
52569
19699
48593
15950
17285
76719
59969
52326
5840
21427
5203
67549
22550
80752
63765
86173
79019
93091
43059
72867
73612
67901
97240
61787
53108
63424
10488
88114
85929
53233
58970
57088
59662
24826
16451
29377
98804
47116
49980
17501
29012
61049
35348
43115
72437
69190
14787
30143
24957
87206
19502
79566
41325
38569
37037
32753
44907
95511
63726
63907
43881
64072
46077
4512
74150
97735
64511
37816
37992
46180
85420
63462
59215
16449
76690
38747
37281
96469
93227
80499
11210
26256
40926
2260
1461
66123
64590
84769
10902
84916
24613
25079
41135
29431
97624
68032
29674
77827
31210
45335
19125
94938
95066
43679
60593
22729
16376
41754
15236
93957
8258
41731
27106
64367
239
97345
80607
62511
42354
38714
69470
59546
95081
52496
27476
5207
66537
72363
70142
88438
52980
97732
96214
40234
75306
88694
4464
83270
88732
82116
82225
11085
36606
99527
64517
37173
88234
88871
31688
3249
86396
29583
24193
82938
30441
22872
6234
2190
32746
37563
98221
93400
1459
72839
71339
71805
73369
72930
24112
6598
58436
94819
90113
97173
82555
56819
67842
61770
10787
11392
76028
97653
5765
81632
57536
23749
44120
10634
54902
55038
15722
47248
96699
33771
55997
91623
36007
68912
57932
28132
90333
40412
96427
62116
32120
77503
76961
11485
30074
39900
90182
44831
85940
23603
94465
91234
85655
95182
94204
12265
8887
15677
71793
97243
30115
6285
80047
39847
70012
17482
27945
80966
89833
12878
87772
11487
30019
45470
40254
46515
804
10673
90026
21220
10374
9021
20768
6722
3363
32908
86512
87434
49650
64786
5422
38998
19071
52965
73649
73666
50207
18491
31031
68199
81580
47259
99326
63184
14916
59647
91687
41413
65203
91052
63919
78425
81644
85926
37477
28402
89852
53846
59973
88310
92361
55605
96330
50134
78803
42028
16887
10727
95621
67734
54393
64414
56088
36415
98586
38320
53696
18320
35268
26734
48404
70479
96544
58305
21059
8948
42669
64941
94806
14693
46454
4292
76935
67269
67161
15796
45086
64295
57476
45356
72149
11506
58583
29222
37173
84898
61358
28969
22000
8547
92787
57299
50575
30037
3502
67312
55806
70145
61641
29409
92093
41664
2736
35027
57583
3252
93476
76776
27951
66101
7454
28146
51122
44539
14734
84199
64742
32773
17921
91460
69325
94870
36438
54695
56130
96023
93735
77525
22470
4575
44650
42246
5794
62600
49346
7981
1392
87558
63486
24086
46235
23621
82089
65027
34099
90733
83402
93432
2981
12561
99598
98473
66530
18453
84154
4543
60222
69063
14600
23889
71348
5347
54410
90854
96884
3113
90087
64771
28642
47951
34145
50499
42813
38866
70821
46957
85234
43630
93771
83104
78367
16019
66062
85012
13698
89219
44482
67853
10718
1121
2181
37993
66120
72201
17932
629
48249
3960
40741
17037
28356
28583
55704
13705
98929
62831
45794
94114
94259
22437
49102
15191
82503
68946
91061
10969
58680
49098
1963
7293
80524
42207
85741
70032
58558
61042
65604
50428
88684
70144
61167
85061
21162
30562
66684
78502
54241
9478
64972
89255
27881
36809
48795
14328
15728
68986
98782
30218
35260
73478
46221
69381
32449
82232
16786
17498
4914
60017
22933
66923
89139
24951
35038
69656
18637
16635
45749
51468
62468
16441
88184
50728
18801
42513
99346
69611
55885
16906
89314
75649
25394
23897
19459
91739
57195
35749
98651
10392
27131
87640
66944
9368
12876
54270
89347
85462
21140
81192
36326
90524
23630
24791
17637
89867
64909
29695
68167
37838
1306
7229
41805
58249
10866
58009
17361
7573
34975
9689
34391
70037
93611
57944
59026
8501
80901
59972
72061
85060
20138
11146
41801
12520
69728
29793
14079
70556
95433
6730
51210
23535
69192
14707
17856
7704
69664
26573
16732
59016
21911
52775
63875
71101
89664
35972
74220
81785
98461
74123
58463
60339
51015
1748
77505
83605
30421
61776
34709
80067
20667
67023
59244
95834
41428
20893
47101
84093
96917
77985
34132
61116
69788
38706
4516
66371
48755
20188
83018
627
28596
67859
86105
51282
12313
87777
31036
13613
46791
74737
98775
55153
96367
19546
52493
11064
49284
20844
15009
87023
32931
86224
69434
87157
37440
53708
48701
15337
3919
54869
40818
57502
84672
33208
88781
11165
99650
43653
27617
27577
55545
33772
25181
534
42715
34207
93518
1640
45946
15633
5545
64278
40113
3414
53571
28597
26392
40336
80601
24882
61850
55120
85112
32808
40225
12039
78617
90667
33363
42956
5486
45099
5719
83013
26056
26043
78823
18585
48989
52507
60678
69207
84704
44324
80225
56866
15307
15282
46748
21476
15245
13432
79059
31567
89375
74897
57788
42808
34285
13660
22783
7158
62670
72948
46511
75312
21922
24269
9105
96858
81846
83979
95646
18425
91830
38931
85247
61657
43867
29906
35952
73499
96379
63751
523
93109
61345
63267
14402
85298
27806
53741
42513
55952
70797
59273
45807
10989
98677
6415
41675
70501
58149
17857
80887
46728
13211
41953
84474
66349
33187
90959
79643
41183
50043
12488
51381
58022
56743
15634
96643
88827
72088
72115
51277
3879
5895
97376
53507
31303
90424
81799
11633
60807
90887
4600
75688
6994
40436
36763
9574
87200
97880
56913
45342
74858
2971
26275
51667
37798
46884
36390
94513
35744
16813
12503
83846
21675
9263
99300
80067
21983
84260
30459
98266
42006
96455
7780
26967
55798
7192
19782
42799
84169
53575
33090
23838
49695
90106
67369
1642
54675
99686
19409
31896
79001
19949
22217
57944
75402
52279
79280
39142
64757
38436
8072
9714
39721
76924
16936
24224
44260
83471
56906
87417
32124
49495
96758
92276
52925
7304
84668
5235
98622
69995
71181
98192
77720
34074
83521
34242
84694
29318
58703
84680
86004
6721
31023
2451
68104
35418
21311
82117
72780
17826
31571
2091
16798
91832
8975
82321
48826
22952
26696
26526
98144
52427
73059
38583
21927
7033
38628
55937
27156
32577
77695
29015
69638
53946
99311
64975
26466
48373
87240
27708
20824
56741
43026
2319
89985
9678
32633
5609
55994
6041
43231
96771
25552
38191
69389
20328
21780
70396
30518
59925
54829
77243
46997
53186
4508
10527
9562
57613
14400
55582
18236
90257
73927
22239
6717
59899
92772
7747
35990
92404
24973
49114
29576
7675
14281
24576
77572
29768
68048
23113
15450
73603
90131
6160
34800
96388
81798
16805
91972
81715
77085
2812
28906
43373
63539
92231
15671
13984
30363
75023
15474
81495
82470
51223
75413
31104
31877
17972
79485
67464
58214
73836
7759
48082
97973
47189
45693
85592
52659
60385
14774
46892
86508
60084
26549
3171
39565
80438
93501
35850
57948
44743
38991
14514
29300
30952
1425
65879
46721
73645
33201
13955
81319
64503
97211
3781
47762
15860
58447
91140
18143
24986
78844
15755
94173
34327
52090
98429
10417
4622
89390
17050
41742
7425
11302
46982
30639
15898
59874
53841
64876
33784
44190
73025
6145
72921
63130
82197
78300
77335
96936
81165
69149
71407
40966
50190
14283
30863
97424
27857
41660
11601
92315
1433
53796
85024
66062
76716
68777
99052
52809
48937
62202
12676
10191
472
85258
83312
13469
9397
81504
25256
79263
67204
33070
30784
47494
24683
83854
26535
9750
38629
33602
22410
65117
63602
72513
58563
50428
50377
58502
84628
54258
56105
43233
37583
30268
58969
40770
83892
20911
16045
47606
56556
96249
69153
26112
98543
19697
65116
76883
82292
13678
22389
67111
44218
46963
28312
25103
14757
98086
15447
54677
78249
90266
9832
77016
60233
40661
34356
63971
15271
69926
28189
81572
38944
6614
45357
72470
88321
23034
74283
44149
89821
3211
72233
71407
46929
68473
37852
59911
71268
25265
41319
97275
37594
3793
80432
88066
30638
57550
55752
70924
28630
54638
40183
37679
97633
29135
27978
59994
2636
35530
38964
45753
29935
35639
61574
69845
46082
82908
48518
36602
61439
92660
1264
35992
82881
1266
37857
30420
17906
76956
87043
68326
93114
65173
36512
62773
31692
50104
5822
43008
55358
70490
36147
4204
3537
86989
1830
78826
3687
28847
18264
89496
98011
54809
14171
7218
17779
73328
926
35344
89139
2855
38680
44430
33751
54387
67418
84734
88362
98834
94894
49147
21671
47283
79194
65300
95676
95625
45860
50786
95725
60560
99571
25678
55092
49494
18728
28280
27903
45106
35438
15918
54791
75092
54628
70452
99008
13353
39652
19467
87107
22269
56570
9848
65278
58626
53710
45626
50285
16429
83485
57996
91390
29543
38565
51429
60306
1100
44724
58199
24903
10165
11146
59357
335
61954
80814
61465
98650
30770
67705
23175
40521
65084
86017
16904
78304
19420
39479
84326
92599
99420
35179
69115
3942
54610
73234
98403
53554
28703
41859
62552
34581
19072
80956
36582
17882
45513
58302
42240
15176
90999
39302
57192
37435
36581
4869
76072
63099
82002
73969
6526
8793
37654
34507
71595
16520
81550
63667
68175
23786
71380
49659
32422
81471
91195
45994
47168
13796
44874
68852
55439
6698
37086
58120
99283
71647
36464
46369
69577
42107
98837
30524
57691
94838
68810
93333
7313
72367
30598
37574
6066
40830
28253
20470
85110
15739
45286
33065
90113
93607
39176
63574
67827
51179
86543
66316
6507
88930
77331
13651
65461
58139
12463
24622
30596
32012
56286
51976
86677
35346
69720
24468
11742
49941
63975
24507
73506
84784
3761
52023
72169
79068
96342
36563
62645
90339
84954
31392
3054
2379
91684
45736
36466
39186
68412
35582
477
45797
99177
13186
66222
9973
27291
37685
37385
39826
26154
5350
48006
77734
55208
27181
78244
3636
96291
73554
61960
53423
91741
56337
35892
84442
20940
39982
23037
50683
50347
95926
28206
32290
94171
98208
15971
90981
11466
38818
38250
29782
39053
55180
97838
24619
74367
36966
96946
38112
2942
71787
36713
78024
32172
95952
34738
49671
26473
2129
50739
35537
379
90229
5623
14231
42291
91025
52729
82616
21034
33500
28451
63785
42465
80987
70585
22476
40708
25874
61572
64529
32848
69409
92789
94811
89086
34828
67540
8144
31468
7291
15134
301
28546
3570
71222
96718
12910
36648
97364
68092
21118
23339
88217
83630
4865
7452
56176
26691
69042
53590
21743
29936
50613
30498
59530
88905
59382
85520
65698
90658
87694
77862
12568
84688
39133
69322
78710
95746
21685
59895
22134
80484
92297
41555
97562
80253
23816
98624
5982
43347
26797
80062
34311
38605
12165
94174
33272
9985
61728
73220
90993
93106
33507
64104
16815
85170
43215
6908
51824
10432
44149
31595
65450
76618
66115
68844
22718
71127
72757
4014
67688
9729
64572
11940
31804
89684
94084
69337
7783
502
27348
13065
50015
12053
89378
26522
28963
44062
13372
4848
55863
96151
33186
90046
99179
62051
40815
79531
76761
41124
59409
9767
91853
74013
51525
37036
1112
93211
27132
38267
82254
6120
54088
44242
19099
96926
88102
76649
4446
16707
72240
27293
36928
99405
24742
10454
21753
70489
9110
82089
22304
83116
33891
19284
29146
55299
14848
33260
10525
81286
17946
63711
40491
56397
83580
26789
17585
44240
437
69145
45266
68749
61481
75467
15009
19609
67657
44423
55743
49577
72736
91224
58451
68051
83708
92699
91401
33099
11325
82644
58855
2385
1676
58687
1318
97732
29720
4164
64472
90510
24521
49549
4139
97011
39267
93475
99637
44357
8983
19195
32554
83096
71171
1003
49804
12924
19353
45743
70727
20337
34165
60787
45191
85987
2020
77392
49654
46366
10660
36573
88837
91995
53945
79605
73607
85678
32788
36213
17095
20556
48054
22906
80299
60523
86254
12664
48835
97709
107
37156
49912
24520
94857
88746
2136
54954
88330
8063
85316
86048
50947
16174
63911
15087
73922
59438
88723
28999
84796
95621
95558
75009
4325
87622
24509
43536
13614
25309
66646
37381
29995
28050
20376
44052
30815
39941
94391
49163
98924
54203
3485
22461
1275
75032
48992
72218
3906
78148
7263
25294
61057
95717
38736
7706
10188
55868
72643
1633
73871
45691
2268
86079
91812
31937
53227
84728
26918
25109
7635
13566
13766
40055
56701
49078
85261
16912
78910
11841
55543
41306
82555
33803
74458
53030
59388
13506
80432
24636
20933
17456
65495
56188
75608
77237
84138
16508
64954
80410
43580
68363
42011
71787
20822
42395
43398
6208
4826
1939
89429
13544
18271
64876
97021
18612
64834
81235
12255
33585
84092
85279
23834
22276
36982
33049
57320
28261
94254
97161
33390
84520
88184
84908
60744
48709
31758
36004
29518
87838
61800
31708
28578
30090
34694
10205
34240
81589
26307
63291
47480
18824
94133
61985
8732
30729
92285
60979
55644
33122
44791
71898
92942
86891
9815
32398
45997
755
90156
4869
68187
2687
85512
18514
95135
57613
36024
84218
37086
9510
83674
76280
84977
7824
64672
1623
30769
52139
18257
14664
83884
46751
65051
83129
50712
52284
3682
95522
93997
14651
56423
52412
11951
91561
17920
57019
90967
13130
76813
87039
85962
55259
35343
78245
35941
4041
89476
3149
63518
50530
42555
28121
93866
57264
24311
83619
98825
86331
25753
63155
55342
4859
77806
56601
6555
55834
32486
51366
65257
92936
92612
36251
65482
31418
48497
56616
75019
89697
97687
15762
71723
10990
81795
24728
19013
40929
46548
9
51019
5020
87972
60705
64377
4605
8061
41799
68945
88059
98107
89526
55256
40735
8234
90819
20339
76741
70700
93100
46572
14016
50813
68649
53504
75608
94467
86305
40101
69693
65021
82001
41470
21213
9494
18258
62142
62074
31732
88922
48365
57587
76888
76922
71100
72211
63277
29707
56706
83305
990
67500
83765
18678
5008
96579
44150
21279
1956
82493
77312
14197
68861
98293
7272
57263
86006
35437
46229
34085
54431
32319
53746
94804
71629
1584
26159
74156
8750
39616
53054
7188
56511
90795
41792
75736
18503
10899
24273
26570
75060
92173
2868
75696
27821
18496
17022
27998
95921
71520
95713
97829
10446
2834
24018
64050
93571
49313
53050
84624
47130
11143
76922
57661
18321
93723
46
75884
92104
94751
84625
36137
35633
81903
40380
63980
33705
33179
62818
2254
43306
64951
54019
89905
60760
9157
61914
9748
41415
34562
3037
53928
27950
36866
73216
64554
1763
58666
63783
28085
51401
17536
42745
61200
75609
73267
25805
16164
29505
78862
47975
19419
75284
85830
4780
27858
47012
52046
37037
36924
92371
65126
34715
93714
53185
92762
75877
16779
4284
3666
60551
89315
34380
67137
8614
67748
39099
82897
68128
27945
3405
10386
25396
91504
40666
92588
33403
4795
67697
81781
28333
58440
99556
94469
85601
24397
31272
61286
39796
74701
64527
95962
48550
74207
62953
67143
84003
75220
56726
78380
75671
75168
32860
47394
43155
78183
72028
66836
28923
20017
27638
96099
89194
19097
73848
18889
28138
6184
1798
58631
68515
2762
14028
98891
75445
68323
79496
26926
1559
50105
63647
64150
75772
89036
23072
32211
55956
70517
87510
72002
22563
42637
84569
27963
81237
30565
63925
48193
348
77959
27130
31667
24127
42917
9816
72413
65256
2677
82868
32129
91113
59933
82391
25947
77048
21190
23597
59786
56046
81120
78435
74770
41244
15497
76171
18323
6219
3361
52779
25882
4041
69961
5585
58925
73696
67
17372
27620
98137
67517
79721
63122
86665
26203
92676
37169
14089
76056
79953
62371
63756
83406
59943
64692
81632
12494
56224
82263
47110
74990
80260
87680
9895
79400
44206
79455
22111
96704
38273
26435
28564
64310
38848
85281
90639
85213
74157
79657
52693
14047
59127
98717
26928
70531
3523
70552
55830
20722
62089
34678
50125
13110
59139
74307
30801
95358
19555
67864
23139
2879
60886
15051
10529
66996
87548
80592
94790
94545
68289
45804
2533
54922
93873
39649
47176
78531
40582
6626
63001
94740
52080
68861
97298
89806
71302
9973
55350
92352
41315
20355
44214
24029
79810
14843
9730
45776
52347
99294
76700
91995
18167
77217
71798
35477
50867
26188
50527
81331
77813
69824
42814
49412
62742
84802
49976
39443
99200
23912
65327
84190
47736
13589
2602
30853
28214
96092
42128
20809
62521
85458
42757
34206
19176
7538
12876
56099
16679
62348
24069
42095
50360
16253
90163
15086
14459
15212
55782
85174
39407
9616
12714
63574
95105
898
56560
71839
3608
828
84194
25571
51229
83435
32510
68310
49817
52172
27958
31743
24984
61343
62956
82891
39673
7965
75762
77957
84544
78302
33840
54158
16111
31055
28639
8168
37811
62667
35036
56012
99045
83664
24160
36910
25438
46462
78626
47931
40682
57883
76603
88674
11067
58335
35843
80830
65837
50416
4077
92216
46803
69280
60290
27835
11473
27843
66800
99874
2550
8176
65947
10870
92746
93749
87863
32190
96294
59817
827
45777
71342
47717
42507
74545
70984
68094
94480
35327
25223
79410
39657
41010
57132
14881
61997
68043
31633
18273
69267
95226
90933
49686
41958
10354
5233
4593
73800
38435
44266
37163
45355
24996
39917
16298
82451
8916
50484
31930
18713
19725
46727
52328
51215
49165
22223
96076
88732
84349
29808
10070
19100
41078
21841
58932
98925
77708
9982
57244
9637
11645
46950
97894
78846
54956
78749
16784
89981
46470
281
90745
74329
4927
14512
71530
47763
16967
18850
88039
26350
82693
104
21037
92751
60403
90926
48737
26352
57172
60686
89179
49540
18397
34651
83476
91305
60979
62811
31198
69497
56441
25567
9720
96891
19335
47910
93026
78246
73725
52583
68692
49702
68434
887
91802
19606
61516
14351
1382
33561
54722
9986
72139
34210
57635
24341
65331
17022
22001
13861
81057
15409
11896
60680
49148
38047
52501
98065
23519
7736
58445
67856
80566
45741
10521
70401
14922
93823
94643
72084
19885
20387
70224
36405
35893
37591
49184
34757
90945
31263
83549
59171
24618
33195
98067
40686
65023
3564
16711
95727
5504
42718
19063
96858
91386
68544
97588
84516
1663
11914
4990
37658
43765
1831
44848
83036
63692
76001
37306
75140
67348
11039
52870
57588
63045
37706
20060
61386
90910
20457
62625
9058
72033
89035
76308
39840
69052
5005
163
96388
26360
37053
13854
97572
50437
5980
71607
15733
76813
32876
31845
66203
51549
36166
95327
31493
50712
5306
93243
85238
94010
38190
43255
77509
81601
46480
3708
91394
85369
48085
53750
41616
79532
74570
39695
36984
221
56487
55894
35020
42804
75590
2147
71405
44039
52519
33564
60160
98951
3499
91379
18384
79180
3646
16145
17505
95251
51693
87939
77125
92202
3097
2211
1715
62271
35761
52097
16498
34311
43545
57002
85683
64467
64503
38857
46960
2293
2465
87676
40781
30619
31572
25619
37672
11392
29186
79224
79092
65710
55759
29412
22759
47706
14190
48773
70242
51042
17717
19803
74554
72207
28651
41163
61300
49965
73249
19108
82137
52377
25991
94549
52138
34294
72018
81734
29118
18295
60125
39026
41683
34632
74642
67164
1662
999
22211
34105
19560
11979
81861
12219
24574
1734
38271
67307
47070
64605
86431
76748
69141
50443
49263
74943
17441
35362
22386
49799
11100
34311
93530
74849
49558
59869
53606
32044
18204
78640
12669
42129
68967
54004
79449
12551
68418
51230
8869
5202
74431
66107
63737
81644
94880
18565
26106
60163
36684
28951
89532
18010
31630
11965
38122
35439
58846
40749
31739
17721
84322
25003
45133
14714
16075
1783
94607
53028
7780
84890
74054
66212
31161
13909
77260
83827
27980
55388
17647
78872
48614
14179
90637
79361
7682
54439
27480
25562
76410
21600
30476
84060
67778
28348
69693
47982
21007
67369
10686
35651
37033
76636
28527
15536
96397
48764
36394
78666
70316
80229
47434
23668
50584
13502
28523
86112
13084
60484
94533
71171
73534
57785
88633
48788
27355
66575
85256
46298
20987
87330
2869
84084
47520
54596
56353
79066
44114
74715
79539
15672
3133
45369
45036
69566
46465
57975
13244
58737
53813
44863
35513
37901
13028
18729
99000
43214
45420
28171
63526
41632
37583
21068
93790
9996
12513
78104
52443
69151
87042
60885
58610
49187
56968
37413
48940
11378
79578
31430
69508
53938
69724
1755
91345
37600
41789
96093
16392
21282
52917
76939
17653
22203
90577
2331
97989
14161
44461
55613
6255
63614
32221
33592
6907
32155
91800
97600
67307
67147
35545
55236
82730
88820
85058
44198
72048
46408
84793
48915
42340
77919
10965
16245
64437
52318
70604
66460
80914
23913
49144
46096
31568
60524
27996
88229
21826
55365
28839
1886
60065
31990
62238
58276
59591
91400
37751
75474
55748
65156
97890
8177
8784
24061
29745
27993
757
21355
78061
73225
95928
64724
66618
56111
85742
64341
21753
6738
3627
12498
75061
5659
68538
42335
31882
69791
19316
47942
82031
52940
64006
93306
60188
6936
68200
24284
73539
56309
24117
68491
14032
57820
47999
33272
39423
52004
55088
79230
86249
73857
14423
18395
28830
92112
68416
18500
43513
72535
16321
52162
10281
49077
37915
44656
13863
4676
88271
3043
82755
81715
84159
69669
7708
995
72814
53137
59102
81147
43724
58248
47735
16010
55087
37706
27252
77850
36383
19588
98485
46884
62663
13550
39116
26747
9217
62609
94432
39109
84799
50091
90768
70304
34463
76326
68679
30439
24404
21664
59764
56477
99696
38461
82187
96321
30534
73082
27726
67101
95141
50535
4216
42027
93659
27024
28234
42465
61514
13284
41747
65662
44764
69818
51890
53483
4447
65847
30122
26686
32122
79623
91454
18811
45545
43806
38664
23331
75570
19111
87385
82304
81048
73826
50478
54471
39634
33884
24251
72064
88983
79759
35685
50683
71341
91385
11535
41965
69034
7695
56875
68172
40119
79608
95918
62915
54638
84884
93768
97908
76173
85345
65958
48725
665
80525
26739
16897
74587
89999
8423
39861
6190
49890
35821
85284
71119
42939
46662
19622
44737
99219
54722
96443
57561
22708
44277
72802
33063
33432
3846
48853
6780
19824
32291
37188
1022
84217
27362
84543
48404
83397
70414
39845
66431
22579
88010
97341
80694
92314
92967
45469
62646
30573
45978
53041
90848
55721
50059
94119
91369
18055
85362
26883
55214
86022
23775
5953
2390
15029
90823
95651
10426
70934
88547
18082
39679
94799
36892
15072
18766
13622
58267
18653
11192
44694
88687
82480
4456
94467
14698
91940
34497
11503
38119
29485
90952
54008
23677
49526
36991
71864
50058
31994
11579
96348
13239
58420
77263
91181
15705
10745
84647
19323
85655
58486
66875
18785
88905
69351
19703
2783
6215
92668
25768
85268
16424
88605
26927
44080
18235
44171
31772
74739
26914
80684
52825
46821
52064
8702
26742
17012
70939
70441
99304
32641
28140
98051
71697
29697
7263
41795
67355
50058
88479
43508
62153
32551
7949
25696
85109
77340
67026
65291
85183
71906
53628
54337
24290
34975
40967
42311
42155
17508
32439
88340
24112
73641
74614
76861
26479
40989
38754
60206
17159
76619
24246
73695
47706
42343
18539
71656
15394
17832
55109
3865
20070
14320
2625
48379
40210
489
42314
76881
56180
14433
68598
83916
39863
27911
5250
78513
83653
67558
45087
35359
33633
98773
99755
8328
2371
54
17551
53836
90107
13693
55386
91360
63260
2413
97338
19536
65561
47303
35804
2986
23317
58798
35772
25347
472
49109
29618
93537
45357
719
23718
12477
85474
32452
11570
95112
86041
38015
42294
83186
60677
91749
34278
68871
76294
77964
62617
1381
61662
8735
63764
20663
72397
34403
46039
38869
57847
56180
82063
17602
78859
2026
46910
1224
65578
61411
99892
92669
85428
4671
23482
63598
82045
74643
41462
92499
83694
73478
19485
26231
7190
51911
76077
13447
75106
29624
37567
72412
51209
97456
89962
2360
60394
1800
26897
94933
1556
88923
83892
14562
94403
21690
31025
76260
2642
4918
30283
65075
90620
1250
67872
10964
54392
43682
83383
86781
615
76882
45908
36640
25981
90630
40622
35938
39522
19410
86763
3454
19884
13483
87841
42302
25980
66954
27188
12924
20720
79014
42216
18432
11959
11958
99999
56474
15430
86363
36092
86974
45255
80880
44151
44366
45823
89811
40651
31135
17122
30664
71800
88167
58051
93414
78524
24279
44270
67911
94199
24934
10130
80824
93168
10845
58966
34702
17404
81779
42517
86978
35169
45462
85486
68149
14652
5
10324
19368
51365
48337
71967
99284
44551
78722
29219
66583
95605
597
67362
64285
78110
90849
83086
43903
93501
45954
3040
15689
60446
76699
55709
33181
81978
9750
87183
59709
39727
60479
61751
32336
84999
64084
26846
91194
11932
17532
3485
81998
37983
64902
31973
59741
65757
5176
32510
73858
11063
39371
11453
70336
27344
18366
47795
22730
5845
8318
93160
45855
91430
10830
10429
15384
95790
50872
21646
27645
84892
3244
95344
93753
33912
70773
21813
76560
70866
54269
27443
31449
87089
93852
67530
19123
4067
81456
12897
34147
56493
81225
45155
73674
49247
49373
55941
64000
67860
86652
4500
61005
59177
61056
73185
98723
41623
99479
65624
74261
36665
59286
63686
4601
31652
13540
80550
21666
76620
94340
5582
77306
80955
96995
25423
9842
59888
49152
38241
12103
68636
53657
32379
24177
16410
91404
34623
29032
29297
65668
6838
52044
28810
75603
44469
19421
98453
10640
67241
79067
59111
85852
65549
9181
43655
55533
50961
19284
56614
10820
70761
72007
59223
64365
11241
67129
60255
38400
54156
76083
19099
63990
45192
57412
9822
16289
59239
3729
91340
10018
91554
35340
81454
43176
76473
86926
83675
83057
79193
34212
52185
37242
64333
37394
73172
1074
12304
19977
74095
73778
27925
60526
50640
32908
51323
31796
90267
71746
96835
52412
24009
93607
78214
43404
617
8715
48888
976
64112
44278
40276
25640
69848
58929
40988
95094
26333
89211
4967
81821
33010
55398
33151
87032
76353
74650
2032
81067
35062
50639
40335
74930
74663
8539
41564
23344
26931
65324
485
1168
61994
35586
4453
21994
40977
17875
44322
11158
62841
3387
38465
72413
63701
33995
44763
30836
90524
6936
47550
10360
38434
64221
77763
6699
47645
75240
26246
3489
70106
61620
33224
70773
34633
82873
51922
49349
45699
74693
43703
84045
80129
56442
21862
74170
76641
38792
43703
29200
98795
70081
76801
27557
5284
65246
69355
55355
7855
89213
46357
83442
79214
78082
2512
5712
16200
26267
14328
50053
48309
95545
31363
78158
55023
96574
94959
35727
19237
91413
33868
28156
13988
53654
59851
1397
95272
85530
24502
30307
53637
23253
54024
15775
34978
47918
56959
26066
16659
13545
40821
45901
58039
91405
6537
37744
70392
70631
42917
15226
20375
47218
52830
4795
98813
72538
30642
64209
81087
29193
30874
75699
40039
22932
80347
56193
71120
12575
21539
2037
64649
428
55116
5898
90758
2648
71348
73350
15210
3767
43207
1859
32166
46236
1662
4189
49657
55963
23887
74701
963
10346
31511
83397
24540
79486
74152
33208
59142
88968
25577
57397
54755
83253
44914
44823
53200
71108
79975
63526
4754
84995
23427
55956
80657
83663
90460
53311
22623
28554
41678
87548
38871
40654
39008
19010
47569
48009
81938
61740
96145
97074
60692
52112
71619
89226
75861
97547
98555
55956
84750
50723
9159
17461
92516
33213
22191
56602
87003
1560
78668
53316
93970
37802
3135
22342
58653
72669
14793
95480
87398
90975
32245
41969
73589
21324
51647
28821
19718
80632
62578
22690
88224
50429
99498
19228
27625
27493
1421
46822
33403
50882
16453
85979
43289
49174
6779
60319
15929
61308
91759
75496
26142
3209
56797
67987
61631
47124
42921
29563
77119
6415
78869
42130
34970
47758
21844
70748
52228
22965
30798
22233
1280
75524
68264
95778
49350
10007
46397
43036
67197
1310
16651
65321
67964
23283
96515
33565
39589
51834
13805
94747
43775
65847
5293
73685
49152
60890
14281
55674
89
77831
9378
8328
30876
96743
35897
15112
38551
31900
69381
9408
61031
69965
3196
41176
90158
53543
40597
27909
76970
8854
88484
6235
38698
6126
7200
70537
57337
39650
74782
58776
87494
47359
78193
15401
49063
40044
58113
84886
71464
96031
70586
43870
36304
64458
7464
43226
60731
45009
9834
79468
37227
59568
73999
36636
86213
70269
12122
86069
10359
48993
75195
50655
83979
72143
2048
27952
79570
48838
53669
33940
10958
31564
73072
45262
62145
87145
50528
39098
7476
74212
5524
13389
70857
66080
6461
83133
27436
95181
12549
32042
94012
56164
66001
93687
38430
3406
38872
6183
95871
12486
99322
21761
77055
52450
56409
56327
6534
93572
73440
61136
45332
27997
20898
49049
14469
33033
39431
69480
15570
25770
30979
30641
34597
83232
26401
25013
84538
12359
35895
28392
80979
8512
40544
69143
86772
75913
52387
89577
53698
53637
67948
58489
4543
86299
82215
60333
21204
82699
38496
25300
30078
74074
42926
47127
37486
69606
96760
97027
4908
75201
32557
48700
24548
56514
1013
40842
54783
80250
58905
87992
47028
57612
36736
66733
42595
94364
79650
42721
46461
20056
26855
51213
37402
71893
78268
23421
3442
35958
68745
11736
61729
47315
20576
34257
1348
72057
32706
46202
53793
71490
15472
48962
4060
14311
10552
14026
55411
3209
87494
65774
39802
13155
49726
17777
26174
84270
74172
83632
76687
92180
13821
37546
56504
15640
91522
26636
54279
96204
26265
32423
26223
40434
54452
31102
609
27184
41886
71605
12349
1999
77003
33260
88095
6997
55622
57004
21246
44073
41883
58747
18015
97578
10717
95525
89528
22071
11120
70478
72320
38240
20017
18054
24839
60358
47814
9754
13722
67591
50710
90379
99169
87688
49960
27699
53694
32306
50725
25669
41890
73429
27294
68192
58222
9028
67528
9983
57502
77983
85193
84179
9273
14927
12533
90650
2463
49935
7593
60284
16450
4479
49030
49945
68461
48745
39804
48136
36287
96300
84500
68608
84668
73399
75696
59855
45245
39154
83331
5520
96640
39816
88640
55919
12947
3344
47858
37012
73184
34282
25022
92326
3722
28270
43187
83548
46240
60981
89127
46844
39083
17200
14780
73541
69052
93835
36110
71244
5849
53391
74153
96278
70636
95626
6563
8925
8661
36491
60942
6720
54054
74003
81161
36303
4144
75652
40060
9131
71988
95271
90430
45078
10189
44990
11613
48716
74647
28472
85190
97354
15437
63848
85281
98463
27884
86556
63895
9879
17163
93278
60071
45976
12675
18281
16543
99909
27016
4081
85963
63954
22228
90257
6516
14734
80766
14979
81990
73815
83623
9013
88411
43324
25455
36896
85552
22547
86454
93062
45595
34117
21812
44379
61551
28284
40222
19020
70618
83344
36752
12867
26790
67012
5138
7625
53141
35370
61102
95298
81739
93477
75782
50887
16363
80498
139
8614
92535
59192
10408
65821
43672
27358
42572
80849
30381
42494
49410
32725
67826
72160
91226
9629
33642
98845
79775
92298
12618
64387
84218
6442
48600
57370
88085
10580
64899
6954
12257
32799
70298
79998
41694
3424
56354
80147
91532
96123
21474
53706
77860
14769
80834
54670
81590
85835
76697
92434
60267
21948
36482
69754
13611
65556
52999
89904
97101
99239
91560
37941
31217
38721
25737
48085
31923
58691
56938
64075
39951
13852
54646
1422
38122
81947
65402
1617
88178
41353
17156
80035
98315
97579
87203
88086
30712
22719
35392
65580
30757
9591
58992
83639
50592
2496
95632
61079
31946
99942
53338
55017
79728
33546
50406
26596
67096
5394
34676
22848
19101
88305
20049
23227
17799
17535
69367
3428
693
76974
7979
47439
29750
3050
21438
73944
81769
81650
36307
58084
84522
2255
90465
98783
5592
13683
8876
98578
83839
8424
44952
42609
15420
59217
39432
49101
33451
38611
9178
92259
99217
41785
17244
82709
12073
24644
50490
88614
29493
85065
71168
82181
53325
41639
95121
85184
18340
14803
33987
83803
53826
39743
88596
61933
37795
11660
93105
29946
30497
54235
51303
44012
89851
11989
13588
1685
2604
38857
11707
60396
40648
95728
39624
69964
91995
81117
80910
16511
64479
70919
14519
46356
96991
74393
71460
68198
89412
34169
39045
37419
16833
43126
97111
37294
93244
54574
35441
43166
63109
45106
8443
87340
68945
35694
74047
89803
93182
89517
35277
19234
6215
87698
62072
31739
61892
36482
51638
62104
59290
48948
28289
41981
54961
41453
77173
94066
89200
43608
14899
2057
8080
73164
84651
16887
94987
61212
67328
52293
53469
58926
77696
90904
14132
45147
41031
42147
94498
14382
28312
47203
21487
76608
52108
37832
23479
77687
82296
49173
22648
48687
75248
61115
14339
13123
73986
13491
36233
92069
52931
9844
94187
15189
88052
85265
18387
47854
56885
39855
96038
79218
60681
57519
34053
49698
88778
17902
55646
94120
88420
44246
9599
88152
36033
89455
25984
62316
28836
96568
55705
41110
22441
48462
7982
51295
90822
5100
3515
23060
57865
64811
65050
74152
88940
61969
21827
58734
22933
99538
42103
74082
11349
39543
20074
70669
58642
51371
69487
71709
62896
97170
97160
5658
81951
95614
70707
85324
80458
88212
71060
52514
81242
59647
39487
70915
8802
894
23374
20241
12800
60500
67270
69351
70470
21821
13299
78097
13660
89322
33226
17498
57716
34071
16842
85004
10770
96573
25541
10680
43977
44954
86291
81252
96394
69689
78719
30380
4150
90713
99704
82721
34808
46576
20774
76085
22856
6626
96021
16018
99343
76822
42017
90465
55987
35571
33048
16871
93268
26371
37589
96941
34878
11048
79952
2161
68829
78825
32914
31377
50611
79209
88449
37754
85118
76705
3512
3950
68708
43251
26107
84764
10898
26841
65767
61525
96341
93224
27846
289
19688
52633
77639
68545
45910
52363
75623
87846
40697
3181
41057
12592
63633
35483
42810
39074
68490
35894
89272
34957
21044
69630
83018
70513
5511
62748
37874
5755
74159
50519
71554
17644
27986
54514
71378
82880
5320
41345
6779
78295
46423
17963
91736
51525
6924
2817
45399
6672
64293
464
92322
61622
28655
72380
72701
65309
58760
72659
56223
11747
76187
46046
65460
42081
38913
77923
64144
14642
79128
47601
81037
35576
51714
20302
86202
95339
15933
927
61143
7453
38355
2770
46731
24097
8859
24772
60869
66279
50280
9172
19445
1410
28487
68330
55303
86336
23956
94869
16487
75025
94147
2925
87820
10637
5971
73906
27081
41032
36188
47792
78599
24337
60902
79139
30759
64190
35006
13593
76243
46882
33586
70912
53488
95727
24989
53344
82265
24666
72608
18782
53963
42493
96257
53102
52374
32955
90599
74500
50613
83344
37548
67191
2183
31788
51952
75687
86632
19549
73097
67922
65881
34006
39428
56469
95041
22648
73147
69513
60443
27543
77021
92752
52108
31476
90276
10069
97961
13067
11225
66942
2385
26651
891
70781
45140
21147
23474
40869
73729
37042
37039
3479
23268
87888
23234
72399
81242
2311
98324
87521
40400
64091
3677
9615
25035
93073
65772
61582
26565
21359
23080
70198
44470
20652
68883
9512
30212
16052
2620
78877
92882
83101
79805
79353
20052
64487
50891
56230
63690
39970
25861
75832
75969
3248
33318
27691
1259
2925
50972
8087
8021
13438
34103
30678
43421
98700
42956
72030
12230
96003
85816
5573
79628
23373
72418
42193
47838
71193
4581
92363
75858
17384
3217
25724
45722
32885
60695
69075
79290
81328
95459
54227
91085
38099
62342
89239
17223
20348
52321
47891
40933
54008
1635
52490
72466
4860
47150
50130
6038
26440
22018
55029
65508
22990
57699
44852
94652
72318
98788
55055
79952
34647
48243
68567
45945
73274
18279
51468
1394
62255
31945
35113
8240
18383
11079
60441
25799
24781
38527
75616
44426
92614
11941
52274
3772
99093
63401
66833
49553
94937
67276
51118
48174
79855
73843
73649
90889
65012
72973
90641
25931
49400
51788
47341
98884
67979
52800
25455
55895
83843
30324
61944
75511
11905
96275
42059
3417
46738
16432
35913
62333
40525
10539
38226
20886
83725
66705
52061
15396
46689
75593
69649
97182
58732
45450
60393
20511
2919
13421
99387
83900
94912
42791
14683
33189
4586
34252
50414
37613
40771
22226
34956
30903
56964
13797
58839
76067
84366
67775
42623
80999
99318
34834
7314
21019
88374
10136
91394
29210
87969
60325
73144
91483
43431
23224
49891
68033
69190
28396
11523
1272
64405
8660
97224
71554
55913
31979
54811
54520
49649
52880
17216
91703
6263
68789
64070
11656
66301
49264
8059
12885
65317
90782
85339
16865
88782
90121
75956
14622
60808
33158
55206
25019
70554
28283
51601
37085
57547
1485
63313
28271
29396
17962
28274
890
22234
2126
37567
50477
54407
78931
82860
4561
11258
27133
82472
28209
77318
28929
16307
34431
51538
99964
12599
65265
26566
3923
16581
8428
86036
30824
40007
22127
71447
40320
20954
59072
91411
80076
98452
77021
52437
88973
77391
94369
61908
67446
66093
73157
52855
51327
94014
38119
71204
61590
77333
15817
55584
70010
32829
2225
64604
82383
27254
1388
61800
80131
70949
37553
44035
97393
79971
20387
71834
53694
27445
96874
61565
20992
51179
74380
23576
30825
55236
79876
93089
26964
99088
63882
8841
83986
1110
26348
12701
69521
70158
73006
31153
59806
13200
85652
72231
62511
98061
48874
2938
67744
80161
58861
19737
17169
19313
59648
72281
61704
14697
60199
97551
22538
45450
37823
69246
61856
36765
23977
10326
92089
98240
41883
93971
53682
22595
54603
34310
44474
97215
29999
23877
44839
61395
29833
25952
35147
19207
82181
54260
69630
10714
72012
45256
24161
81007
97801
76411
45721
35886
70108
11112
85360
65538
33969
9769
26829
41882
13657
26680
93958
58996
79247
93615
62891
65787
37945
89403
15615
2807
83131
23599
34069
82140
32120
49356
52677
8961
28883
49880
80135
70285
3941
63919
63056
57588
4683
81819
10465
81252
53926
26708
92847
86074
26581
33622
82298
20289
42841
78883
35560
37948
60538
56799
95806
67710
66988
79353
91991
7342
55223
76850
74287
24527
30413
88456
6407
85319
36432
31395
64806
18832
42791
43508
85748
93876
9293
86097
44544
60583
26205
64147
11591
29176
10288
33523
99019
27713
56582
71497
80348
87935
5693
95148
83357
95813
70225
95669
53680
77194
44490
61929
96199
3342
64610
87587
26185
98495
87049
81529
46163
10592
56852
58272
40378
92520
91842
79046
21686
21029
17486
92605
58868
51069
53330
50747
3932
54993
10645
23904
74674
18290
49745
34893
21285
28022
71915
98791
73034
83506
15420
54492
45841
76373
98593
19613
27358
65590
60487
92558
69021
47915
30798
92508
9428
20583
47787
92788
32964
32295
96893
50866
4374
98900
11104
49400
53933
6930
29417
26734
94636
91680
46646
94268
84544
61342
82383
71949
7319
98736
66899
59151
7077
78081
2220
23182
83507
31385
91689
47251
78538
32748
9438
46804
56790
86758
67777
19992
49878
95309
63463
69585
98008
24981
82896
67292
16066
24281
80812
85767
85490
57429
26373
91228
97541
41666
8137
59826
52748
97428
93266
47791
75360
61012
95746
1677
31916
60313
61181
3825
36283
66687
83396
85275
55102
23032
22348
11308
91928
18934
24626
99601
94264
59590
68097
75027
6226
51323
2333
45770
22331
94335
12155
1240
85422
49765
96717
59095
33674
94272
63426
58021
99414
53683
81059
70808
81739
80095
33759
5598
65886
95872
14285
82610
88782
14554
84580
6509
57065
34984
4244
52613
64194
11342
52565
61847
43865
19835
9081
50940
66373
87188
6983
286
66786
11117
28529
35425
91388
23599
3533
31096
86444
1190
52392
23528
46515
12041
1542
78221
92008
5528
97210
37701
27790
69554
21152
86759
18959
7911
88801
59234
59836
10919
30140
86647
52011
85875
30607
6418
20470
83673
30308
33372
1628
58920
34839
3142
87333
4304
19202
2245
34152
51248
24284
25271
42775
65481
93982
53388
16987
8137
17696
14898
63256
12897
35554
24705
98862
82760
53737
29258
18030
96441
98760
63629
50333
81077
65659
35553
35756
11405
54239
73803
5728
28906
1224
77133
88183
39517
39563
8768
89537
51975
87184
36634
18060
73944
54038
64337
79616
67129
46777
38492
49930
68138
33488
11353
45842
17988
85152
46761
22991
77856
32516
15058
61921
77570
81761
95852
40679
68067
84448
27260
62600
36765
67234
20244
40260
27465
46774
94695
69791
15830
21038
35458
82363
14038
5493
28473
91313
16493
80333
63365
39611
31950
63792
79554
99974
95312
44317
62958
54587
37909
6168
95765
48127
82939
5398
60372
34504
47774
56656
51532
53462
8978
54470
70888
99567
51967
27469
57904
60812
17916
58111
45093
63948
35448
67309
57491
90999
3771
32113
61842
23021
11692
33836
82771
70099
73936
61433
35749
59372
92008
44416
47932
34697
10075
47528
24367
48585
89511
52673
75409
11746
66277
94626
26461
93854
41355
81459
51553
79081
98902
72004
43185
2798
71843
39713
69202
82616
99314
66026
58816
19053
40764
21877
41772
62259
52594
17529
61746
98844
61535
32326
6907
41000
14252
56017
65896
97324
13831
93201
22422
82994
4729
60880
26203
91601
73186
51201
42539
82132
96798
81685
45451
2256
22806
17897
30199
20083
75702
3534
38952
9341
29985
16623
50042
60508
38797
54685
59208
88790
30686
54708
62170
41173
14419
66359
70267
33498
10744
87271
8721
4086
64160
68859
41207
98457
2319
50573
92956
52797
49922
34103
28126
20116
85261
72962
68608
35702
76453
30184
12831
99587
51706
48979
99527
85259
81404
12695
64811
84710
73727
37301
66899
50368
10436
69905
94831
67568
3421
50609
25183
75187
33113
64852
91455
74638
7568
53946
96556
38281
7503
58425
60950
7390
89856
16008
93290
97373
64457
60665
63113
25765
64813
60326
59243
50183
15502
40713
84120
49644
74164
95713
81876
90679
71061
17691
46120
50621
6405
53483
15507
70906
82436
91988
84973
98538
7177
79764
38410
52197
11304
7839
60772
93500
1558
30947
3383
1146
64455
1954
79467
77966
38699
3671
31397
83392
43082
96661
36808
564
21993
82768
21553
16283
34532
19723
33963
61732
90462
38417
23755
55222
3584
17037
71112
25158
18625
10173
47868
42592
33330
65203
2240
10837
3449
90322
14478
17824
44656
37669
82641
5342
85568
17576
68424
30679
4308
33627
43288
17102
23247
66662
98430
85937
9059
6553
58281
65936
27622
21861
71328
3149
47990
30402
65951
70811
6511
45198
81687
61641
57327
44517
87280
31223
97048
21674
17481
79901
65215
51931
78480
3309
39750
87622
50206
13147
43254
60872
35822
10620
83009
60121
36477
81020
37256
66856
58272
80028
65495
42332
28729
78904
48054
8563
64330
96289
30370
25037
83371
70922
69933
72933
92133
6797
79032
87581
23336
91736
5491
88302
95718
14400
24050
6676
97691
40675
6567
26987
98554
23603
57534
59104
33183
71089
77893
33869
83169
52599
58486
93915
77903
45797
47707
73180
42341
56876
38207
66320
92333
28424
76630
45675
80890
20804
41212
34591
27222
11232
94419
10026
20167
52049
35340
22154
56410
94983
69631
95133
79097
63919
84359
27572
90752
64768
96981
6514
47441
96015
21805
52042
18360
34945
39208
97265
19554
66595
64079
79623
48855
36887
519
61980
16536
63813
58132
90480
72877
24346
30347
35600
50752
80159
12142
66107
97288
98587
73875
41990
91984
54098
10311
99368
15955
40499
51765
6353
23099
61391
99185
52873
48787
49881
50488
71536
27788
31223
66987
49963
58556
55360
69522
11335
69213
84785
46138
96144
89112
59129
83412
77985
7383
89196
97480
70560
65172
66864
80998
20525
43653
72597
90472
93317
75177
77521
27494
29695
52893
18110
4426
77336
41618
93921
322
75345
89648
84984
31721
78801
41515
441
14612
57562
58133
5278
39554
2344
48180
2388
18892
16154
32296
63880
50100
49680
82810
8321
19591
53504
65159
58391
81205
86939
37817
84412
58278
87449
28693
2984
92217
16650
65693
11662
25387
68685
96309
73599
68076
97279
71886
69039
12075
82738
21890
75540
54837
60803
1656
7447
28283
16891
70981
29066
49538
15551
63844
74235
25224
81071
5067
47996
92588
20223
97118
62850
70639
61018
82020
29089
24647
67923
87888
4795
4482
12700
41985
24288
44204
1822
95083
47775
2802
22467
17345
51821
37642
58557
96768
30292
15732
67688
46323
30834
78913
9088
58481
2801
47594
89535
6996
51577
83143
13747
17905
89277
30638
81173
7102
35280
98749
67396
49999
85604
64074
54467
23874
53133
41240
58930
92520
77998
3817
9954
99961
23517
73126
41392
78379
75362
22356
25727
3765
9497
67685
92485
66266
67226
88917
46164
22206
93977
4917
65080
43273
3582
71847
21361
14138
81230
24082
83682
33685
9669
29002
65672
36822
76359
90149
84024
54128
92438
26163
79046
15062
26998
43434
46202
42808
29954
70044
46268
15193
70678
86834
69526
12955
64799
40572
17007
52886
29019
35606
78776
58508
16208
20712
10127
34681
35888
66795
85841
10273
78255
73251
14676
28882
13458
54186
47049
26117
68956
33382
28936
39833
22749
62680
80733
75631
57291
60821
91705
22421
47710
51651
90573
3022
80638
4770
11811
36937
50651
27912
49458
47857
26040
85923
59304
85257
83354
43059
76227
83965
41961
14278
38034
73258
75943
23805
83954
66239
46543
55829
53579
35453
74779
87374
8835
9671
9588
54984
1258
53782
15762
3818
95914
4364
56359
23649
34098
78940
29887
84673
62622
28497
46397
95453
43220
99633
7619
30022
75733
27197
64516
10570
49869
4921
95778
62405
1969
18918
76046
29567
12659
29761
54924
91202
77492
91416
56372
24294
56757
92465
10453
73750
14795
21978
8156
83039
2868
79035
40159
11639
92929
15225
48928
63102
14588
98064
41718
59197
4216
54906
33106
91841
20303
9621
46626
58626
53473
1032
99896
22515
30664
21012
90603
93539
68585
40587
92221
75972
45505
1432
58525
55825
83202
18166
78676
53218
70085
2117
78101
2110
7152
4048
54579
16390
56835
37264
98958
93370
51933
39807
31702
32768
36473
35959
67259
4238
21296
28386
55977
50872
62559
43072
63950
40709
38938
70349
56259
42102
29625
46856
72519
70469
55654
37242
24285
89576
80243
66445
39371
23672
1160
97777
13073
92632
72166
79417
59058
51311
27962
52560
29286
49414
20533
42851
9458
87416
56935
75986
19056
2518
62781
90156
61397
65656
35242
12481
41295
55793
94621
18452
21418
46935
80169
71152
94694
8367
33059
45122
11565
60910
92603
72019
54004
59851
3048
34665
88327
24027
26792
80974
66864
74338
36692
47645
44327
80840
84800
58893
87630
66856
53385
61982
53308
94536
22690
80382
86600
9233
96568
68918
81400
83631
12757
55336
11398
83419
56065
23981
60263
7135
78285
83067
2144
49685
10003
48048
47656
34210
28629
26313
26436
66869
71555
93997
91876
59774
7403
60533
5305
27520
93871
60675
35046
56650
40600
87500
71045
53330
51018
44618
49303
61247
247
32185
2616
35187
91183
48968
422
80978
69117
37492
88834
87092
48323
56396
65487
48538
50464
52832
60593
69778
40693
31695
91621
41841
67337
48229
25086
43217
87220
1252
87547
38643
18232
11950
38257
92133
11441
76129
27546
29973
17789
49557
40355
22305
29113
55013
95220
70891
3731
77291
75693
57957
49832
11068
47267
94096
43369
18019
85203
55621
94269
49090
49885
90826
87636
29022
22767
92514
89334
87844
63567
58212
62852
29853
18966
26179
85128
48482
92558
34189
667
73685
81429
70473
86887
19521
19619
33491
57631
54949
79262
70287
74056
52267
57835
44348
74490
22083
83779
31968
46670
97112
69454
5150
44369
48004
11295
18931
76329
41357
64030
55504
40049
77597
46946
97840
88527
86026
27369
34191
97891
648
16495
90190
92002
35311
18623
55164
52725
74570
60226
98859
73458
5335
68272
99753
6227
55892
36117
66855
91519
66817
2173
55386
1974
98371
91757
87803
69239
806
18001
276
16246
29333
77760
95993
61638
53722
59934
63279
38793
17328
10248
43492
19207
41190
49144
63225
92527
29795
85852
67772
67201
49922
50241
22517
55518
99359
3734
23133
83108
16344
58413
46397
98095
3716
71946
73697
64846
5125
55387
1681
7912
44231
45177
77436
16945
37697
30831
61904
36663
15297
95833
5317
67360
87260
92005
23446
71145
38506
72024
41251
13576
57433
67588
50847
93910
40683
9150
30706
62861
68353
80906
92005
38158
85110
58297
90993
99012
44704
68617
76210
28907
38768
82319
4392
36759
11699
73973
67853
24438
44683
77261
53836
75021
84352
21897
70259
78002
88116
98769
76648
60565
34592
4063
18431
84737
21984
93828
89304
48081
95939
14097
73682
41081
68271
13852
85466
89236
70302
50555
12915
41416
8296
98271
81047
78184
69214
58923
45263
31689
86811
38254
92514
2298
96556
31966
15692
98921
51112
69159
54431
48129
30131
58493
22016
77263
48798
94750
30452
90194
33193
96526
15900
44271
50654
42010
33258
68236
75153
35458
5161
42788
73817
4262
37008
90968
61305
1782
47167
85486
44277
49614
91874
8110
62529
2796
24756
7663
22360
82754
11550
31670
36350
76477
70228
75897
51359
14177
53973
20992
24565
98036
39723
37158
77564
14084
37122
3027
6232
60338
91549
77070
37
34525
76225
62219
83048
86916
32461
83490
21459
90589
76725
31844
39678
41233
97795
5177
95425
78131
25061
33006
96594
19389
59105
13289
22082
74168
50323
30294
68013
53143
59225
81427
84489
50215
88898
70962
13060
21819
29344
28478
75540
62790
92191
5746
53544
94447
5295
58968
13677
90405
13995
99019
19908
74587
6639
35225
98833
2154
20382
50265
81005
8939
99685
16852
47578
91825
70115
78592
96493
17105
60637
38604
33374
53386
36671
41157
49943
49139
124
2857
57334
19618
62912
16077
65419
4897
88785
26297
10565
75149
93331
12729
57072
63682
49100
8625
7082
72845
77384
14532
23736
22674
70215
60191
79043
58538
4836
18350
60611
21854
13815
59768
51691
95177
62394
308
72731
65716
22752
32280
6856
95927
3967
24508
47210
7525
27250
97136
17875
81869
39205
14030
68181
85263
57343
8065
83338
50278
53849
13738
36968
71553
36012
11808
56798
47075
54156
80287
50205
50688
26436
68050
15278
45196
37105
70416
26449
75740
48242
70397
21814
70297
85234
47934
41461
1308
94690
53331
8038
4490
94326
2992
18552
9738
4721
93475
76951
45606
37937
52868
95272
87953
71895
27846
55870
53545
40581
46062
45358
94849
72527
31123
92242
28474
8022
65128
25797
2960
64178
36706
9963
6563
73231
98041
83570
11930
75653
3895
92115
46453
51736
4918
8062
30446
48510
38898
88614
28869
83857
