10000
21628
93127
67153
95202
6048
1735
47609
20219
93812
23197
58478
93858
96032
69635
12956
80941
46619
95368
45942
82940
5133
85310
69352
47879
33714
99271
47960
56870
96448
99415
39283
20250
17982
21344
81429
15194
69812
72047
3259
43032
52167
60693
56411
92397
8543
64069
61457
63393
32231
99137
48716
26463
82081
45037
58663
13198
98626
47924
84853
74636
46977
13667
25852
6505
10412
20955
6012
52544
3639
28858
74528
14109
94913
17669
86021
10332
76827
48804
47442
45154
26070
36090
24069
90736
16808
885
56372
89719
13325
93149
58976
90985
32106
73079
21531
81093
80169
73019
4766
22961
59589
84835
15325
48534
55791
66902
79887
68629
1932
100000
27382
91976
51820
84096
58356
59247
58107
91616
24661
59731
69279
91353
46046
92833
37304
34857
80700
36469
33053
6922
54576
34830
16606
56264
8944
40343
45537
49244
69033
14078
40300
51678
35091
9660
32762
88017
33560
51150
98319
54844
91581
75764
21284
85858
80928
39773
61992
52218
68728
7640
4338
1461
49401
52882
49276
69678
24813
62659
32947
55271
59467
85099
92202
1540
75457
87839
40268
31511
11336
25929
45750
13418
16946
15729
22401
88665
29293
92607
47068
44876
21879
44422
73748
88349
25299
30353
89940
43578
80914
76302
93501
18872
87228
61549
80411
23785
3563
93912
93638
99944
57795
7630
96701
84817
51786
64955
62152
8074
85267
19853
30905
62217
10451
71907
88481
83731
88255
11887
91378
78628
42201
66284
25806
70796
25478
76151
7003
46406
86040
23117
58027
41616
63508
15588
65893
51635
55662
46574
22822
19029
38665
18442
40785
138
59618
86625
35308
64343
8341
42894
22055
22637
27226
73117
67474
62911
72835
6551
83355
36450
8694
43653
8668
74960
79390
60810
12557
41493
53216
26547
27403
41610
92004
77412
39108
85199
63594
36869
68792
1916
68119
73037
94600
47545
3329
7810
47902
18530
28397
52285
12727
55011
86877
25088
67362
41153
97058
99330
74749
89516
54186
41616
9787
23817
55181
2408
93509
67255
61932
9516
91623
92368
45761
13415
12741
22217
73146
43646
47121
30682
50556
75454
79364
87084
54379
70975
89614
91709
4389
56676
67787
99439
99337
45729
9462
5885
57025
2961
191
68607
7732
61377
5614
69056
90168
62322
73462
94573
95473
31676
25531
75671
34309
70490
93490
60872
61934
64591
19590
23810
83076
68110
75266
87217
24297
57353
70533
95252
54950
17426
10563
40174
78927
56743
60860
67529
7296
57441
7609
14822
59634
779
61148
92211
45817
37709
50322
95493
74212
25433
40598
76494
5322
88000
24585
30415
16503
33937
18745
29227
17880
91358
7316
90049
88667
43156
31293
2965
85266
31527
78301
77077
23222
62654
91272
11067
40783
89135
37240
88992
96261
23339
41760
34353
94960
42742
12489
47210
19863
21690
77318
29555
21718
24072
69843
32660
38899
80732
11899
55090
82020
14851
94268
74484
7966
58779
59122
47753
65413
59343
7988
13031
59444
32115
33060
50646
82751
91564
4455
51955
46726
99796
89798
57552
61072
26694
23253
160
85618
97935
42529
24231
98406
93885
60543
38780
80209
60708
73023
75308
44324
63805
70469
66941
58463
26469
22446
75821
9518
20555
34239
35307
93381
60995
4277
48579
2494
7257
43641
5082
71375
18042
32680
92879
94192
1145
18071
77740
36868
55335
89520
82101
71600
82228
19701
89957
56602
79011
3128
98822
34463
57944
31504
95518
40040
33877
82264
488
2723
85771
45711
31451
12042
85543
92041
72571
8525
21861
24828
33707
44735
78897
59025
78850
7016
64685
9330
19442
38512
10328
88435
65374
24132
97945
47023
63088
14770
82831
16806
89052
45975
68596
63816
13855
90525
54346
74606
27559
64464
63969
12787
5168
34430
49499
10033
96001
82439
19452
92877
71165
84628
74474
15602
7816
90300
59273
32208
5020
22664
58969
66451
4681
57772
63815
88319
80848
45232
78484
43433
30617
92626
79954
82266
29432
85612
62500
11326
17369
9549
23139
86827
23086
17778
38317
23416
68654
12184
11807
37788
57672
64056
21834
70691
66902
73040
22966
5857
20013
85899
57014
37991
3531
14956
55654
52248
6573
33873
85675
27528
15243
50387
70433
21913
44952
90423
12656
675
5874
90634
12751
96570
43641
76523
23870
28404
65271
37114
88822
46140
44993
24593
54302
73044
21244
97483
2261
26776
66803
38554
62775
60358
2214
17153
33972
52598
95577
59455
85280
65795
7558
4519
62222
26520
1311
51108
49513
45870
79357
57605
75753
65483
93057
54408
58184
66807
20235
69330
57565
67189
25438
40399
42077
65352
30843
61469
16970
14044
96383
50223
41743
3811
63003
76865
56180
24223
27356
50867
52281
94521
13155
70472
26803
29687
47062
80309
63298
59270
6649
12006
27577
93756
58515
59520
89305
21341
18206
68226
70620
73746
65153
34615
6867
75489
54301
52788
24074
5302
49752
1377
11240
74041
42946
83444
32300
79675
91713
59626
72804
71783
80362
28972
52051
66181
75858
75458
27455
50585
59095
26560
68931
11677
29105
32819
96871
18988
75445
59713
79928
49262
90330
75619
14422
55815
16033
81955
11469
98401
51104
84240
4646
49182
88948
20042
37345
27949
66853
45071
52040
67269
70343
97620
69581
63164
42300
39398
64718
88249
79876
67352
98310
9538
75715
71757
21517
38270
30065
10225
13900
70212
25121
35537
1739
21307
46142
60928
69682
7061
36103
76914
62377
25720
25708
81422
22672
99881
49443
41501
43980
70236
94982
39181
610
81546
61412
81777
75427
76312
5555
40067
34175
6513
15625
88163
41450
98561
10981
12998
70889
58089
49973
35058
93326
70992
24566
40396
98833
5437
52608
20349
78256
66852
8056
60170
95543
11509
50534
68771
91348
82734
52687
36933
50712
37793
87885
15330
11326
87777
5390
69386
71093
90182
52030
66810
63086
89383
94201
72500
2589
13643
34732
34704
24597
43435
61666
672
27294
70610
27688
60654
47673
27670
99994
72708
50055
30332
15210
75003
39773
98470
18452
80723
77947
75997
80127
50770
5207
80140
84311
95616
69835
74450
53728
27863
82746
22973
29251
79901
69653
91952
86422
48545
1871
82689
82793
93555
9604
29493
90165
60491
31527
73733
99323
13047
28358
48242
55552
73371
90489
27834
59460
51129
84
195
15453
20392
9642
64490
54710
7706
72421
42638
30725
87791
96268
85547
5736
84828
55993
68447
37449
67731
21209
72988
85925
8571
80658
9629
46051
44694
97618
34544
5209
13760
37688
90023
88934
65330
15578
66292
35708
14782
68139
66306
10853
95570
49826
40002
9770
35066
16104
22541
37970
42053
93605
11809
28334
86501
98596
18161
5505
97965
14544
70657
4816
74443
37079
24693
73731
48997
44799
19627
62980
26916
70199
18201
69437
90653
38844
58736
37599
3705
96903
88511
20376
73058
59268
98591
14974
19208
7418
2824
88730
13857
55229
67111
33640
88661
58641
67018
67268
55134
66609
70716
74567
68163
26920
32937
32884
62787
33689
51470
19817
67846
62292
92490
11134
27180
94561
61566
48081
94022
75621
41335
37005
84588
99975
61257
89303
50762
32388
60039
8549
32991
97463
5751
34038
14773
56072
14156
81774
62892
49108
53666
72379
91479
71813
49661
67801
35846
43366
97718
8372
31825
68310
89751
28516
25460
18430
80582
48359
57706
95252
89015
94286
25409
73114
21699
27309
35469
20900
75840
49374
93237
79458
7498
5493
77601
46268
2350
79927
9083
43612
22805
60679
86134
9945
19373
55561
35004
93656
82337
45366
35811
86009
49453
2047
1128
60786
7323
93110
63098
47404
2964
81345
86768
49473
72954
44916
21758
91872
77948
90877
30956
45747
16456
7617
62453
85672
98989
30769
52182
35408
70627
73130
72319
85849
59393
54608
35285
82537
15316
88813
77063
34412
5690
11796
53354
48780
88774
20517
31967
65806
95308
50948
23273
92277
98156
2505
1732
84108
11598
3231
99007
4408
6406
97856
47625
76853
55885
26480
23848
71734
1746
99542
75951
94369
63401
33356
28692
72745
79797
50978
61461
52843
52794
44270
13976
41776
27994
5680
98029
10623
96683
51812
52156
78868
13963
71190
15880
85354
38312
92300
22870
95554
18157
57339
88017
28794
83559
20045
84973
58544
60222
21323
73872
87791
46064
44693
10353
6873
83309
11837
7263
43741
62282
30779
90338
57214
52630
68508
62685
58903
95466
18002
31761
46104
88787
27482
26474
58996
85141
33704
96350
44726
56460
48346
2365
40469
6186
14756
87137
40298
75104
98232
59265
10580
91571
1914
2739
2020
9027
48631
19344
15618
4970
28410
1733
10573
55805
18745
77138
11329
46134
76798
28488
47275
7631
37834
29996
92079
35873
9038
52983
53533
39683
24026
74700
90279
89927
56912
24217
26051
79
52047
68263
31612
69609
39553
63470
90386
79577
16445
1699
59758
81968
87978
68531
5575
84860
31929
6227
68968
18295
19222
20380
73124
97024
15410
2641
94592
78831
34277
53346
30345
81017
12575
46042
12022
92828
71927
66767
24732
50205
19643
51383
505
15194
19901
30454
28808
83191
35247
2958
32009
28991
93561
95544
18155
1366
50659
48905
236
4589
56678
71068
99397
69472
95682
98393
9272
27651
23685
31633
24594
58207
22365
3364
41160
91867
44936
18099
30496
56232
18039
77022
55562
85702
85755
79640
19689
53780
23435
96933
35728
14644
91417
68566
86642
13058
1135
57531
52513
65734
78393
79768
89031
99991
31110
49648
75105
22602
13650
57099
85263
65851
63367
89339
33662
79530
88034
67006
2595
14133
56314
26693
86503
17437
68038
25052
4614
99988
67154
50621
61519
62066
92229
28491
99502
13940
43239
88112
22027
31330
41773
24134
41871
22843
53891
62666
17938
83330
67802
33297
71869
20377
81071
77285
3818
73792
13572
63177
24270
6854
51654
61736
16521
71482
29344
15410
70606
27834
71047
1619
52906
26113
62962
18423
86324
2119
18594
88241
87151
78497
97120
51128
19008
38202
50913
21236
41431
40287
5313
78255
99581
9898
22457
54565
24184
2430
56860
60144
54765
31444
41083
79336
72632
28578
46825
43357
98171
86702
76720
54691
21274
14425
54765
57359
31393
643
65377
95706
33311
32879
10312
27107
77151
75761
14370
54494
5088
9734
5865
54720
41558
57532
31303
33919
21015
43884
4755
71261
31360
76918
87506
81958
37128
12131
20668
16531
58000
8686
71514
49098
47900
76987
25100
53381
86529
61334
58420
21805
65167
24798
28572
22019
71073
92611
53169
95010
93677
52138
22986
36612
26302
13722
27360
11873
9178
42074
4790
76997
40117
46682
89989
43379
15861
7090
89478
63409
7254
95419
88827
40883
11946
35475
49260
92066
10789
77960
4496
97700
82114
89672
33038
43871
10996
823
74175
53546
43906
37018
70100
78724
92311
29208
33986
11008
47752
94514
94788
76557
52483
12366
72634
67560
67926
95601
62682
91817
10395
70481
39476
47165
75259
52233
75055
4885
60714
89277
46148
7408
48398
15823
29933
49361
85176
90151
8200
16043
83264
69869
70821
89679
25025
19397
66875
53922
53698
13600
32750
86481
53267
19610
82690
58853
63012
98332
71744
26267
73569
5366
83283
57750
27000
43787
97731
61800
23939
72915
13920
48034
82882
19064
15328
38118
36771
11178
28739
88132
69351
29680
39485
79112
52688
4391
10815
47028
32420
48999
26494
36813
7671
62725
87189
2169
88667
75916
6969
76723
83102
19864
966
2222
6905
65918
47724
58185
42198
39808
26851
29241
44423
29589
35711
75292
38757
81847
94125
14883
43721
6105
46399
19203
85286
15746
31990
31651
38444
8254
71055
45696
6550
71107
11814
23409
92014
12547
16065
26277
3364
37356
47200
49497
65865
54749
56726
83314
90379
13742
54156
9880
65863
96826
22883
58803
17978
81868
68735
4453
99573
56207
9965
97233
54784
80234
48910
55815
77309
88115
94810
31284
21798
77424
92401
17864
49155
51616
43373
64893
86796
79443
35811
17555
84602
24885
32122
13121
24195
66370
61932
98385
24333
88255
96493
58533
11008
29309
83237
76852
88056
56377
46945
27717
11269
29538
55803
56870
72300
34668
88802
68921
35425
13352
23337
86794
56115
15541
48853
43863
78193
28515
67566
14017
82742
20441
67906
32217
44268
78277
42808
90203
49096
65003
38454
43289
15889
37578
97245
11640
16356
31119
28440
90255
74691
25034
56593
47254
9553
57967
99902
94455
11514
94580
57650
54889
18910
43412
91701
27085
48709
54737
61093
32185
61810
37224
12400
659
68781
75638
95102
73399
98994
90233
68989
41344
83234
73831
33196
329
51499
71991
38175
79655
68994
76401
47691
58689
93363
555
35633
74203
17962
87744
48631
76064
98431
1369
72175
47440
76033
75858
2247
75154
20920
70643
67198
97154
25438
10770
53561
99459
18999
10327
75687
56692
91773
49473
24397
56348
72676
81793
87467
76883
28916
95925
40195
17671
67364
38606
42506
67150
61639
94361
21845
1437
39867
43013
5637
13289
6826
27033
10427
53783
76973
95308
82505
71274
14068
1685
40922
82214
47934
43413
58243
57154
81168
69490
81390
3752
28266
43559
41569
92542
32200
56453
21483
21422
2544
68819
10603
38394
50562
48820
38882
85834
84878
7605
39105
70353
81404
92620
73018
46662
6627
2973
46551
80531
87888
44841
46099
33935
2413
65646
71674
58442
72981
77838
46081
78669
73212
53743
30301
71969
81798
91832
22689
34103
62758
7459
3544
23074
33792
83556
37629
52946
51771
24759
84209
41024
22327
86901
92434
34197
39686
34034
40225
70398
36477
95510
92986
95229
87367
87606
68204
57161
94495
82583
23428
71684
64719
53338
96273
74266
69743
67339
14432
58447
33225
55918
26831
12970
62251
43035
5621
46654
56002
28059
23347
74873
56278
33979
3243
90654
20036
47112
75986
63643
67104
27028
36228
96182
61546
79383
67923
18672
16003
83990
62506
62266
22361
67255
40203
49387
62404
37580
13239
50392
50299
53271
65371
17918
88984
9677
28830
41319
52559
96838
43751
96248
74284
36783
74884
57880
73111
66679
96618
98451
43445
22574
68635
4636
76457
7964
19070
99694
26943
45947
51708
99770
99392
72069
48470
32112
20732
18842
1877
82633
69089
88581
33626
32236
41865
98651
48489
55212
36716
38336
87915
83746
98503
63026
99775
60514
92461
26024
18570
59082
68113
95741
75380
74735
68279
63481
71644
88568
51902
14004
64075
38347
79350
75317
88226
4493
48947
35827
22473
25964
86361
62677
13896
43271
46307
72002
16041
77765
82116
48836
97380
34183
56283
28471
45257
47518
56394
18286
91630
68040
977
14569
98058
81992
4056
21274
70797
5346
53040
49959
28399
38486
21214
80640
68705
58502
85121
29260
93345
47629
71703
46259
56307
51082
22676
37968
35962
36607
76007
77863
62254
72083
72610
10793
72941
97346
97628
71624
71428
85166
67704
50330
6119
76591
66592
69146
1336
699
6896
59672
22246
26948
93801
86057
32678
56804
11645
36780
34427
92944
77864
85740
65618
66669
51080
52802
81274
54520
89012
30337
73655
64731
36454
93329
35234
20396
31730
39575
71872
5771
59194
21812
33752
1005
1376
85999
8252
17858
5346
95573
95222
16950
39982
74770
89684
94576
67421
91373
32366
91010
22887
69381
8574
71259
61737
64700
20621
86349
24962
816
45136
11814
61374
19581
10368
89408
90195
26423
69892
88003
74759
43797
47726
84552
91909
72216
75392
7237
92730
85778
41612
96629
72806
58209
64747
69105
80263
94982
9874
51949
28487
97702
63029
69133
11652
78225
22274
90213
91064
82238
39842
81860
82155
92233
84822
77434
26423
31208
21459
4851
62391
68063
7952
53571
70130
52741
65827
64673
53683
27794
62760
88131
41064
3661
36393
58722
44917
38301
41554
1366
32619
32905
27126
37056
37054
30730
79174
97165
30894
76739
97433
5144
46644
31817
24712
40680
5697
1035
89624
65039
31928
69543
62791
75492
76275
44146
9973
40644
23386
39395
22181
30111
69353
36200
79161
2297
33342
60120
81644
54431
69645
80
96040
30361
53784
70179
71701
51138
21317
84928
16865
45079
89855
50188
14629
5231
46276
81773
26856
1378
95383
22658
99689
611
62389
61084
16532
84435
19964
59909
85590
8839
73715
43515
79502
44056
71665
56112
35123
54383
67570
29655
20417
11430
31352
4156
98016
27917
91553
29860
40815
95293
69295
28869
4364
65498
34465
73838
87491
11843
56113
63327
48001
74939
77491
51967
85631
89611
85024
18594
95568
73718
91644
14005
14180
65455
66463
78703
63279
4766
94737
33340
69609
3601
88045
91782
16803
70359
85800
76085
70878
50777
74746
65474
87025
56900
3389
5405
47060
80118
27466
35604
53112
11086
47904
62001
44251
37327
26550
44657
27992
87548
97379
9811
22812
33459
45606
92954
75562
16209
91114
30779
4371
59476
53357
79930
92981
4920
1404
66072
65517
36029
58864
13827
42913
3562
81090
93977
44286
25361
51170
24979
3933
41744
28262
68394
6540
15390
42921
64316
71898
20927
68301
87246
93305
28065
18382
6158
16417
42452
40769
70228
6074
75888
45362
11708
98060
89547
40301
70873
2180
95245
37189
77736
69036
84393
75779
34261
81774
40113
9639
4209
68975
4115
18681
83589
47201
58038
46683
35396
4457
37739
52317
30234
1244
40001
64186
1924
84442
14696
86493
69727
22260
1024
99376
59983
16024
34575
61986
47959
3405
34180
36707
55132
820
76228
10701
1883
53709
32306
89478
17153
29906
28349
20938
93646
48829
92879
84867
92368
92748
41858
78411
93426
88059
96823
44185
1525
76737
71362
43398
41873
43861
38953
32633
50289
84700
45666
55452
52244
45317
15341
17482
36162
82001
77148
66920
83748
6045
13989
58982
15414
56129
51481
47379
76851
76736
19712
37730
39261
32105
96410
92973
74003
56296
88459
17273
77108
85934
37127
74731
48231
30508
13436
57994
73740
1279
3165
41774
51172
14898
57750
9133
32758
90783
87842
58620
39424
85522
68002
88239
75757
52395
32963
58364
52953
28848
41418
7929
88121
28107
70786
81929
74150
86594
1952
9748
37752
49215
6988
30312
60456
90243
97100
79080
53393
7808
14695
28403
52670
41080
33787
67735
42723
45521
79458
75328
55964
30454
83368
17142
54549
83823
83761
12280
42188
13655
64685
63029
52583
47319
72591
95655
78511
13617
48441
31094
79938
79224
25578
78851
50514
13521
40350
46262
71660
66469
83055
13700
6785
42644
3104
93257
56620
85166
2003
93614
14924
99553
25579
73727
21667
23684
55280
19224
84577
32005
71254
41274
19336
77060
87968
41831
83685
81135
39266
47489
68864
80900
66197
37270
77531
36175
66267
32253
66980
9135
81754
68010
62168
80160
84532
12630
10070
92735
42652
34836
85657
99532
74538
26627
34754
80173
90580
73569
89637
69197
74473
93721
60491
45648
1129
89523
73302
52117
32746
81322
18363
20642
66151
92312
39168
29674
45551
93670
83987
81436
29364
71259
87838
57528
78818
35326
86959
38806
20930
69887
8302
36481
67819
38586
76599
89082
25264
89767
28094
98105
37298
28662
59427
28866
78454
87088
93359
81541
87560
21055
27019
99275
38892
50180
42043
9443
34039
43413
53436
8231
69263
99053
80731
66453
80814
30049
1735
8469
1636
15107
64897
52564
67994
24097
84775
37725
55056
63229
7294
14987
55171
56738
18857
95407
3629
19954
99642
63704
78558
79690
99074
56838
15547
91925
93825
48274
93179
4650
50470
9881
43654
26607
1870
4701
21378
23624
24051
33863
75628
65722
69472
72887
83422
7654
27878
6080
15834
90593
74776
57610
21712
20159
88939
3948
19073
31512
11447
87776
58675
14916
7166
97690
86655
30748
77375
74239
91911
30799
27848
57629
17231
31473
34826
42423
49841
34109
10610
73595
54328
19425
28411
37638
27603
35997
66660
61246
9349
28197
94820
12816
24787
92597
96655
10992
98362
66641
94612
14552
92829
10806
96190
91242
67693
68430
37668
95514
88238
28418
62078
4188
76645
74041
16201
4570
40738
44995
5235
86345
39699
40340
97189
14982
94892
83654
91617
25385
20326
35694
46672
27314
43962
26932
67921
5723
45256
90848
45582
46181
66322
27377
91539
71876
84379
3397
34213
85657
97722
34562
896
13464
94937
81184
45446
6794
46044
90044
4643
79274
78747
90
79538
7498
10661
98177
3980
56767
44780
4632
11814
92869
58871
49218
18713
40408
18099
84144
99602
38567
42707
46950
32095
15131
66645
67886
41733
99299
13308
59547
41504
4804
6805
39664
79614
68419
90750
32813
44702
70669
90701
8550
16932
85555
96840
71314
53893
92942
29227
5337
87329
89665
65727
32678
10444
79004
31488
2640
9953
51498
51035
5890
17334
56722
82362
61961
81398
70661
58314
82317
39476
69227
48147
85290
65355
11155
60730
68716
63468
48405
59971
88892
53862
6957
62308
30031
54989
81090
84766
75351
78424
335
18635
2095
46129
92834
50316
9647
14464
15635
22932
58156
14606
45976
62571
63854
19175
78041
10224
93380
36377
40093
42854
59417
56499
77429
28850
4414
32225
27368
67549
19984
98919
16868
31395
20200
41993
53703
63695
76543
63762
74677
66965
53401
38720
93251
79684
42696
56015
27046
52080
83774
24250
81904
79561
45384
63486
15628
42392
90090
80783
17698
56259
29525
94162
52113
49917
65940
29299
51573
25216
10843
50394
87294
75707
33082
86470
66600
99625
16836
21881
8814
55660
13209
63064
85608
95303
97113
59840
44509
44668
98387
98564
55959
91641
25940
17833
66167
48443
47620
80345
43318
42849
28199
6293
21147
45270
68294
92627
19404
24939
10293
95252
4713
99240
30046
22030
70584
96785
94380
92355
41872
74433
8999
7738
23647
25140
52170
46495
20870
94184
19082
70319
92091
39312
34484
87280
33015
39729
11513
45546
34137
28754
55458
60266
12162
49673
78610
46726
15093
57009
70865
53169
58062
24656
12848
38345
9084
80215
32508
42218
58806
29150
72790
186
21726
26081
26514
14111
60731
68573
43178
69926
62981
16902
31696
99880
14166
85156
40930
42206
95289
70306
15308
750
5255
449
78054
98332
49783
57378
89908
53022
33086
44268
81266
87370
13333
44586
14452
63036
83066
61005
63265
23068
96408
10354
13314
61282
33082
7590
99257
69953
63636
89646
71483
76133
71131
78790
32210
24788
34806
19774
26992
74063
67307
30852
46921
4121
78836
64500
96753
96520
96236
44539
44316
18904
36901
71628
98419
54585
33533
55907
94640
11836
7843
63079
94724
37988
11182
43941
75360
87112
65278
69653
74127
6857
87489
6941
33698
18480
23779
41179
78674
69698
28771
70996
83255
19681
42066
29943
37546
76667
65271
24033
34571
93255
6293
24323
53933
5806
58314
13254
8216
7015
12763
53649
84434
44414
28412
34051
21781
51307
11010
57610
46927
19962
29837
75500
24555
69671
97252
88163
50486
73357
44919
31520
79612
71398
23057
39345
31517
11936
30365
26404
21444
48839
97375
35982
38378
55142
2612
57034
6687
63721
30893
69128
33538
83057
94629
79660
74928
46140
16781
69804
24584
62144
12800
52236
45031
31056
57320
1517
76810
63000
43354
64533
36821
45324
76220
23961
64943
26672
3448
88317
29552
64674
4298
83186
28258
59187
10626
40095
76450
59975
29071
45756
83861
58627
21447
94976
86763
23153
77491
20048
14761
48630
35191
18079
51388
12352
27702
49450
39441
38949
12933
21301
39914
1144
90631
61306
37321
49523
60853
50407
35470
77948
45364
24034
71081
92103
82418
86932
88044
34419
82133
8977
69510
80691
25117
76789
62068
94624
79363
28006
74940
69671
57139
73709
30012
39739
72164
68063
66656
65177
21974
20272
33615
24535
39705
95140
95706
29057
37084
23534
542
7503
4197
25226
37251
9267
71389
61396
57424
87247
28401
65173
29978
75221
26287
10671
53546
45962
91725
53386
93949
98492
61370
67291
46683
84880
99063
15057
7355
15484
40255
21772
84503
29250
10105
78776
13138
21396
92734
70766
48674
85936
93184
27278
27228
16424
96155
77800
92224
80465
46388
94068
65311
15546
87291
97169
27753
54152
26987
93118
17010
66083
19113
35917
402
91408
499
61073
94340
2734
31709
42826
6559
83784
93452
96395
61760
87047
26408
70515
66819
69028
37096
18548
43917
69182
94926
59711
88839
5270
69731
89934
17230
52541
2613
66608
76959
28337
61215
77725
11657
59288
44033
98297
75774
50938
61379
60117
23039
79544
14171
33409
13689
84852
97625
68506
97280
97625
27714
46082
90783
45500
60530
7327
43954
27640
42440
50948
61369
49386
29831
13775
19010
45693
15352
74663
65036
25440
56129
37631
16785
41110
94177
82437
51564
33779
92172
66385
8647
86545
33124
28485
54119
25949
89560
5286
4322
38640
9238
89552
18926
18547
15675
40668
13710
93532
52422
54284
5089
23287
4546
28734
90935
67314
95232
90039
99194
89318
42016
93401
25331
22057
63292
37954
13415
62138
13228
24090
19078
17935
14568
36180
28095
45564
68260
24413
14367
14723
3830
25537
60814
55675
15052
64928
20424
99968
81243
13123
43420
84235
18946
93027
71478
36043
49099
53135
12968
59645
63672
2684
41264
63942
18112
66060
16993
90665
11649
3836
57456
86831
35588
22159
23067
97843
43202
15363
47520
63913
2655
11452
99573
11409
68019
63600
98940
69787
11822
23237
69011
44839
57327
42291
73383
51013
21127
67295
53596
97406
18167
41106
14715
17228
30586
1506
70078
92215
19939
80553
55204
68964
3814
55470
10377
73977
14122
16830
8433
24360
78669
68639
50513
64193
36586
65566
99890
69432
94918
79641
66427
1427
21375
36736
4938
2344
31798
37171
72907
80461
35741
53362
24852
86758
80792
94950
19688
90237
24702
48033
70416
57705
37552
87249
38749
63042
36784
88905
66827
59473
12650
30568
16549
62176
79826
99996
85846
56168
14011
48377
58428
3550
51142
67942
41898
61954
87614
34409
88900
17627
35167
56689
36290
12144
83242
63348
35833
84090
8635
36466
16190
80405
37661
23780
18779
237
70665
64706
61715
331
56818
84007
92170
97780
70053
91314
40325
24984
2626
43650
66031
66665
20217
24838
97325
1265
59149
74005
88284
73270
33417
33503
30036
3112
60628
51413
52337
43913
88994
39527
55201
67935
65199
2590
2061
50265
69839
75435
16441
94649
8811
54835
11608
24903
36881
65912
51872
29455
77316
73532
28720
76234
59023
17411
67379
4553
76849
70470
79856
93702
81812
71895
43565
80223
69513
78073
80979
66180
84625
47374
62348
85123
2781
80474
59637
4901
85996
95207
78550
8746
81361
63571
55359
47524
79777
27654
52890
43137
59401
71613
89099
29960
25932
10092
67164
50926
76408
15068
17473
38789
42258
91942
9962
2276
76029
60333
80055
45289
98724
8214
7404
88108
70353
25368
46451
25859
66382
85403
96425
28222
95925
60829
47889
21782
67670
48565
36495
70312
89330
13539
55756
53288
52830
54216
33674
40953
62877
96796
6411
76058
81669
7085
61797
68173
52045
70885
26117
66688
94266
4425
40121
76755
98374
79382
48274
62501
14642
88189
95549
61884
32024
7337
74018
66264
88066
66667
98557
8167
18067
13308
15166
74171
42592
27309
44377
84689
70047
88084
92218
76657
83669
94968
21922
31616
71536
57990
85545
96985
8850
14322
43577
68297
514
90035
84499
25845
35357
35568
31648
32732
82734
12294
31201
13925
4360
33975
4159
47699
69467
59945
52549
85181
30562
87123
90931
17452
72714
62890
51728
29950
74767
80360
8809
372
77521
71197
39898
50321
60861
15984
59347
62482
24344
79399
24834
44701
25482
32353
82876
28079
29955
3046
42132
37399
89754
5503
44695
16652
98782
85795
15614
58546
91670
33301
29627
83219
11942
52834
11006
60319
37707
76072
49494
16490
46423
11556
51740
79375
3163
96664
39570
95560
31511
63488
75720
58927
33053
23333
71125
12686
8706
1009
27958
71044
90797
67703
3208
45765
97901
48355
21805
75713
48345
2336
27409
86557
50400
93425
32435
52857
351
87426
96610
12934
35443
88020
95331
16475
74296
89404
63160
61363
86901
91881
26481
40790
17882
87428
74201
98085
30968
37218
57505
60116
12963
21789
16089
11190
1632
80264
3006
731
77470
29989
52495
40182
22419
39979
98732
73011
89250
99258
70489
76383
24955
30270
42214
15604
79477
5297
83121
69201
78688
26481
46126
82368
113
27471
10543
80111
70572
91085
39731
76120
87274
64305
34689
57604
64794
24817
22874
65266
74654
95673
40268
50351
78087
11371
89707
68291
40190
73308
39647
99505
4784
92352
91809
81832
1221
12999
71657
76037
10703
97029
62876
73214
57950
25877
27041
42662
69967
32397
32585
851
37003
66554
7604
96442
15043
36861
38138
31614
86451
1727
29234
48115
71216
76474
36703
36981
20062
62944
56478
36799
69805
70145
91533
59749
59903
18648
73329
53550
76878
51282
64632
4578
30
21822
24721
17440
78770
23812
46625
46383
9060
19511
67903
65071
36509
31369
74796
65056
15077
24101
22194
21481
72402
86315
40273
59751
18953
65207
44733
11260
89739
58648
57837
62480
9003
13389
25807
16016
80247
1157
59984
54989
64251
13509
11286
42842
24910
99643
11527
88631
96369
81029
10523
24051
71579
28452
23780
85378
96179
77206
61507
69781
69532
77950
47767
92270
4696
88039
36089
44644
94782
29920
71257
17005
37636
62888
79754
42531
57145
15055
97597
28506
33541
24073
21563
93037
41181
21751
89337
27128
82154
26358
38287
60899
44032
37253
80297
48441
76928
66550
81887
76568
29215
10467
10733
43842
72755
68131
50254
55059
63873
21404
58953
10681
54111
91490
88250
94674
81588
12395
31809
67080
72207
56856
42158
29209
79521
52739
90480
57411
96608
98326
73641
60465
35772
34039
99097
55382
25139
61951
32040
34462
89546
50108
3522
69456
68119
52965
9693
15113
55702
32531
49589
34842
40762
39322
82053
86199
44112
4189
81908
35218
97269
62834
9612
95010
92218
42088
19260
20436
31726
31382
63257
47255
57730
66620
74275
90858
26614
96865
87608
68138
12665
70288
7107
67177
96261
80558
94131
59027
69053
65684
89919
75740
92504
97186
73072
60480
83480
76321
58033
32370
94476
19326
17167
76919
61498
68018
50870
75331
87441
80336
72545
20250
170
82845
68660
52346
12424
19190
74759
79920
98573
55760
63202
5415
89285
56592
95291
15314
43367
83079
62795
35074
42869
44841
26053
23288
94836
3748
42298
86252
55147
59827
99393
45712
11132
65980
3035
69263
96012
4286
34643
57672
80398
99531
11255
93032
1216
83941
84649
28233
20624
54043
77669
7825
69803
73046
36370
3307
18094
81987
87973
41710
11267
93035
35228
63673
3674
40289
28815
53792
82112
10789
911
69190
17917
41420
26806
24856
62283
11870
6458
1161
85386
53533
75497
83538
50007
36813
94583
87189
37618
41063
41341
67606
99925
89721
51769
79089
20180
85254
84672
38314
21495
55129
56649
84521
76122
11834
4163
92093
99286
87070
47925
42158
4197
5462
62375
67308
96496
49652
2149
65639
71754
40752
6920
34857
96493
51961
93471
42937
71522
95809
87044
9849
9630
26258
75294
19248
88046
59638
14902
30561
54537
21763
14217
60404
62716
78874
66236
1184
68868
31789
8875
53294
44457
68955
15629
88219
95086
99492
35186
1689
73335
83528
24909
17025
62450
8320
70480
7160
30797
28476
34083
88140
80427
84721
98836
88780
46244
78053
10386
57540
92695
85124
53254
10153
69299
34892
41326
94781
6153
25784
2217
74124
90107
85137
18767
76070
44589
36667
21094
60956
72372
99096
47584
36574
15191
84936
82850
44667
36477
93720
94826
56452
33264
57096
40998
93164
25713
64639
28059
150
29359
51769
2788
21206
28796
54334
11896
14295
86679
25005
80073
76730
1590
17900
82494
47469
98905
63105
78222
12692
36223
17342
90448
67687
63400
50087
34389
9806
43248
11686
45870
77733
69646
79564
46492
12875
48938
35623
35505
39574
63898
93421
30114
2788
3334
52490
12653
85470
95137
51911
1649
85465
38120
82945
84132
9985
31167
54096
48088
4765
98688
22429
50874
95404
36187
96595
45978
29820
25183
91943
49274
72648
69593
48579
25836
338
53314
7052
47559
87710
13991
15625
50271
70282
72701
1828
43145
20690
12545
10965
73731
92035
4158
19469
22998
23134
76423
20265
54469
22978
27855
60525
11274
15940
95656
63919
34305
71697
83775
55307
75416
39701
45716
92668
22687
60315
36547
8883
8836
6125
83989
40811
27790
93866
59135
20803
65436
41494
84898
27379
89070
35854
56839
93581
79231
32668
37384
89377
35898
92385
23141
15007
87583
61265
13212
13509
76370
20046
31981
74099
7171
80619
26392
14523
22988
23012
76601
50769
58786
60382
44216
17891
16714
23850
31443
70166
17964
792
19776
63997
51839
24036
5708
33087
59712
18211
34647
50817
89592
7439
43725
35404
72036
33837
46208
97649
49246
53289
93851
57757
82466
31234
33674
70451
18730
65441
30459
81665
33465
84486
85684
41664
59975
60071
44653
69107
54352
46441
2706
89439
27423
23318
79493
4643
22724
76401
47939
44166
97492
74271
77162
67698
47026
4831
437
80883
77889
37460
34452
63790
90283
83735
78372
34837
63154
4628
72692
55631
19835
94605
41151
4389
42390
2109
13839
4535
38469
32369
96495
57089
8740
46006
32155
3553
92414
7521
3029
98476
49083
83754
58496
51600
51764
39387
95263
95008
3172
17383
17998
47026
21424
52355
32388
31361
98420
48315
97290
22032
17786
59367
85726
93011
97835
3236
63018
82025
73223
55901
65725
10764
80793
54059
72303
22270
91142
97926
47019
67307
31644
5559
28320
21421
57213
24333
77020
58038
86984
24595
45767
7692
10099
26194
13559
73555
95269
17683
83410
19972
30833
8607
35951
77665
12420
13363
19003
44183
15370
35672
6581
69543
58554
83478
34710
96583
14356
67022
18386
90537
17267
48472
51870
42654
70430
89881
64862
81699
80413
31914
96227
59606
77370
68020
77963
3981
54751
68818
18155
86912
76490
95426
94081
38217
8922
66703
69644
88152
25198
15217
97143
80109
22584
47502
39287
46894
83572
18897
56692
63753
57059
27477
90548
26966
78992
1668
51939
11381
7938
43035
74533
37501
70714
89323
77095
86617
26736
23180
96949
97135
79359
29381
84184
5687
6039
14529
69718
27507
63445
23460
73279
15358
9807
77497
39986
32046
56844
78879
99742
43731
8234
50171
28563
62914
97491
2861
89663
10169
23779
25149
13455
61303
96131
38075
15100
7565
8586
70666
20136
81264
95929
84992
35671
14358
60276
69530
81227
16810
46991
94672
88951
50599
1846
46239
44192
45654
75624
8265
31116
44174
97310
50954
64353
13294
67007
99523
74132
33847
17118
16980
69988
29239
29579
39365
98795
67310
5703
59366
36904
26426
81970
51701
42741
24426
43254
43003
72143
92305
6440
97814
11642
86106
99801
97782
81459
48887
56619
38846
72897
40364
8816
99912
94452
53235
53748
58858
48859
50706
31376
90861
97486
25423
4852
35425
53224
79799
96322
55870
24661
37802
6244
43428
32878
64536
7779
34505
32019
39227
73056
60343
17636
41131
85515
8134
47194
56601
41004
74934
1898
29655
78621
59662
6521
11785
33294
35354
63211
75939
38753
4973
59934
28240
12153
11891
70389
21754
19628
92167
29598
99087
72171
30196
95679
54128
13831
3779
80271
56073
26821
77739
30020
11732
41073
372
69493
57522
26299
23273
59760
8141
58105
78039
11959
13825
17307
64933
46506
55363
63303
89921
94461
82619
20105
41955
61725
30121
57810
14337
22643
68364
94189
59523
42308
80175
20154
46487
68041
47665
59463
98638
81573
25789
94972
66174
52348
64655
65164
84246
71688
61835
85889
63287
19402
7655
60783
3467
39370
57858
77157
93176
69672
44688
61833
27870
18738
22181
54550
67646
524
55532
31001
48211
37928
17786
48341
92975
64534
30767
8868
56666
19446
3908
50155
61590
63644
63988
63025
55556
70065
75486
72082
50202
27607
31014
82036
48392
79568
7281
64585
51817
43387
19220
2902
24532
1060
90465
53549
72821
45685
33334
64836
14081
29691
62597
3848
83065
81276
69002
66972
29699
29852
59246
70798
28577
35039
17088
58626
74195
35227
58875
7153
97437
26189
95773
23556
37368
69140
99417
10066
87574
10104
42420
75732
77268
33180
17220
9036
8032
99078
87596
77127
61821
99628
8869
51919
4561
33819
35382
5323
7683
95839
56315
19921
70213
9081
54398
92846
45527
79276
69746
7542
44008
39547
1963
69794
92419
4481
31170
74385
66748
81774
74916
11162
21300
18207
27497
53881
62274
77117
95320
53217
58741
20000
6803
16567
68846
48426
29287
11558
6449
62010
4178
94758
93705
77291
46318
86851
45081
82145
71803
5736
73395
10634
3155
79501
52945
11931
80949
75241
58035
2912
85909
11698
78623
60771
24990
14454
83494
42999
18572
29760
44534
25405
31159
73954
15168
95636
40047
59066
92450
1807
75071
83097
88652
18048
5365
43771
25343
8534
68309
76560
64433
65315
464
41379
97384
81952
62160
70993
99635
7114
76514
33976
82361
72032
69726
3928
16835
54808
79183
47024
79675
59230
20993
93872
53102
73968
92798
46461
11195
81249
39246
80227
17004
97264
48504
87037
27269
11818
55313
58723
76451
12588
55213
17126
61117
10580
45202
79191
54780
86976
26542
75933
93025
9627
38614
6218
65440
21276
67854
71777
94687
74022
94779
68988
66250
29860
28572
98557
87600
52410
35387
23878
63259
59950
18953
20389
46673
72100
3793
25625
15831
2892
59960
96424
85706
22252
2694
23483
13344
42395
74440
97966
75473
41945
44240
41592
70054
27483
91911
59277
9018
35493
85677
9270
91
91853
46006
55474
33294
25858
44261
26818
78909
89832
3449
59468
65581
2355
28462
36231
54603
60586
91140
21827
40004
75629
83598
52333
75744
762
57601
4110
64012
94270
992
62399
85444
85389
80762
38628
70601
98090
92255
82732
91193
82225
59408
7599
45389
49575
25010
70223
88698
41676
55035
92179
85035
20535
70246
7100
55945
55233
9911
14762
79825
5281
92115
15967
65743
71661
43371
5509
37096
52864
68036
88198
38587
78500
50250
2735
33907
98128
36675
88570
41054
19228
80302
59077
6326
9286
37318
27702
18547
92677
91122
6528
16133
42525
68079
97852
58084
85824
44952
87674
50682
35459
11298
91321
19081
96945
50213
97591
6739
96206
77823
37737
65708
18023
43915
1371
2623
12847
58128
44135
44088
5147
17595
49709
58380
39973
78991
86563
52253
14661
58212
97318
55622
49511
45374
50120
28501
65475
34472
30271
75838
95665
63653
47261
63149
55055
53174
61770
41597
55333
30310
62203
39421
20027
17779
8842
41705
58757
65259
9589
34219
77031
22253
61237
30634
17632
48544
65879
28121
47246
2366
15138
68952
43307
4258
43271
11187
51234
79934
60666
28454
5468
85814
5399
55830
54395
31008
48224
56775
55860
18190
35521
22504
43021
44477
96016
73699
74339
89722
73116
74950
93957
1456
13345
35104
92648
4534
33899
16407
36267
66724
59328
41577
80991
78021
9582
27837
56041
974
14804
58231
27830
49144
69706
94434
43626
92562
39705
98406
92446
98850
11629
75956
22702
41428
7481
81846
89682
26512
23745
67168
65504
64988
37416
71313
36148
46731
17206
88998
6715
59930
54191
37247
70909
2568
15304
84277
56061
12164
70364
15742
44895
36190
49912
59534
78106
58404
65536
45687
28254
13667
56502
31506
43122
1803
42178
64790
98449
60437
946
50730
24488
13817
11208
32447
77791
63578
24118
59622
65449
84018
73462
87851
56129
38987
86197
97613
43620
90666
40927
81121
68073
46658
32660
96207
98622
76341
25643
8657
33081
89981
57640
94044
8124
72843
57719
47811
92107
26423
23424
12125
77352
93015
1053
91704
99316
43161
49928
64394
48322
21840
36239
78610
22944
43654
70666
84568
66706
22972
21964
80724
17022
5269
47746
31486
39420
4444
78403
32757
23084
19088
94649
38849
29445
71190
88162
48376
48683
63858
75411
57436
49844
11628
46511
67903
97087
81443
51340
6383
35968
46612
62585
67808
83111
43847
89073
48852
78748
78634
79913
15398
21710
1944
47694
21084
29002
20285
9395
99537
2746
44771
48669
4538
70400
68611
10428
94507
23782
12088
38787
7534
11304
94509
2087
77506
28805
96557
25908
62988
82193
74062
62742
16464
90971
234
29315
79201
83069
28790
56781
77611
12797
57601
96256
2796
44064
80057
40863
13373
19060
40246
27009
80020
22703
58759
97622
5985
57828
32802
58991
64790
45496
7373
18609
3008
51353
20387
40408
17474
30897
52003
43559
9112
68990
68008
96872
45248
6033
97800
49029
11571
13335
46046
64704
3449
65706
70374
88455
95359
38376
93202
36269
13974
6770
99150
67721
65950
88845
96569
89045
1118
90182
61798
12748
17195
75748
46255
65458
51524
82264
89530
14076
30100
74832
74703
72715
15728
87773
77186
13671
68434
65560
20324
55148
42708
97517
49569
12800
24606
6808
61209
78478
3438
75675
32430
32043
31325
90169
91418
68565
20224
19385
74660
85019
83044
18673
53899
92751
79610
87614
6157
29223
83863
99646
18104
53369
64352
78205
7077
32842
72991
9858
28023
1036
34139
73633
20025
49739
58239
36186
90437
79010
92614
7035
67282
83512
9663
5370
74424
95070
69794
42874
77064
4802
96593
84452
12352
60337
94877
94577
56365
7882
1266
58571
63456
99783
55529
4369
45485
51080
2281
35156
41927
90575
7462
84208
9430
11364
22965
60783
43819
18779
68382
12964
40162
89096
66137
95569
49747
49741
19630
94483
93521
426
51916
82494
47054
9975
49954
79676
48668
14681
88646
93923
63750
12106
42508
4350
81350
46150
22281
16509
64001
38465
96537
23935
46047
91211
23271
93916
20865
65953
92713
19081
71377
90150
8633
21061
18293
2145
11873
30874
69768
69664
20096
38644
34020
71097
90836
41784
33682
18387
84007
4458
60750
5346
62370
1283
80231
71713
77131
44460
72214
97336
29157
95728
88672
73360
60892
3574
58328
75212
57228
72548
79444
60618
23063
13140
13307
18473
98459
19117
14456
89859
61827
82481
60953
43406
42528
23136
81709
38839
15399
86750
50945
60173
40818
99498
80658
47068
45799
63526
10355
60811
52247
78002
57532
13126
53435
72020
6375
23076
69860
47098
38281
95921
301
73205
35456
31277
6349
20835
46222
16581
44066
81817
21715
42720
19458
98579
55875
16786
59876
81170
98123
41589
52382
44438
84259
97440
9230
13300
60064
96354
85647
96202
10286
90971
86635
47248
5657
28180
23216
47071
1402
2819
4091
91349
39531
9986
51201
20530
10092
43042
21639
4751
33617
99521
3777
80571
38951
40318
65243
57577
53626
37197
71143
58904
13356
79525
31720
84411
66913
10425
68801
54652
76130
45806
6806
47146
79007
60344
73954
22852
38801
77299
43698
58121
76763
50101
32534
47894
2978
90313
21814
64000
38312
41042
47675
90818
32778
36854
44869
89094
26794
54256
64730
36450
5741
96832
37155
22835
56007
11163
42382
49553
20618
34152
42268
25762
38284
49948
91631
36351
97481
66290
23351
16934
72675
31288
73051
39969
43414
46880
2047
68680
72458
53672
75981
95247
2127
14810
68753
70121
47311
67470
77151
36679
68580
33031
13032
8026
2818
69762
94185
47055
11178
40262
14153
79975
6045
52783
39376
74547
1505
53120
13778
55842
38237
55371
36201
52874
30312
48207
48862
99944
30646
69341
2980
21984
37585
3069
45397
46866
69288
89124
42918
99204
10398
16796
43376
37098
41531
95211
47532
8769
10356
71852
33515
42373
16205
90978
39575
36320
75918
13679
59414
38087
4129
32800
71604
28332
34566
61409
91069
13336
67467
80392
11793
12288
36902
43750
9832
96972
22721
4999
65847
75907
86196
39724
37736
83789
20314
49215
86513
4596
48916
5930
58226
92115
5255
68889
26694
72065
15612
51479
49469
93023
6001
43540
89537
75299
45117
64951
49006
15175
25506
35678
74779
62659
70648
12942
51302
4216
24823
67569
41370
27405
44298
39606
30110
14524
6075
20154
54809
42339
19741
22233
78207
8628
65435
37627
13746
74231
52160
62655
16231
35292
42236
75846
82323
58860
46863
49664
99527
85219
80196
68353
84289
86700
34719
51797
8007
12616
73018
80859
96057
37981
41627
6813
70566
20958
58610
56221
9062
46356
53639
65299
31948
13773
9437
21365
3535
1415
46086
38607
63971
65651
1854
32797
48422
85379
68100
6218
75513
79214
78814
84109
40873
86780
3829
4405
41188
76996
14773
85119
69784
78017
98285
61734
42094
80014
33181
89144
18630
83613
33710
93030
56432
53199
10781
85409
47586
91256
97461
4755
74836
65961
49333
53312
2093
8604
31386
34274
99735
39005
12228
53673
58289
16424
66092
64002
90570
77503
56875
60797
89062
46201
5634
64791
34319
7730
13562
15771
5286
97452
89923
73174
86207
60876
53594
5511
68235
15052
53240
61685
7742
97660
35679
30427
38860
44915
17814
35030
21005
71078
41327
65166
77157
65493
26394
10485
70923
89021
32084
27220
39929
13769
95020
24411
86161
26688
54885
1240
8829
27170
9019
16929
50284
7526
71466
77900
35295
46019
41090
99290
93356
42933
7253
76511
99771
65323
20587
92540
74165
41949
43928
22172
52529
67388
57363
61023
80658
56387
42476
15834
95598
23029
29475
57277
84017
55790
99311
77088
88258
80928
38272
88289
52600
66838
33040
1933
72429
90776
46120
26098
93212
6232
37241
96718
31447
69317
10128
79792
80971
99920
84421
23615
16329
85352
82787
57920
53222
99007
87802
32826
12095
14735
66941
63037
42090
92059
47089
70952
22025
86328
3081
25596
55202
69181
46891
33536
76442
20371
8196
4281
82670
29609
7088
66970
82552
53336
14547
95324
49751
75498
63182
91762
14958
45679
10869
76655
32653
58066
95972
95147
64877
18
45715
72998
56289
80168
80731
37147
56726
59898
14429
52292
66989
38993
20104
63834
1895
52125
51989
25523
65785
31759
68999
38944
94229
26438
6079
18138
52737
82309
21105
7904
11673
4590
55518
75022
11345
24527
99736
66149
89716
19109
46955
29818
15533
63299
9699
62736
61411
29238
18515
72796
7458
66629
73271
48837
8297
8284
3103
29789
86219
32995
82467
26145
14148
76874
23534
93247
51104
13689
67288
17388
9062
5819
82868
60503
64443
21104
87779
41798
79998
98351
52084
21187
57185
87533
52657
16305
8678
92481
87755
63740
73316
86449
36826
94546
10791
15388
72433
11503
36672
26380
12614
64030
83058
45931
6481
8714
6119
87011
30248
14782
87674
90286
77602
27721
99014
75631
31550
9927
49450
55128
7853
37749
52101
55618
62309
11737
38977
34756
57544
66298
81037
15896
40389
24558
5159
58012
58874
76933
78700
48913
16439
7942
73488
448
99199
13307
41183
54280
18099
65158
63997
68436
69938
45335
95009
38882
64925
24961
91894
57361
42269
90939
19492
45828
80358
41020
68003
15979
78208
76690
95386
21199
48183
95904
72998
49363
79123
91624
96381
14069
50130
46944
54330
94868
39841
41547
69287
35346
23031
95190
92286
79287
2938
79160
5975
55744
35774
93463
6399
6946
28637
11045
89598
53912
47954
19667
75376
96658
88412
39120
33537
48181
63477
80243
18865
7336
26344
27337
22138
60407
25217
40955
53472
18388
74740
53688
9635
39545
5851
52995
58436
35157
46765
36319
79688
87719
19326
64833
4064
34591
20960
27411
64367
39977
85331
4090
81374
47170
91861
79986
42418
75863
34690
3303
16214
26797
63635
46503
32141
20959
94216
96630
21543
48386
3719
1375
2708
5163
46164
62513
81759
64796
57625
90485
68271
78494
91434
31999
9702
2772
70114
17925
67189
22193
46571
14616
87821
73348
48914
53312
85432
90938
39812
23418
1971
92339
15112
75469
34386
99049
47342
40195
12308
96651
82750
92001
36879
81316
15055
48863
17428
72292
83913
93108
51907
23056
94092
69679
5457
56969
35891
5734
99009
53564
28942
8719
73800
35485
82276
86352
62164
89115
97209
71205
93373
82047
4171
94292
8809
85375
41981
45799
34037
19984
81547
3470
80950
8236
92317
58228
42679
85934
25407
6441
51224
76902
9634
92403
7115
13484
76737
39035
18552
23840
19465
12151
3284
51309
32430
83011
61107
7238
7986
50254
60630
68415
27889
17046
46182
67581
72564
98667
42254
76840
99206
65767
35889
55306
65118
58602
69646
71513
18708
87225
99242
33872
19023
47751
29218
5629
65623
87678
43658
42094
31525
25010
2663
23887
43748
76080
94710
37645
48199
90892
63389
45533
2858
52385
1761
86804
87118
10467
14170
1849
28973
43155
6113
83049
85297
19854
93263
50960
99239
89914
43095
8182
34117
96189
20667
199
57466
57320
5350
27423
90679
41417
32000
35923
22273
93454
61262
74710
7918
33187
83713
71875
36691
45322
92654
47863
21390
37024
32205
93887
98486
99534
92674
37022
23632
22195
45150
4706
42085
1595
63047
19866
97048
43242
27727
76081
66165
79814
77464
27426
34632
32910
6590
25882
61045
41634
36873
2617
55557
71171
79682
16347
14572
60258
32890
24096
47366
49758
14980
1837
80739
82524
88405
73209
93398
86653
33808
26562
4030
35061
79017
48962
96268
99714
83249
7456
2053
73652
82922
15970
98579
26951
33813
17148
86736
10889
815
11641
29182
94998
20665
81850
68936
10223
85779
75748
58430
82746
75293
70058
52551
68729
21550
9745
57889
61308
42191
61721
35973
73498
91918
86434
12401
82859
85142
70455
91181
34217
40922
13738
62754
86190
33532
17378
24884
44667
61648
46151
70552
65419
77769
11034
12210
5010
29286
8381
41066
38983
147
25763
18646
19316
29762
52658
62368
51879
34381
62704
33841
13320
77551
6673
92591
94745
7916
11064
91831
89887
93160
85955
61539
77181
37052
61982
69793
1120
33722
38810
57144
97988
54750
88083
93740
10238
62915
73213
69064
70984
79336
31682
14047
72598
98012
92846
88530
49191
20602
44314
84208
68086
46517
65993
54961
57286
43245
46194
85153
70395
14790
12995
88619
7572
40789
81003
11500
52812
49065
56178
45734
32096
48859
75757
12285
1244
15884
47863
82082
29116
30014
8871
67102
13002
24091
30814
29358
52654
80529
60039
76515
88924
82722
51921
74717
70495
78397
75071
36843
28863
34063
62309
10969
63204
77712
39825
42102
95725
76632
40288
35764
82597
21115
44
85401
25984
35409
78992
44976
7276
72488
96599
74667
66856
601
38682
42400
52123
74925
91838
23153
56744
8972
75811
5910
99049
19772
80211
92198
52422
88618
73970
76372
46400
31669
96445
78394
66363
31799
49721
61951
242
73850
14349
78609
17018
56568
44479
70899
49195
37049
15887
51626
82288
78385
5011
70960
34070
48205
38286
71320
48582
2264
74571
82134
33553
74360
52704
78652
11531
18133
49875
69902
76909
53189
34460
71303
72002
35365
3615
4416
89033
1105
58202
19797
61274
99696
43717
49535
8717
37969
32827
81417
12773
33503
66203
2524
31457
40435
21138
90916
53450
19910
37012
62220
56166
8772
46696
43434
78130
9958
53414
21341
67762
39402
62061
7550
1611
66150
87504
7596
16208
67692
18429
62894
99005
53380
8415
37171
15989
49100
84394
25559
37951
33157
12748
14612
18727
12040
66937
18544
27452
466
95480
43100
70639
94452
46907
3860
45114
30418
31770
14936
16789
18140
87342
48732
86107
76027
98836
70149
80457
40320
1819
11286
54840
55243
40584
38294
67452
95130
1444
99591
27043
60584
49101
52588
93735
2032
43573
78103
31176
74424
53707
20861
62232
39440
27255
60051
86367
62833
1352
483
39005
21254
92283
61985
2930
18182
2602
97325
51945
71901
94695
16597
58843
96866
54765
13077
38208
76925
12381
19983
6033
26509
18588
7231
66785
42979
19130
57244
70229
36811
50041
66535
66745
62722
34190
90241
78683
24135
41096
34826
96152
49158
93938
46373
41121
21164
14599
83593
21374
87122
88091
57509
72445
53759
12597
80480
64302
96784
13999
97396
58208
76893
72137
8745
19170
80751
57098
80788
73680
90243
85741
3140
40712
11866
82425
24918
24469
864
5895
21083
72781
6763
2080
23184
56270
87549
24468
63884
17316
11489
25437
24416
87291
96685
50773
62553
72148
82476
21707
83355
44913
54541
97425
3772
24148
39316
16121
10719
16960
83778
29092
1240
15906
76434
46388
3314
24433
69321
91796
31564
61258
60700
20455
6120
2740
60773
92260
69310
29900
64464
81842
28242
45777
18732
65452
1848
29306
68729
8819
76064
83459
82694
47208
27860
42488
69614
33116
57038
61601
38560
2575
52944
74864
10692
80576
35231
78914
87650
76101
28139
52256
77965
31317
46434
94051
84717
58117
2484
26938
1519
17169
31016
3745
28500
11843
25776
52895
19499
30577
95147
93967
28960
97838
57871
44393
36186
59756
54586
30473
37405
5351
23735
18266
18877
12623
89672
95678
71874
33780
55640
31113
44897
58777
26767
87970
42844
91541
16058
28277
14732
32489
45204
25347
48977
58436
39027
49489
52303
12854
12255
17924
20020
44894
2431
40945
69480
81159
69590
42743
27181
69970
43657
14345
61089
3384
65211
22080
54832
91499
26323
37159
58708
91076
52709
2943
9092
68772
73190
54295
6970
57189
30855
46828
63067
41089
30872
39541
94478
43560
53357
68159
63567
32182
75395
31513
40068
15593
56639
93535
12777
88590
40560
47752
91134
79835
78512
61013
62079
62434
28818
38291
92139
44319
65944
3128
29185
42581
89540
62076
94067
71198
2860
75042
33051
12000
4924
25419
19258
64935
60564
92338
63032
14545
50402
92723
40994
4084
21005
88029
54052
68024
67862
97101
22322
68221
72252
52309
47317
99071
45994
94165
83154
23099
24697
59527
71596
42842
38011
41750
47380
78027
46294
92838
63913
31260
23470
52163
99511
42784
4941
49616
58405
7387
60120
55894
24808
63547
6639
26930
24490
85487
42031
79484
33656
79191
50997
67586
70302
68429
13105
65691
85977
3643
79699
76098
91180
28749
45198
66348
27104
92493
46597
81253
11146
91521
89203
36416
27018
22251
72501
50505
38188
2714
10471
35165
14000
86567
58490
79781
90495
7176
1419
28841
14066
79016
24911
30182
65029
91656
21145
90196
90716
92266
82164
557
13898
5529
6790
52444
45574
69798
90907
57766
81923
73551
23647
48771
55922
63551
86082
35543
58086
60124
78562
58203
17130
37449
10556
91649
66851
69365
72446
92197
95641
39387
62844
48449
12825
4819
37579
50963
82771
42333
78998
18523
91506
26150
52684
26561
88783
41173
68740
21299
91935
59514
45475
86485
95931
51815
5605
27988
73883
88392
54178
78980
97954
51580
35455
36901
26521
78142
33609
56425
30875
11903
50270
16641
80517
29923
67603
88936
96964
59607
33121
3418
1064
33162
52319
26511
68503
49931
79438
15066
33959
96240
65712
20907
94670
16068
68091
57042
6586
95857
3845
23734
89283
70413
30932
2384
8359
45939
5770
88524
41045
54039
76104
12172
58965
20422
92324
26115
46553
71153
44763
22238
10566
16822
37510
31176
90222
73806
17079
80690
73141
94341
24203
44911
82013
56100
30285
52063
55124
45298
21799
50667
67845
83388
33441
66316
76565
31909
92584
75219
38360
70003
57322
78690
91265
60880
34786
4731
28742
20031
62615
57851
80480
22630
31481
73357
51356
19096
78566
53098
30395
71842
2436
33485
25735
60263
99352
50905
14981
11158
62153
71077
62316
44555
55538
27141
3559
49230
47193
98364
59159
31776
82887
93102
60433
21376
54414
68056
50918
96276
72419
38157
56234
41398
79786
37470
49624
30947
6578
73973
13753
689
19804
69906
11600
58638
43545
5408
93336
51986
14901
11351
54031
44514
56892
88123
93719
79954
88812
16983
48737
77
94294
9418
63741
6074
53621
26771
44241
16267
29225
70410
4646
86792
90405
24333
93329
32806
2419
43083
72091
16275
96682
7823
30924
15106
62973
20290
96189
85658
9712
63481
99914
83761
30854
71212
49438
65060
1660
33571
80843
29829
22362
7999
39699
26816
14133
21878
98888
73955
65317
2907
22322
50014
64043
27930
16827
17029
39023
15411
10184
6696
43919
21768
73435
8594
1818
64227
74193
18363
32909
35179
20304
60442
11128
19009
539
79669
3748
78525
70872
48447
39203
85713
36647
54058
11624
98977
34747
43075
86634
36401
52351
41810
86665
40808
74937
98205
74477
7394
45712
12839
85900
18138
33714
17490
47417
88686
75897
25200
15138
9204
69077
13884
20747
28702
32786
44701
77156
56586
7438
26431
96316
75520
97569
49601
25285
3137
27406
68088
35427
60435
59355
32399
95130
16906
55505
9150
51222
38738
63914
15844
66986
41356
22083
91943
76102
58766
9298
88050
15954
68457
79227
90754
31969
62949
40646
71582
50178
88770
4079
2313
46254
61834
31822
55339
10388
28862
33111
66489
9614
38897
10928
4814
47049
42052
37958
74892
88042
72889
3423
1495
82687
60288
10029
67223
41003
43886
83873
84529
27737
5318
48743
36998
60590
78
17738
72594
58602
40291
59608
33828
46683
43905
28912
43017
76504
6899
96130
83227
10406
48561
33416
99841
11586
88837
95883
18670
88151
16790
1144
4417
8617
68554
66130
26298
95289
9439
73937
29336
10029
89027
43573
27737
75110
17385
41373
86711
76138
74370
19146
68632
91660
54691
3645
81789
35473
20082
28053
65054
41798
25581
7084
66554
79166
14327
3142
97151
4805
95023
13740
14990
70688
18293
98327
12214
91801
1179
48628
61439
31780
26025
1502
59380
6446
23797
22210
60266
93509
94516
46698
55493
64493
86843
59703
43464
66078
8578
34875
28180
84491
94094
60828
44928
42108
99719
83165
77279
95934
2555
16706
47979
24424
14467
39464
43917
1525
15523
79742
92801
76902
25691
61524
97691
3755
49316
6946
99540
85003
78954
71983
34947
43019
85774
7570
17627
73651
24518
4104
27778
10953
85344
89119
46528
94393
11397
59099
69022
2205
68399
22926
45548
18420
33798
42345
12421
25753
50561
86953
3026
99441
85017
3430
21258
41444
47129
39741
34572
76056
50305
75857
51437
80796
70457
46218
55237
49684
94412
27307
33906
70595
31792
57570
22209
58450
82982
75140
93239
4974
41792
15460
4643
88531
84709
41089
49581
13594
22142
62103
10426
8664
65026
58756
10148
86001
74681
73199
99229
59242
69788
37374
994
30930
97458
24604
63252
63204
84273
83110
76874
71017
37988
75361
22559
72760
78562
44561
27131
16881
7365
40237
5298
92266
93625
45031
76628
72380
66855
16992
72773
67530
77648
1411
57742
40487
56132
6950
26023
40606
70562
55575
9139
2027
24085
7125
73554
54694
13863
21295
96241
5219
55296
55826
87848
21890
86416
73856
37683
53759
52188
9072
78008
90723
4036
80207
72900
37490
3383
97547
63039
41916
68184
27447
45156
43514
42606
57844
21261
7215
28611
13326
68261
24517
76221
33715
96631
9274
69551
97688
72609
20914
5838
50933
11945
11542
73327
79240
26246
77096
14087
72545
50973
55605
59369
1603
48908
52494
84767
15432
7242
58012
83598
89865
91073
73908
71190
95685
43511
42611
57650
49521
75815
37582
99351
96408
65207
56638
41201
11193
43664
9648
76436
53447
17381
99397
35350
8847
95824
65133
62919
68764
21042
91631
12446
30760
60062
86134
6033
16434
91528
18436
56797
25549
47399
60583
60244
69277
95470
56581
74032
78877
90992
83295
98905
73914
2367
83991
2711
63864
33602
26794
87965
43670
45611
18340
34406
10232
80536
44084
67753
30255
58536
90542
64057
68330
14132
88831
8640
77610
30722
29875
20152
35370
56044
52275
78172
10569
39914
59697
57678
88273
8225
45033
75083
93523
86740
9346
34947
14980
58062
85874
86106
71276
34799
887
83754
68924
12145
9642
17497
71303
98496
18434
3248
84528
15735
90859
20116
44016
43194
37279
30525
96154
82176
42082
790
62724
56640
7623
83293
59699
19157
7798
22921
90857
98831
14777
99664
33711
20645
6666
80998
62092
1902
32340
83011
41284
67883
63025
80704
84178
12941
73083
37022
96798
99519
57680
60275
25902
49443
88263
87418
62726
18885
71354
82349
60208
99885
48521
92508
79289
78725
93520
18910
19249
53665
95443
27385
22465
46729
39245
78492
11627
5480
96028
29017
54376
74342
18799
43159
27639
58637
9695
80085
90886
21869
9440
67520
38083
28101
97484
92028
99369
26190
39101
37955
87068
50060
7449
86870
51051
39042
41591
7626
2738
60964
7674
56067
6255
45185
48058
48667
19031
83986
16759
54752
66436
86552
72015
84926
81097
49349
4561
3034
43989
70844
40448
32888
69880
24388
1898
35223
67475
61116
79043
74363
8347
4196
34255
31523
83233
32078
69934
73536
72508
85598
35046
75278
43372
49839
39370
47031
4513
77349
61116
77509
53849
8056
94874
83367
23805
38395
68945
5253
52655
56833
48137
8507
6742
83845
33831
69829
22097
82086
48622
13656
86291
77960
64895
14101
91901
71814
92983
41751
32058
68799
88770
85767
15256
32264
16017
25452
5921
24800
59702
65994
4092
72183
1641
76871
686
89951
45834
51547
98596
40257
4541
11279
71718
90113
64601
73929
13887
55324
50013
53904
79016
56675
45177
26754
35691
50717
6878
67759
90061
90838
64232
76529
77235
69775
62007
57751
96743
51496
90571
94134
59212
2851
47443
16862
48596
71119
54178
61481
74119
38323
42196
67317
74981
29552
43638
20462
32133
63774
11613
21890
92574
94602
72021
16416
749
62419
13650
3831
87674
21621
78539
11906
91551
28230
42735
93049
1052
32337
62855
69239
70912
26622
16144
50643
9752
72912
94840
38781
12648
78196
22097
72575
27354
22483
92567
2878
19898
90902
67056
62201
95789
831
2860
24975
60891
71309
56970
65083
11421
39754
71961
87405
99471
45883
27604
98994
24136
1144
35563
76153
38576
70956
75242
15666
71831
14480
43500
82282
90078
21085
67195
83110
68651
16660
55695
29905
16871
38242
71996
63994
64687
73111
31879
66930
98613
28977
341
15364
26829
32957
21779
14923
98522
84207
5840
56267
38546
41829
64487
59679
55543
22645
36756
97349
35317
40807
32092
90873
59235
72506
53738
71699
74123
2788
98441
88357
85808
67845
5705
1804
66802
47263
36587
56653
5711
68991
88978
77745
99591
71937
31259
59960
17171
47678
28593
15817
48396
53272
96509
80385
75422
47921
97381
56835
8557
50058
74155
62395
36987
46371
46211
17431
50878
74836
31719
97222
75185
5518
45827
43592
36658
36087
90198
53647
11685
9251
3192
15632
2312
38905
26486
35522
2696
27570
44814
56716
6981
75466
99862
9088
33474
59414
4777
46636
75069
65310
38606
39620
28125
30952
57436
95151
3160
21069
67683
46468
59161
49222
26853
29102
93795
41014
53162
95613
80028
30614
47770
99788
51329
36269
18241
22947
91100
64213
99528
55222
4170
12742
3823
2020
40132
49343
80022
81604
33172
49083
66653
82364
88129
30512
39336
11634
41993
45655
82412
9571
4403
93057
49888
14285
33165
30483
60540
64388
88569
34031
76700
55059
13522
31849
62518
24986
43918
77098
75305
81662
23926
75253
40265
92121
95592
21013
94416
25684
39810
27967
65976
68116
76332
22798
96021
56159
23630
67468
66098
42856
53823
56981
94733
33866
13940
65967
1261
48964
30724
76346
67353
62376
71249
50890
44317
18864
68287
78941
72688
10433
72382
3851
68588
44110
67323
42475
15734
87405
67464
47785
62547
81821
42454
29470
17298
75551
82059
45123
28755
27900
20550
75598
2569
21668
21243
57418
26593
55149
58162
52904
1598
63570
77426
78058
1535
6366
54815
79462
78249
92381
63004
56700
78530
55957
30893
94354
56913
37820
91544
95035
39998
57440
26378
21747
7046
41073
33145
34014
42342
84589
90144
89172
58892
43335
80655
7550
83807
43084
23413
84636
79572
99007
5150
85889
1347
71480
52583
30937
82162
7201
78837
47815
53456
6641
80921
93129
46097
16454
17927
39602
62103
28556
6057
89479
29474
58157
20919
50225
77710
9564
14692
46534
57646
16418
92866
68600
91015
41850
25639
53856
11860
14901
16212
27109
43830
37407
28464
69240
51404
3613
53787
59531
77050
36000
63944
39421
2617
54814
49484
60135
82126
5748
46474
96600
59649
98522
14884
31519
53674
1868
7702
61198
46248
24787
90488
80718
86208
78676
29538
89536
50472
65441
8046
50544
95025
13685
91310
63342
83642
32751
83232
37031
29142
26563
29194
26449
47248
32041
37901
59279
29996
49013
13213
87294
27781
87715
37447
581
32233
92382
11830
83564
27682
68601
39992
28953
53091
35775
59133
98721
55670
52775
813
28704
74375
68046
11320
97356
86568
17529
21944
91564
76161
31101
68750
80256
59817
69351
69373
54082
53320
45306
49179
68318
89264
22270
11133
80062
65528
72365
91271
60351
75408
64468
13983
78615
44231
13595
87818
41334
40806
26713
27136
11292
64847
60174
75090
46793
93629
96039
20593
85588
78555
11338
81185
43130
98043
4325
86647
42744
14637
68621
55288
26834
75855
74300
