10000
81954
95240
77259
54596
32826
703
24219
93851
60707
74954
67434
11142
42908
58574
37804
89665
56844
29570
52533
62168
11889
97351
29249
39013
91031
77538
98322
33884
96252
71876
83068
35732
3568
13736
23479
15155
14026
86341
10020
94973
49865
53748
84029
59314
66161
80445
45417
58011
86701
89827
53836
66103
15362
7261
59673
63389
28889
93017
14357
33210
66006
39469
68847
32150
24391
98061
21217
7304
29439
47536
54898
30933
95611
31374
40440
13519
10364
48613
45027
60791
38002
35483
72677
21574
30604
42984
47977
53945
10679
40069
74558
56709
20269
30533
12752
31636
94869
28964
84457
31947
22422
15574
81777
10299
15251
32600
69846
62673
39097
50366
95944
86215
52265
16785
32823
55926
43292
19187
51203
80160
15911
64480
72650
74250
5089
60088
71955
3339
88602
10897
74639
99073
5501
10801
69148
4750
91501
23443
91378
99696
58792
80943
78315
85574
4007
40119
73816
31477
78215
5598
8347
29364
64658
54251
95254
91024
93610
32776
6003
14335
60058
43183
73104
4212
96828
57666
92227
5877
89413
74855
41241
53576
60680
16760
57145
27884
30568
68704
9389
45212
24944
84898
95419
40911
37291
19197
9348
60904
23568
75885
79555
7056
69223
38528
41670
62699
74638
5107
92415
80039
21912
51061
27593
90785
2948
85278
49119
42084
3859
66546
82300
54121
80202
71891
19994
95409
3234
61042
47848
75788
76676
39275
86245
20091
95485
59297
97836
79378
59218
54735
54838
63526
83980
23029
56747
67040
83097
37263
47956
66081
73421
34195
19938
54415
18759
70167
29440
75981
89020
84040
30597
73215
26107
85236
54494
36899
62939
57274
51657
71706
86525
1533
88871
56501
70615
24090
12825
6090
16558
86554
1239
94554
46141
77385
10712
61012
28044
96733
10786
85962
66850
3356
470
60532
19909
71242
43131
30074
95213
74714
25222
84325
58772
9947
81377
13114
19025
36229
91460
51612
65458
63384
55809
30894
96301
17016
1633
15791
45317
20095
51447
44752
2282
90794
19027
83961
27595
14472
23989
77833
66122
83024
78941
12627
75788
26621
39612
25710
75994
29079
38785
48090
91513
22088
37539
76399
58432
74689
65290
48808
69836
84872
72329
95832
7084
96793
37702
23327
14566
48323
74321
32586
85734
24550
92230
81703
94952
62312
9438
79255
85974
60646
16647
65000
71732
36067
58143
92542
43069
72666
68157
8396
58288
86448
21730
9850
65573
22066
19579
21433
49353
61279
29396
84490
81900
79365
33828
36730
37954
19558
379
53325
36356
38124
20201
92512
50325
64832
145
92126
28908
84055
83700
5136
13963
51593
17813
71327
2106
11257
33847
21773
57038
66061
87678
92004
36584
85017
71443
59008
54125
86823
97873
12382
2457
69053
82094
9257
15322
10506
41714
54000
9691
33997
89012
53871
43838
99062
60495
55905
59288
4204
75366
24400
41483
36030
56360
34500
33951
62721
50115
81581
7751
19770
57334
20970
94928
99193
34137
15900
67647
87148
98098
79617
49962
21276
31891
61708
50454
40518
16823
12588
13766
5147
14757
51912
47450
21194
92519
94204
93972
91396
32700
62310
84311
79645
59693
93
82778
62772
83497
46182
91926
60524
7292
61682
84542
10788
39390
51714
30718
21984
83829
39352
64823
30489
52241
74931
65692
78910
75938
24846
92831
14119
42988
18307
75967
51104
33891
57873
64823
5506
44988
99188
33970
15977
46068
71869
45319
12475
909
76430
41872
66268
44030
5084
22665
62888
98379
45457
11975
4301
22142
48964
22117
45917
16648
1766
38288
41286
11802
94554
57223
79238
36761
67708
36133
5096
61696
26921
37089
45693
22486
69044
58388
58934
31666
7854
3173
34016
87646
73431
97981
44825
12674
65556
6882
75196
21285
9497
75975
57943
2769
16616
24494
25328
80261
82039
30061
88846
15606
92863
90281
72713
49704
29862
50127
20726
44117
9924
82018
16290
37772
56203
25983
68105
16445
25573
96653
38996
75168
21516
76604
49948
26136
91372
30860
35848
10735
73889
44897
1693
11896
89908
36173
74218
84564
29671
35842
78505
36073
81045
6382
11357
23973
18368
36010
74077
51142
75314
64493
14079
79504
57454
85591
98734
73389
39629
12093
5279
84107
46107
98360
85191
72526
64369
93857
74141
61621
59257
78758
10234
82302
47156
61280
8212
45301
3874
86604
82295
64453
51979
33554
99011
18003
48532
77680
99122
21135
49248
2984
43682
64665
53404
81608
15257
56793
55593
12457
75775
89406
31774
50374
27079
71898
12474
65075
92897
39759
35576
59424
19674
55356
18130
64196
91743
58052
48417
34649
45786
25997
8145
73475
98012
45
28698
62875
34147
11387
41406
59877
41861
50144
87283
93414
638
9523
47486
57686
23297
65671
25056
10575
22055
9878
65631
90750
95426
18530
95158
13570
4459
82414
19163
28395
67808
51508
66864
31550
89371
83840
27985
6097
18896
62139
95840
81237
7001
16952
17523
79840
27345
90400
40790
82604
95939
66973
71300
98260
69471
40033
77513
79359
54372
65927
11494
2066
65593
20591
45514
23028
83022
9898
64587
29546
59241
72166
43080
46302
70923
66791
91386
18908
65047
72442
88169
61097
83652
34288
85863
32059
24972
82074
35233
80781
39890
57439
25265
51210
12233
69760
62814
23086
5517
34555
17477
37363
12087
24641
62968
1863
24048
38620
91894
98291
6468
34686
75011
44506
87392
11804
49650
59938
66567
34608
99535
55609
42603
78009
41958
28163
35504
42753
66854
94609
27473
50221
15680
71401
9680
24005
60935
48126
47035
86412
18361
4365
15488
35503
32916
41959
4415
82956
5704
59446
64516
44325
51460
9472
22573
62115
66774
60749
57446
39717
32212
47207
13213
62407
66452
48250
90530
50596
29821
66940
1476
26202
45129
61983
26274
21052
3475
9282
61454
58277
67580
50413
60292
29351
64016
71254
31567
70992
41289
79821
66958
79609
81726
52281
76474
51931
35849
80678
22426
87279
78243
19556
32490
76366
12640
6192
26008
23722
8824
39263
31505
22208
26004
92852
24497
11806
38668
16705
4557
63659
39410
50152
6918
97086
8050
97184
15517
67594
12502
97749
87964
39666
32925
90660
8088
80537
60290
82380
87894
85072
70778
4451
44932
17493
16315
67840
41098
76630
78752
16419
5381
97331
92383
66435
33389
89789
72285
78881
16319
31982
44871
47838
74425
65137
52618
88640
53735
99548
74217
21948
61512
26616
74100
96004
53587
21300
98821
27953
62319
74354
65201
62836
50355
80757
97389
96280
30551
28845
50534
60017
58904
73714
24651
45667
70319
64305
12849
79552
78994
80955
31879
92714
98275
84459
7758
5157
11805
56872
51234
87817
79989
16256
81725
229
72396
31051
13921
94768
83012
81974
71258
54416
33914
7313
19017
89341
87327
12537
19581
36590
58800
67796
18949
45287
87000
90842
93729
48220
3890
24629
24209
29812
60674
53330
78159
72656
42319
44681
60623
64536
86445
80643
7754
5801
97812
82247
92432
82591
60358
27003
59594
81722
29502
52827
33000
3553
83407
273
90510
36789
89260
44745
91866
22252
32694
27441
89654
1940
95999
88159
6045
79345
94217
81564
74056
81423
30549
78899
97662
72397
66648
29496
49352
54523
10512
83119
96683
52053
68141
13593
14142
77971
1096
56899
36988
90082
85020
64242
61602
82521
63137
67847
16503
61240
42181
44251
63271
90784
82921
25108
26856
40017
96781
86642
74418
48613
94556
31804
94947
56291
38338
96528
60137
30163
31542
39759
7869
77311
75625
83938
1267
29262
92685
81265
46924
32906
52957
73060
87666
77866
64396
81866
631
14091
73959
15191
77638
73125
73253
82778
85993
47509
45585
62340
56191
34453
75809
87526
95978
18194
99916
18493
73050
85774
79745
78673
12475
34968
92508
63033
39027
67438
76656
40488
77019
88173
62607
28519
19994
81621
22792
39917
44541
52481
50059
51005
69402
69784
9918
32887
29649
60029
37068
11749
43901
10778
27937
15924
28310
97564
45971
23274
67646
81620
27196
46299
48990
86009
20553
46893
16986
58335
16434
19753
81601
17913
5717
61906
46891
36478
7929
8592
70142
36015
2572
89928
72643
39383
98822
15303
67259
81694
79727
61304
6568
33657
8282
82454
76207
71158
59403
74030
90783
69835
90904
83222
29497
54794
31790
33100
56069
43113
51692
71984
52160
29554
86527
39509
79503
7755
65714
72644
59966
76837
77619
1914
31247
8364
9314
58972
47468
31184
60288
83623
61384
44895
1432
84840
71330
73010
66934
22906
15542
4066
82422
93860
3228
33898
72033
48684
4605
69570
24239
48886
9999
99054
2591
81634
43530
72185
42730
17861
97312
70748
69758
47009
67520
71063
9774
48048
98969
54768
80834
14391
81624
80424
49387
51288
87541
67767
96186
72389
86842
75484
58012
25349
96223
63882
91620
38374
14108
98013
33805
95688
34493
26290
36137
71498
6614
38551
67905
68618
55743
28401
26853
94417
81636
91186
35609
82124
96088
68511
81087
9544
68760
83112
46669
83837
75989
47811
2708
60561
24315
92958
51982
93443
3329
83278
54889
78167
20612
44721
97460
63374
97379
20834
54439
78782
31570
75552
96826
10598
75147
81751
90802
28347
66324
64368
33274
60342
6416
88075
2405
70290
77073
49102
31411
16552
48142
53604
71994
31962
76610
1608
82237
34624
49698
13234
74290
33305
85911
65777
18318
70266
19680
21177
18463
10914
52004
95732
29276
9476
69410
51365
21984
26889
95045
20611
78922
48146
26801
42875
14686
74240
97214
90983
718
15477
14521
27872
28901
53758
40022
60876
17601
76147
98625
54860
18095
70647
96771
43780
20634
98631
8569
34532
81906
76821
41706
16886
31919
71355
26382
88430
53399
64245
60534
60719
26296
55758
5531
52408
37849
17640
84256
71832
16824
26375
26332
59014
10193
32144
56667
40228
14743
67107
29538
13632
78023
9793
47658
25538
37851
71294
38930
89953
95510
86338
62307
20024
39831
34830
55482
29449
65419
94680
35175
54388
79154
2543
37691
50506
55171
57717
23571
29010
88463
92201
80286
84413
46043
87425
68260
88553
51276
88109
38887
43207
31583
23572
18566
36455
78615
45223
62791
68371
30557
61515
63318
3540
15616
20967
91208
56578
6927
95824
41552
65079
77877
97941
77449
31158
12471
69781
55200
8440
82659
16292
49821
62383
21882
83269
95623
92624
12016
81363
27137
48411
43678
24344
61091
74178
6795
72647
78307
30648
6173
67648
31316
39425
26143
37883
47981
32263
47829
9561
41993
21645
85247
91583
92062
32049
12792
442
90303
19902
98071
14995
89079
76178
463
20279
61554
27255
39728
3244
58671
86359
82783
64701
36965
43882
59493
11287
27935
48816
34654
68571
71350
34199
34687
55695
9960
75069
37884
54048
77885
28323
35017
29903
44287
91994
67186
8140
71766
62911
64974
28597
99928
16936
18933
14804
3697
85773
38283
22861
3512
11857
55919
24468
47260
26042
22128
86920
24365
84302
84487
68340
11251
40044
91959
53860
16437
23456
63819
83654
20259
74988
30552
70328
18969
12028
71164
24241
4221
55871
48132
71443
81479
48543
96298
45374
69319
96503
16099
2889
37724
14037
29248
56880
6684
74543
11374
74589
58718
21187
81920
24479
93032
36665
21974
90319
74980
59498
26561
4054
12696
34511
63748
32617
9674
21274
30103
27022
80698
89006
66257
111
19093
1861
94138
17650
63606
83369
90308
96196
56073
72852
10542
69608
2017
56407
97570
7986
47427
71725
61959
66405
900
63306
47117
86098
27736
55571
42986
5538
69034
90685
44604
24395
56850
54245
61075
22366
59652
92725
9700
50954
56845
16529
3846
34325
91687
17597
61200
90796
13253
70125
44012
54
50304
16476
71989
44996
81338
39445
12090
60306
32738
82084
34533
40866
86956
32503
31697
38163
42301
44423
47477
75033
42013
48732
91781
60731
13578
85298
7157
9349
7909
84668
6910
89634
24305
30651
75783
59383
18295
66892
33362
56486
62400
98235
33818
23821
8173
70032
60819
78501
89373
94508
9546
64125
3454
56229
89315
85786
32509
91902
19526
77251
44059
60863
58872
27031
54521
86750
37731
71631
21601
20686
18782
80109
3532
49216
76897
60447
51965
43376
19049
63747
54024
45823
12501
68363
10356
39934
27478
81738
56177
97988
23299
46320
7555
18865
39631
97498
82263
52898
44249
86250
68232
67753
6803
79549
45556
32950
80194
16150
65391
88126
13018
12489
17145
10371
77699
76304
44598
45907
60679
29201
37338
8952
13617
37039
89519
61424
95243
40527
23148
83834
8123
56322
45909
63176
89056
71671
53925
55216
55880
88123
46705
52094
11300
22597
55390
8641
12800
79874
15374
8200
54343
6182
82992
39853
9632
38910
37313
93575
69464
30787
89012
78827
8242
54957
93978
55074
33057
29748
19039
71468
4410
33661
25247
29179
36949
67005
31194
3145
22917
43208
63693
51203
30442
10197
60437
22284
89257
66965
45860
83736
55398
28900
62112
43515
6141
52870
77555
10045
96825
95886
88474
69699
35520
29861
97218
56455
69966
23706
17413
36539
91206
43589
95308
50057
40258
1618
71210
42212
62754
29425
74637
45250
49717
99447
72164
23481
53345
32599
6056
37097
85975
52421
45806
45034
34688
73080
73518
71671
91707
80948
54868
76061
51002
39435
86937
2775
80251
57494
32305
32575
13409
42374
45505
10919
86811
24029
20732
28875
83262
92457
90206
82133
26487
77677
74153
35242
46097
69574
9754
9389
26018
7760
51126
19236
78522
51906
37717
32555
4692
7973
61384
52561
61057
96834
84677
43099
21249
24357
64924
45072
5027
19906
40964
58252
15552
16453
45198
55907
9356
65634
70890
51060
8048
51795
96741
14682
87054
26963
45193
20781
71549
2906
97487
60268
77819
89665
35702
31965
7899
36948
78098
1994
54156
67946
92135
85073
43502
51886
17056
30319
23893
49742
57546
12909
89165
40378
33732
24817
52604
81430
79988
57222
82773
16270
27122
44766
48213
93912
77731
88372
88525
94908
4187
40295
47234
36074
26688
23177
71974
51556
84821
33933
87687
21551
58828
99869
91566
32805
40873
60631
71241
66321
6425
48852
40536
52894
18093
62364
10631
29940
7775
57873
69483
37718
29017
23431
80970
42190
84467
72122
2997
11457
11718
33821
61318
9786
68255
56564
38338
68363
89925
20990
69286
47667
32475
94983
64970
45863
68140
41233
67408
24255
48169
68171
53402
73242
72200
12479
96626
42381
49470
13041
464
9955
36449
9271
12860
28785
38172
99024
49718
37054
38593
78070
45367
70076
87840
77383
71097
23909
82782
20652
95934
80939
95125
99102
84954
20067
80238
31481
500
26283
11270
75517
53180
44826
79689
61607
50547
30894
74563
6485
39074
29368
55383
19158
80013
6444
64786
37463
65211
43304
26034
71833
36179
86946
8311
98636
47590
35870
65688
18167
60800
88749
23588
60232
31318
3348
5552
50307
2457
88047
97512
98127
54295
95287
48409
58174
41306
38794
89610
71415
57266
52329
87153
37218
51052
33274
59789
30236
90795
61252
82098
24809
24661
50886
2712
98281
2621
94248
12372
26353
88787
60008
32779
40024
47043
89143
57292
57522
35459
67363
5726
20493
12498
67783
88287
96145
66446
17720
9150
69530
93696
44232
635
21135
23007
24630
54804
61539
94694
32841
26761
64122
30783
24842
37349
40193
15565
82146
28338
45597
54222
62196
12685
20695
7987
15807
60728
56138
78018
30165
8325
2492
43468
96356
7671
55432
41359
31736
69666
89590
51461
37009
43753
91303
69179
51340
26306
47366
58972
82037
8295
80064
16644
67545
70739
55865
20653
56121
48203
36818
17881
44101
78890
16427
50041
52603
45188
48457
74940
73461
54488
79937
68861
53919
8880
80996
65224
96363
51973
59099
60769
40181
11955
7124
84679
77051
91643
64831
51934
49287
35271
22128
5981
52149
72920
36736
60776
16490
76262
79260
74142
53362
77980
187
71974
89985
80930
57413
49217
47429
64981
31157
21669
14312
68263
6534
78052
45999
44500
58336
80993
15101
37254
15921
5178
85139
16303
4732
60575
39484
10469
90094
21368
40600
66276
4375
74840
12065
3924
66322
61938
92750
46059
16002
71721
6713
38489
18228
78014
28435
77177
95051
31249
66943
90772
18216
74871
24250
13951
43604
75356
32500
61811
10191
52949
32184
7004
55106
61164
2891
55398
82327
65440
45438
78930
1195
28631
98312
77425
63007
45167
75740
81820
3571
7550
44948
9019
42469
65041
31211
91247
9009
91425
21941
16988
13477
66949
73009
78761
90679
17221
39590
80908
97183
75081
3375
26102
76687
55032
69147
39800
50302
2089
3947
84144
19234
84633
38101
16752
6082
52734
41086
91569
1646
22472
76697
29503
51863
26419
76932
50818
12399
58243
68931
99792
68503
61800
51607
98026
4816
70563
39061
20808
51143
78611
42499
71640
34010
75388
22334
40320
98746
43188
96543
41645
31076
81396
88431
35152
92830
36042
94326
13709
50878
19532
29550
23871
8115
91768
62625
42829
43678
97417
58226
69406
53430
87888
34335
99784
53820
55887
17275
44186
42386
35444
32613
34803
44993
36362
72089
14477
82984
80430
25696
8897
80093
72417
80714
27796
65812
53914
68016
16391
48825
38846
97288
17459
24429
25243
10536
91561
45906
95081
95274
59022
28745
97169
92374
70456
53894
51575
14105
40898
72082
7045
48575
14207
13467
21468
73334
91222
26688
48254
62437
94543
60623
82697
61657
74867
75089
8052
79945
22244
2752
79344
46341
65188
30954
443
84374
72258
91952
52586
72605
58374
51044
98014
25719
91016
70530
9132
87400
98449
47199
96013
50239
81524
44046
27543
41533
21959
69290
569
6522
87874
76709
81322
26145
85509
20096
91362
12107
16988
58453
25289
19766
21899
77086
21738
79761
11584
84371
235
68016
71762
48886
78341
16932
55929
28483
17642
72149
54039
96383
30220
89005
41951
47883
95882
63969
6006
71040
63667
29894
59134
59822
78841
33824
11025
69511
70048
18972
55787
19843
20274
67103
15920
54832
58361
70714
84769
2288
5495
53913
58726
3580
14582
6342
55925
63470
10686
2741
52034
56200
97269
51596
47317
47857
58116
7633
76063
46285
69061
33101
70861
50883
81942
87762
33579
90796
32977
14925
60152
64836
33071
26727
10941
34727
5701
36040
41800
27411
93299
95107
51193
46519
11954
97310
92099
9585
37451
63183
60424
24800
23936
38688
63617
89123
29110
42236
18059
2266
44835
65820
82308
64466
6528
18748
84839
49205
80036
38996
61085
45688
44052
13519
71066
50476
40001
33603
52426
18872
4867
99490
33391
36748
75071
72435
26729
46237
54260
57094
13389
29023
86724
22520
60882
68066
38845
68186
83075
40684
17251
15247
3168
80270
13266
6463
33346
88972
25609
87522
75259
75500
3915
96509
84178
61129
63229
41736
63880
34726
50982
95067
85371
86134
76524
92468
38233
21272
36175
79231
17047
27976
90228
62624
51904
39861
32987
91381
58193
62587
38614
91227
37765
42121
84156
92855
67177
79138
57005
60291
19988
60930
47151
17044
78391
12077
55280
6985
58745
8958
99108
30361
7032
15413
22984
30098
9232
84997
21976
97876
2552
29762
3695
70691
67229
60051
67503
81820
75347
19180
27362
19794
51058
56818
92895
75643
55992
41493
64907
93885
71507
71429
43677
30245
89437
51736
27000
24455
46282
75444
91883
95174
83437
14659
16244
9483
2623
1526
45801
14957
51187
94905
20982
31571
5347
25523
2455
77394
4251
6874
57721
72122
26397
97923
47099
31347
46335
68542
92487
62007
59430
37050
48191
27927
31100
59628
84376
33795
47081
74057
40675
54910
46728
9689
5826
94702
7281
34781
53415
17295
79803
99676
75731
56799
96089
43562
86891
32024
71308
29594
37898
98359
47705
93550
56468
97348
59441
4228
80166
25221
11881
84642
73924
23498
90480
37000
19395
18287
19305
1028
38412
55842
29526
56094
61493
42630
90827
95305
90985
45758
82260
69289
53447
15717
35316
47701
27619
24871
29634
62178
6576
72265
71939
26298
49636
80113
70856
28301
35686
57931
47654
51524
48167
83000
32337
7967
65805
78102
69218
5458
6870
62334
49549
73400
16265
93659
96864
95582
59523
816
61861
11089
77507
96327
49783
62326
75145
68931
72146
95013
76343
96623
38771
31285
8167
82328
60542
73212
85733
45684
53312
77505
33348
63214
55272
85624
55669
20758
2005
49420
87887
19565
83309
91085
55085
79733
51909
22049
11508
92910
53861
23500
82357
93156
1981
42411
45415
41224
30085
82894
56641
82146
65102
80162
73781
43385
35492
43929
76676
75941
12446
50124
54205
46433
98293
1366
79367
73872
28281
23122
92547
43602
28740
12478
14551
86848
96567
14119
98900
12327
8327
66288
94012
9632
62336
14715
55328
34693
47683
55249
46336
74867
40056
56308
13321
3630
82292
3141
75666
26016
21504
19139
69445
69870
74623
66721
51911
42586
25557
3082
4602
56515
30630
91215
95779
40414
24060
36897
12503
9319
41625
29202
35899
35970
13168
85637
72441
54409
34402
43689
9397
58445
32850
27958
82837
60431
78795
14510
45584
17600
6052
18812
21029
99118
17785
30924
94468
22003
56262
17360
76802
44254
72596
29950
13431
62684
59401
92444
58456
27900
64927
92898
31495
36220
53895
92102
54340
65060
65831
27996
97678
67357
74889
15932
19023
27539
24172
39915
7226
41442
78743
79824
63997
2916
6310
17774
76551
84359
21912
16338
47803
80651
2729
22357
43387
27910
32279
46667
89433
20945
34122
36862
70163
31662
19940
29126
34168
25968
19580
24455
70317
81409
33191
3299
6105
69669
39256
49173
62158
42737
87857
48234
40431
7172
28550
84840
53757
80730
36857
61739
30727
9550
61653
46972
22129
19577
59128
81200
56853
68152
80354
64199
10991
45532
95671
87496
22632
11920
68530
93380
59391
70935
45930
39378
87303
94576
23872
37269
85081
95212
62256
33486
20464
91707
90938
91410
36208
84149
20071
92510
81759
71061
25482
44445
72410
25226
12498
93740
47240
8339
84384
68365
98777
96104
47343
8811
28240
46471
96373
11504
81414
71884
71092
62027
45193
112
79013
32631
10229
50097
59794
90240
87686
18827
67114
33383
13391
2729
20138
58386
49379
93850
53360
40744
16541
46893
22008
39495
7211
52680
27404
78332
74723
54114
40881
89945
94128
35504
51443
31175
24891
14565
85142
45258
94434
30357
25898
36279
22163
32453
85894
57500
11491
94992
37254
57848
80118
98348
39343
3348
41445
26430
70109
9184
24036
82703
8931
17557
33035
94489
96418
74626
48266
91302
32418
24375
68060
31357
26962
83250
58289
82330
26229
27192
21752
71232
31613
62749
2101
56128
49300
16968
71689
61063
83892
77525
63091
14489
84840
43396
59869
43869
76823
20368
71009
50264
6331
24518
85657
49002
47593
86948
88449
44484
39771
55327
71898
87151
18674
25185
99702
27117
79967
24137
21534
95568
91080
56008
42605
90311
50203
73722
85950
69598
21913
58224
3859
55809
64568
6771
66536
63343
47513
15702
56709
60852
15626
99817
27370
52152
61334
36627
95000
5788
83437
11171
97878
1313
87820
18227
99750
92713
90384
15402
50547
9767
45679
66685
19263
23987
30250
7913
10729
41270
37354
68578
94142
46891
57972
54796
91134
29592
57418
33798
4863
50944
72108
37213
44206
40527
92690
66222
55431
35851
11395
42303
35075
78895
62171
11710
31709
67019
61426
54946
77597
62832
44587
74175
91354
92746
20330
15714
89020
20034
84556
49514
78065
42429
46980
651
78837
80950
54766
25852
82144
77561
32652
51383
66836
22031
96865
49790
32389
33707
15237
52296
63171
77509
85420
95483
48444
98695
39496
78687
62656
57910
44913
87718
27548
22555
37795
26436
66718
58834
67207
57392
97644
29578
56965
64627
4618
63820
84212
68934
78092
86399
44246
81290
32103
88637
15830
7671
99780
61601
28723
11419
50573
23215
96209
77833
1826
20042
65203
33966
98342
45663
12251
28285
32486
62585
72119
47063
75556
44064
66455
55475
84883
18453
60957
43079
89005
7465
71623
85199
71999
95188
21869
90360
22837
76571
19334
39902
74437
8324
49363
1693
5325
16515
18835
36936
9351
72239
96352
12266
55214
14271
5699
95433
34980
29989
12743
50536
41300
37619
37031
86996
55427
29473
32907
34360
27403
93619
89218
23310
8124
54921
88414
32568
82883
74268
9353
44452
82619
26741
98420
74356
51993
57630
81387
93286
36646
41807
47714
69668
27318
70664
75883
91919
10086
46178
33552
51966
83872
83262
75100
31023
81332
1880
2028
44338
11476
78296
93429
98142
89824
97165
41456
70818
98952
18266
61607
32583
29959
75503
86165
62043
81482
57171
84309
82374
98024
99729
34016
7590
30836
81578
29721
1849
93625
73563
73853
1136
14607
24634
74725
7950
34026
45104
61107
41598
23751
17138
9339
37209
67020
45118
52775
88141
73068
54428
25405
25252
95320
8403
48524
15578
40033
94592
61247
96131
16471
90814
13465
36606
48789
94814
95547
57984
56859
20583
17434
60318
66307
87118
92381
55002
28935
83734
86767
38037
46942
97363
84993
67022
88565
79212
6684
68347
70284
75309
55971
57663
93759
89152
83959
91842
3737
29832
49985
45380
37460
34385
54783
51749
98752
46926
32575
13513
33946
6806
60874
27572
34111
68624
40103
26058
7437
918
53489
24124
30183
37956
81117
34009
12275
77143
55873
53537
34292
21286
3635
85156
69098
76548
75485
3733
65340
39145
81311
3559
29021
20255
95956
45185
6865
75451
45321
63670
91720
80563
91936
62696
89327
61276
93432
84347
37257
68942
95466
13125
81803
43197
48255
54904
11982
70377
55044
62443
33084
91816
74352
17187
62166
97659
58596
45218
71495
71285
79979
68710
97883
31241
53205
11211
50372
33264
5806
94389
89926
52466
52283
40318
42739
73147
90056
80516
99689
10415
44403
47701
38669
34656
19563
56941
95126
83622
1535
88584
87914
75257
84660
38964
52179
96322
74686
95284
48269
53840
50593
6000
33824
82917
97570
93545
39847
65580
5963
25385
5603
48673
12574
67946
30099
12739
42752
67360
62181
84833
89311
38456
98367
14713
14424
16753
12304
13863
31945
4448
71350
41740
50248
24049
87962
23692
15140
54590
83142
21575
27205
58625
50945
11381
41816
94096
14923
11943
17666
21044
27137
73307
13612
75476
62376
32610
43791
80820
38426
35080
78052
1950
98387
52900
44793
28382
45231
84492
37927
58627
17867
55933
93679
84629
73760
29293
19021
25655
90808
63383
53735
53341
25903
90086
45756
34339
93621
66025
51835
44782
28209
87186
51937
73463
21897
87299
21537
9178
41826
99023
99744
75484
87033
12343
8848
82506
4128
34800
84283
63803
13950
15392
1479
95802
11855
44882
80814
57551
87525
51159
12263
56560
6622
30117
34446
12555
32083
99655
50849
94753
89768
92075
78977
18317
74890
80934
45571
95782
88632
46469
81512
35788
68293
21417
74535
14337
67035
31807
72966
33876
13675
5278
1921
36828
55680
69608
74846
3888
52363
57539
50686
73787
42547
46023
34400
36901
95909
87990
43339
31479
41804
10834
72768
72457
41459
98444
46581
86485
33718
30824
13381
84765
83224
54726
98989
54950
12728
3155
57476
38316
12515
44458
77740
38574
77022
22824
7708
76814
72106
96850
28146
76026
78968
68156
42090
93695
96648
8911
394
65816
66692
906
78021
39618
25818
74059
34701
36966
3577
32715
65628
28655
28050
4075
28480
78697
83225
9799
44335
65122
26517
28987
1563
81900
47439
34555
56709
87054
27214
52471
66973
71404
81917
60292
9657
25410
6497
54693
51248
37613
18267
11470
88345
31221
55159
49670
44895
89261
90215
9572
43001
77712
89254
72856
32295
47127
49448
56740
87275
72646
85192
72197
42166
71720
91394
71531
58805
57023
21207
7928
61951
97376
26226
69497
82256
85731
50088
3816
70876
52148
42261
98866
88556
39309
36732
73276
21414
45577
43798
19336
82912
35227
59646
87174
42471
34780
46116
97491
4865
14587
25252
68946
96450
50961
66161
73488
87446
71919
19114
46195
70192
92532
88990
13657
92429
95881
51241
10707
49145
61591
81846
93414
91078
63852
85415
42031
91094
13530
16153
96239
93663
83022
36997
21316
1605
49159
96991
23096
38603
54884
85061
15454
48505
91516
86504
45229
78320
54184
70527
28464
30646
14090
16749
24553
24485
87597
8922
772
41036
24491
52297
30553
34543
72095
26368
70610
52123
70571
92766
49330
44269
83031
81563
99157
97835
64619
71400
53659
68056
91546
33743
3048
99411
14141
3518
6539
10721
47235
65272
41463
48437
54785
71622
32691
32291
69185
80637
30805
29351
97373
51976
52287
59799
44971
79975
92524
16316
15887
39899
60882
6568
20134
82999
71248
66060
95642
39865
21185
84641
78121
91293
57703
73525
18343
55361
7712
12204
62193
38218
44456
5921
14035
19001
1806
2224
61080
62424
50136
27834
16512
21949
27922
89939
44333
93887
26111
55382
56353
89083
56869
74354
10660
9569
54314
87283
52547
73128
87549
65152
93868
31449
59571
3127
14749
21241
10236
84104
91053
41244
46438
60451
25892
36203
9660
63647
52169
34170
94987
28572
39843
46028
87527
65837
16537
98138
93800
51559
69723
17720
96704
34664
93957
37682
90925
52162
52282
5799
91760
1205
75472
68647
6214
88428
1604
89367
20828
52542
77202
6155
30525
83086
28377
29663
56172
5213
56022
46019
59442
17920
72242
12467
61314
7905
56805
5430
51169
42216
76955
42740
99115
48968
12796
63787
23738
37097
44990
48099
55771
59802
48525
50862
21503
55559
72211
27877
83273
36475
70544
39275
76088
25584
11082
26451
79558
78035
14145
73812
33491
7958
96366
84704
82941
82569
30921
35909
77304
98776
72264
25410
63926
12632
41810
79352
83719
84440
18540
19398
13671
12410
83900
11334
37395
76628
87240
40375
45531
75642
20719
10867
64826
53803
91376
39067
53000
76296
39421
86735
25870
87707
87170
51668
51387
10535
64040
24667
17673
35866
18324
46433
32928
49571
85137
52733
79860
22977
34056
56474
45633
79666
35932
29730
52139
53024
80631
41393
70250
80007
36660
5030
88933
54710
57627
47047
90590
42752
7866
29651
25824
77980
77999
62631
75897
80917
40108
32257
3452
92542
74297
79291
79580
3205
92421
40042
36289
8547
1018
22192
67176
79113
48758
53094
48274
675
91185
22391
73544
6214
16
49651
50474
62745
83
74063
1252
82397
82015
69185
82719
57806
57408
5646
58101
90825
39287
63298
38727
25604
85300
72386
96899
27565
81602
25126
4557
17316
84262
33528
12747
58828
32783
676
31696
36786
49200
43391
6659
2835
77595
53829
52352
34761
13339
40835
95617
73572
17172
21335
73050
99800
86005
30910
10088
14880
78512
20706
3652
59443
35699
59016
16630
83559
86330
11806
25338
34071
34429
58719
14104
40291
91118
27509
3722
90697
70031
49004
38190
18564
81326
45290
5090
81581
12508
58014
40447
33302
66337
13256
67400
34853
86329
94482
26765
13197
76433
11287
85902
6795
77054
11158
36006
9480
34302
69216
5871
71637
33942
25708
67270
27826
75072
15109
70750
79341
43925
41017
94649
7403
20781
14492
8899
78107
44689
52437
40346
37935
83262
91885
53636
44705
62229
77754
51370
75595
72580
3530
95788
33574
77739
70265
6462
19527
21510
98138
21645
5614
92152
95590
15574
75198
22470
96279
33309
64324
80095
98663
32759
70755
49503
20001
39089
25407
1680
65883
22810
20082
2793
49319
78346
38488
54152
83483
13286
97570
15813
75477
23924
60409
37361
33730
43777
78302
89341
39266
84132
59769
28121
49677
88470
74131
45414
79749
69461
46674
29910
77855
23213
53400
70229
38393
7344
67221
85156
57683
29430
33717
56492
98666
29837
19636
67842
20703
64568
42435
51388
33511
24430
90273
24425
95172
98241
86987
83734
6709
35930
9253
17841
87893
95113
45866
51038
81593
66915
55984
685
59790
91433
3974
5955
37608
71427
11295
20948
15950
82027
38067
20547
63780
99125
77651
72468
57424
86912
20831
97504
72282
29807
68646
54766
30024
31649
34271
32605
46773
91434
49940
47700
24132
36601
55529
64252
94140
40516
43796
60949
7055
1604
20864
48470
38673
97963
610
76892
36216
47974
24902
16089
46513
11097
38733
5810
7842
2718
47302
36858
73650
39904
43123
16515
87417
66479
41263
82119
76709
36493
18979
20255
30150
93526
94680
22529
16836
79074
26634
62102
19182
26720
45012
83700
90829
74577
56590
37854
29474
6211
87524
44362
55799
49588
11694
57058
24985
77835
81146
1522
19514
45623
27375
68968
79559
11045
24931
60108
29957
86276
37732
44429
22650
97263
52878
77738
19559
75915
5334
44914
67392
50952
17833
87446
38087
96472
61931
94784
84507
40537
46868
80243
79752
8762
39589
62427
37897
7088
89071
16144
25373
19342
39265
30206
63404
24734
79842
22294
76965
18815
24205
21169
40126
89246
72682
26868
14885
35816
95247
51091
46663
8027
82148
77259
31743
18165
18753
97849
6018
9568
84101
42429
81511
45740
60071
40401
55299
4950
44857
34545
41686
64505
18393
12340
39988
48004
80773
83835
22344
11309
56407
5414
89813
81038
12984
36372
3183
15677
69229
97231
63156
24206
79072
15029
18409
769
32762
62735
33670
67888
65925
66012
16729
73393
14825
85868
35785
47263
42642
84023
43875
33022
85742
57437
88289
58749
37146
50410
69380
87437
8926
25670
81188
59847
56271
37873
76581
5250
25768
33188
34261
1686
21474
67155
71434
76024
61206
3861
3949
44509
99761
9434
32532
12933
9798
15512
84382
50767
43821
84812
12848
41188
71893
67948
68865
37739
23082
80167
9500
50458
42127
638
75221
83609
69354
45775
87666
58775
85720
13725
99454
72630
46120
67979
12100
90336
18150
47523
51011
93192
6640
60604
61734
55173
78840
50235
77364
18365
45219
9798
72443
91586
47715
61937
79367
26822
56554
34289
45557
2
23778
45279
50243
32447
96726
85121
84947
19666
61888
2319
79409
71849
37719
10796
52134
79219
72657
81550
99596
13562
77846
34726
90575
75565
25652
56598
22519
46412
43420
43663
73309
48320
19195
85683
55213
79425
52812
59728
82556
38624
12704
36325
13
32386
62520
54539
89802
66041
5138
17400
86982
18546
58800
52964
10097
31496
57367
19048
59123
38740
86582
92947
6754
32461
20139
26000
55618
13449
44871
36493
6424
53867
8773
10927
28333
42291
84466
82148
6190
39618
42603
64275
15939
20887
46559
48627
52444
71265
27808
93675
24803
30042
42393
91946
81827
30402
39607
63453
8818
14497
13401
61493
4730
44599
5343
26078
24607
2506
7509
11127
52536
3292
41963
75616
23519
94940
60161
7914
9921
69038
70490
56854
53278
58712
59011
10871
37530
28253
28119
47829
4254
59820
96185
644
41193
35187
92503
94462
94934
53658
60867
44693
60792
50094
13059
21505
57229
30464
76274
77927
30364
65885
55924
77280
15522
71259
62062
68374
18841
76609
96491
46849
63590
62055
57652
27328
27155
48598
76762
35619
41231
46029
97200
81843
17078
73224
46394
15944
96550
62561
52675
82948
85833
17713
74904
95184
64100
15200
21569
28961
79072
46950
84879
50277
27361
36737
676
30916
75000
6321
88757
93094
48913
16470
93193
7028
2906
9986
34805
41385
29000
25474
68252
58770
27872
72435
1342
86841
92222
97315
67458
39621
71020
90568
52193
14775
21743
48139
39934
81608
44322
28291
77368
95880
55377
54715
59331
82147
30575
34808
82802
59094
96529
83565
97883
53689
11481
49128
61675
25740
775
52101
50506
68534
13361
49305
94035
50360
5069
44944
44455
71208
68758
97605
7741
19214
67565
36970
37109
89311
61725
16376
26658
32014
56279
19405
10750
16573
49011
78513
69998
17773
66979
37845
43448
81307
64324
31413
90124
11236
55902
24193
54907
33375
86606
68475
43303
86807
51120
15239
78222
21601
93361
80573
61275
16787
43266
95923
86045
88362
69404
30399
9956
16601
80811
93405
91453
14398
94993
58372
82679
78396
9502
85264
78961
47240
2407
36801
32200
17540
64508
49928
38914
16051
66852
97361
52423
60061
62721
99770
95139
78169
39643
9655
83757
53236
63886
54592
89694
61013
73694
90397
49465
49453
47537
52563
7190
73791
59667
4272
97878
59511
60028
54015
73911
21717
41588
30477
91165
91966
4475
5687
66260
41079
73607
82040
22958
63696
9710
26403
37091
76076
63084
72970
55272
48701
19988
55368
8546
12049
75310
83700
93014
25211
72618
49264
47677
13431
72361
29065
58927
68271
51607
23155
78172
57621
27911
92426
26435
73808
96858
30034
82319
18047
29540
70925
42671
50473
38505
22501
82814
6920
74606
70043
40213
67432
33907
73158
5511
71090
96149
28356
88699
53104
34401
33835
62151
24597
48710
10307
92123
49304
84087
58834
56856
89949
9585
56847
3959
46930
20658
24300
39900
17334
39593
18705
11785
3392
12256
88358
48189
90505
6157
17413
21945
3507
59776
67267
9320
19594
66381
51416
8507
54342
85882
10375
19599
62508
66764
12064
9523
63001
79956
71066
20421
45171
33972
27243
57609
79615
46350
22727
81148
23144
18131
10038
35709
59725
57436
5408
31732
9629
57690
21494
29344
78122
24156
56964
18618
7162
65680
12080
99278
18278
21414
58518
48643
70728
63749
89990
20445
89639
45816
48290
26894
44994
95674
71929
81219
18350
82082
96554
37724
22558
30019
40627
72540
62102
2236
19031
33347
65258
10219
23399
98555
50486
82370
94543
80829
54987
53998
81246
54190
93100
11549
18294
22330
84398
58795
95962
44593
90250
19085
80
40113
81537
61998
26703
42933
32890
23798
12300
67000
48869
52936
95623
64627
3913
11286
77601
42782
3243
92504
76807
69529
97409
75137
83385
32604
72495
20918
29223
88938
13676
94102
38472
60372
22687
43551
58216
75082
6450
72899
74120
70170
68805
14570
7655
36501
91137
10103
44009
26536
12103
69807
47822
51807
12898
23055
96701
61876
31526
67053
37159
99878
16809
38298
65245
91769
15117
66370
89769
17434
13553
18144
74680
12499
96572
31596
81463
24856
95461
35511
79780
82778
98219
66092
19226
46667
18742
78190
75834
83845
79900
34109
26900
75226
23245
53405
30278
76369
57452
14552
82577
27420
58639
85600
31647
24039
85942
7218
59582
99253
91745
5966
17663
50462
41228
36726
38515
76231
53380
54541
92943
71965
77304
14884
82295
99293
31892
14035
56742
77434
24126
98776
99495
31479
30335
55521
63150
39711
69745
13837
26282
50643
37426
60102
79675
67782
92702
39313
28467
40646
40558
66715
16960
52103
40806
4963
21708
27794
42937
47811
82095
15967
91894
10096
1882
46261
73547
31781
37245
92834
7774
70489
56574
9410
20537
48181
17822
76378
67774
23697
10394
35514
4145
11762
39158
48954
46819
99626
58144
45530
84691
83800
18472
5580
26665
24146
77499
54355
13359
32587
45724
1989
91457
91531
97889
20851
46101
31894
59992
40705
48433
45765
48241
76228
29658
62390
46592
9889
60409
28705
84838
58754
14223
13859
54488
38280
64401
86912
35449
17047
56718
13574
94174
62677
99019
98905
18636
98416
39921
85368
2136
86396
67773
66713
951
63874
86526
41376
5831
14639
82770
11893
81227
28091
96610
23152
8592
36840
94721
58033
19146
76834
24907
16096
63397
56861
21471
49551
39986
23668
93143
75967
87274
38123
52708
95438
51492
65465
17414
5307
61744
53125
10699
39937
44367
38642
51387
65953
23813
72987
80433
45188
40308
75260
9239
94887
14576
89641
75633
78622
91063
82566
27723
1582
76212
4554
25645
72454
33448
17125
10472
68020
30029
41655
73660
91246
96156
76618
9898
91251
30550
82516
23275
61210
96755
3053
83502
34595
78341
74484
3733
28645
70658
92974
24421
6701
74308
20738
86101
44727
25123
11683
2767
13884
95323
7905
98192
77301
76136
24475
16198
53745
56633
6795
58709
74773
87124
98887
69521
47935
82094
66341
25133
94384
6435
93293
43934
38174
70569
72486
33567
48756
41368
77612
48092
25473
57574
87643
11958
35478
85782
40359
98759
73300
66639
97998
91198
49624
74636
44404
49684
23011
90220
194
12468
48625
40291
86057
79003
38612
41918
54793
70504
23400
30310
49231
20824
55990
72979
58409
79375
74076
37745
63027
23339
52839
49450
39742
3962
26505
97815
35979
24598
73635
64236
61270
67158
12103
87579
97395
84709
43973
46433
55564
74556
38009
74148
78055
55608
72453
46228
47415
59597
7101
34410
24192
96825
79641
85763
96749
45722
31459
68606
35981
90756
8230
56052
72773
74247
16008
49388
51454
99331
702
8496
42519
10935
96588
96449
86723
42464
56703
99760
63267
9740
88034
54514
20702
48650
77248
57298
55971
66260
4969
97
59924
38015
89297
43824
61865
42191
40660
88336
86177
97716
25641
10320
31232
34425
20804
75722
10364
74249
90361
52323
82908
26664
24259
71282
35469
44149
19229
58711
17851
14542
67070
14915
56309
93083
22141
29146
61088
20593
43427
10134
41225
18845
44639
91984
22242
42938
20589
66213
88968
8162
5918
52584
22037
75454
39631
36030
48374
3556
55976
53953
37132
91742
10373
44420
82990
41791
22546
597
84520
23451
93040
49842
21500
5809
22071
3241
26761
34699
47390
87491
87284
68639
60126
48686
84942
60282
51285
17560
56287
82640
24064
89419
32871
94874
26413
93160
45038
66043
91857
59122
74539
7327
41408
65772
8999
46115
40336
71167
37381
58057
93490
6171
84351
93156
64253
58506
76991
48030
19076
6533
57410
80926
67737
33833
89777
97828
69430
39646
34000
63864
4682
85589
75150
23097
61426
72801
1340
15946
51189
31768
10719
33036
65670
11201
31308
88284
27082
33174
82119
83637
64534
19078
30373
48939
90878
38436
90948
19991
76032
27379
76982
28398
97180
73738
41128
70661
59169
47525
15481
73199
98276
7336
5892
36327
13976
4768
88291
71149
49022
311
26612
98594
45548
41299
26807
92234
59788
99510
4116
47174
95639
79418
33992
94795
37799
45417
99492
33601
34798
14741
35710
77547
25099
32362
47335
1784
50368
49991
56824
14041
32857
59163
13977
65967
48424
24729
64274
74022
99394
11220
18410
79081
34491
4653
46257
7997
64030
59092
64368
90974
12172
38252
95930
74913
47681
88126
90727
53991
32600
32922
82138
86208
45775
60747
15521
36497
51282
75838
37892
68752
50682
34960
36222
98633
44544
56752
77907
30865
77429
81064
24691
61465
25880
12867
61881
19735
99300
28789
72008
85787
50618
49273
69793
30804
22098
31557
89626
33922
66868
27248
70586
62255
99157
62639
17260
65325
6448
81378
46550
92651
70996
65670
33207
44709
90225
2716
26621
91072
71230
95184
10151
49568
55917
90965
1827
3371
9287
26259
82042
60381
47889
16442
59557
48147
47373
158
58109
96594
19259
33103
98264
5888
94463
65323
73118
68561
30062
67741
80880
68230
80142
14234
21193
83197
8507
10084
37438
25870
43246
697
82709
31337
52735
12234
1285
6162
19874
68027
83852
60876
51154
57814
1980
63656
39694
93863
48902
31557
72887
71433
22013
73393
14848
3646
16014
48222
29586
40935
24817
7310
9892
887
99539
56954
54458
1627
65026
44861
12145
14921
23726
61289
88406
75128
2883
79815
76784
98126
23191
11372
41715
99362
52090
55499
70885
2021
51166
68457
70201
3639
84241
67297
27411
71558
40973
96821
86640
40549
92662
33654
65895
74133
37865
90551
25760
43642
65622
49079
2104
57110
94714
40079
42010
95171
86616
43351
34260
39162
89099
10123
7844
74958
71434
83635
87291
97308
49494
23767
22872
2556
23109
2764
37741
35792
90882
36458
30101
49614
4399
40916
20915
21728
25704
42607
3891
43803
86200
7165
44912
45739
31211
80996
47504
48954
34201
55387
97134
55469
77513
76942
25756
27480
27789
23551
80167
55070
28408
12522
63841
93803
10003
56692
78876
74103
58229
30123
35487
56642
21065
88049
24028
91611
25263
59415
83695
67811
80895
39470
17601
40109
54492
74366
97352
40029
29342
82294
47616
96979
1813
77866
13161
4811
97409
79221
36078
22502
97542
11895
58936
83200
89617
88317
52222
56923
61838
7064
85515
17747
87260
29961
36630
55135
56238
79590
73813
59388
19480
50223
87569
92095
56517
2334
72241
50091
73725
75891
3526
36739
62206
26183
46711
5473
22212
85120
97044
95820
99106
61363
93360
31826
60414
39875
83909
89170
18748
16015
92640
26170
999
78059
83415
48313
67415
93170
56619
85744
54620
20307
75166
12691
98145
91530
69867
70266
24120
88812
71512
35457
90953
42532
28486
22350
43021
50143
43236
90515
52973
71567
52738
17578
92513
49562
2139
80379
73507
76821
53066
43682
95441
79959
6808
66446
64975
27639
14280
6437
57449
53056
3646
96768
73084
60247
92418
16338
55085
78406
75622
51750
32493
59007
16368
53578
4899
14309
58866
76794
67282
99197
53331
26983
15293
83601
90065
94059
8970
59437
6249
16712
64511
26483
81959
35834
30632
94535
2227
31033
90183
57627
11
48962
82812
62847
4281
88628
73439
72044
6139
25695
44187
82806
62801
60608
45934
43897
51543
88239
23669
54672
89790
79775
24458
4841
35248
69534
15163
21867
26776
13267
26071
56537
84302
9114
42367
21368
24548
11379
83036
53235
88442
10443
28764
43949
99561
94615
15701
38067
14183
15896
74326
31383
64441
16629
95610
21165
50179
46394
68939
15895
60548
73386
72184
54917
90929
72057
53945
12557
30338
82813
66029
69788
62888
64367
96013
65659
92459
73858
84483
48562
23167
84101
77588
69865
69630
1194
74140
30002
55541
21282
15478
79216
74308
72079
70308
58247
9644
97489
32828
15308
27005
49576
68451
13485
8447
21169
81454
24870
64769
64565
23812
66750
91734
94837
44679
97197
82934
80152
39255
41671
41977
58344
4743
56629
18556
73965
58450
87909
18823
82540
65859
10727
53640
63541
44609
2352
87171
71626
83847
85077
23853
77569
29050
11394
5403
57768
58489
82301
23468
77343
46787
45051
91645
93451
74427
56353
36461
65051
2417
28976
44038
44568
35229
17528
36487
62854
75312
52253
76746
13987
18665
22557
20619
31037
24736
77732
12724
3511
98433
51696
69366
55133
97790
54919
56460
901
69412
44956
17152
15975
52799
92128
23028
49899
94160
19807
90211
18304
51381
18890
18841
58234
29349
73762
89998
79239
20704
12126
92914
76038
54250
88722
70302
79825
18116
44817
34529
46688
90064
57926
90806
11305
93783
88329
54329
14298
90673
2581
80052
40284
83235
61726
77571
40556
12906
40823
23594
92220
58256
99841
60260
31565
47300
77675
84082
33571
86198
16114
78986
19661
3478
88131
42285
8212
85922
67614
14306
23208
74015
12550
81310
75823
14929
49415
65732
41172
30281
37976
84607
86219
24976
76699
34925
68372
76675
79870
65722
50138
18916
59804
99013
84310
49671
84061
74122
3030
16620
4975
80146
25256
92625
44980
75064
49515
67917
90695
45280
51844
90083
4779
42297
21807
25034
37095
20850
9602
85644
90614
41438
58872
9836
33735
65045
1596
97870
61597
69079
19665
6436
15938
50843
46271
31973
63287
50718
88082
36257
4635
21221
98008
35686
82092
31035
35274
41685
99699
4901
83483
80554
92534
45197
75599
45592
90369
17201
4317
42645
76519
85193
32520
63799
1695
40821
90653
49151
62601
42345
71785
56365
82679
54940
18737
11057
6151
69398
58416
18151
69415
92689
34336
85817
27699
17814
37668
39570
9207
6652
10706
18649
98358
9533
23068
13351
86155
96253
14988
85162
66835
36531
79546
8381
46649
16306
31373
31493
92537
55374
62032
92537
42536
32769
46970
3425
98010
73271
59360
47195
13358
19790
83151
54033
71140
45485
12444
78985
8704
97466
27774
34971
801
21663
37428
11527
73210
22047
40019
21912
56713
41020
89423
85435
77646
20403
4312
98393
70720
14262
2691
61973
57091
92080
52894
8455
46968
49027
65768
45951
9311
21085
47311
36992
66080
80266
77723
18294
47268
47753
62161
46317
41240
17267
84393
1533
84231
69397
46254
41548
41576
30209
7738
28439
96205
63416
60009
56456
19214
89643
52550
97891
87983
83086
21300
89417
44138
97941
62853
85616
45442
28994
48873
83785
13978
25433
40396
70693
88601
94759
95266
98503
93352
24618
68584
92876
18907
50355
29792
56837
56371
523
91254
4176
53753
98995
70245
3260
45012
56818
52220
5767
70873
14975
71733
18125
21257
48745
34984
33924
66213
9199
46200
85345
67359
68789
15929
83440
9054
88493
36958
10475
11908
33643
68728
70599
86733
41847
86457
73136
49048
33941
28951
24994
5919
45157
45065
43912
99042
95657
22742
66616
57215
75911
26443
56232
68259
15202
15441
90074
86593
942
86362
14852
97403
44679
64738
23775
43578
37473
62420
49176
17396
31887
81677
82686
75502
38847
59644
94906
86511
14937
26398
44313
37357
71368
76479
32411
43946
95573
83179
84416
55797
54091
79267
54197
23369
52835
32456
83093
17088
71155
9630
14022
27430
95880
58117
63796
80294
61136
86911
16303
45461
13573
33890
4413
73056
36054
54147
82517
29352
78695
66956
73630
11598
36244
15595
6222
83975
37779
93830
18636
4981
79956
48975
34059
9133
89318
76660
85167
35015
24232
25142
50867
2569
74305
7247
85580
45106
21168
56049
80354
83014
9911
67069
94674
62771
42238
61378
30281
68437
155
10503
80986
76751
93421
18289
39580
40255
35665
26101
74589
12427
45215
68048
11494
74136
46649
51417
4676
58592
71657
45241
93698
41693
85019
83565
71450
93876
3477
29491
88696
22169
98960
84105
87182
33581
43108
80798
3749
35357
14337
30912
87008
95181
68750
70699
66442
84498
13288
57207
90926
33667
29192
18718
69541
12503
11004
61478
99865
52424
17053
83553
10789
17866
4407
58647
68070
78115
31027
31150
17193
76440
85945
23506
50218
90034
19552
6595
23848
98501
70665
40153
51181
51535
98160
72489
34938
47631
2016
83050
941
12099
98257
38725
64240
62238
55138
67771
52491
19841
39758
26906
64891
36111
45026
63968
74669
48284
71076
81359
85946
1195
70672
9309
64089
12103
831
10935
80137
23795
99546
83017
49747
18334
91347
60341
28381
1413
96736
49530
24864
44611
62920
71304
72125
53269
99895
66535
91678
74856
71276
52259
92858
83681
75389
73900
28306
33611
50348
56803
20065
39455
60487
53199
94737
18649
38795
82285
75754
44634
31930
78872
49366
33105
68499
68470
42759
94357
38267
25875
71244
49507
19021
19918
95178
82754
28885
49053
34392
98714
79908
50791
33964
64081
69059
44965
30495
69819
94918
24705
97232
49852
82269
3664
80881
13539
51868
33118
69296
19985
12773
30884
9952
54726
36829
36027
85734
51768
45707
32151
19736
88397
83611
96171
49160
27437
20209
60051
53042
80989
83280
74428
4214
38144
30489
45021
64344
94676
48048
58733
38024
30965
51189
8710
60539
97941
31419
27569
40163
27181
7338
59207
50607
10544
10689
80250
39429
24147
24507
26983
99440
8798
62922
80446
25156
32612
48027
50985
46638
60095
81072
99127
3301
27994
93720
39421
28669
96739
25344
44142
16269
69306
58745
69670
38110
46125
71508
11439
5266
57452
38582
78017
16638
60472
13061
75275
51637
88574
97221
1377
23958
16619
58205
56468
67786
81865
10925
73086
57819
67620
56793
70961
12905
61547
34097
47907
12212
65968
61634
61585
87950
91064
39959
45970
87216
58170
60959
22606
70881
54698
28620
66574
48258
46100
96178
80865
74431
62660
47928
2181
1325
13043
46493
69447
87469
31578
90869
50523
30515
46679
44750
94583
69016
69889
77943
40216
628
47741
86052
51709
57410
89734
20235
71034
53255
59485
11124
61090
80254
25838
91642
73829
27197
25300
97137
58685
20673
69243
98688
86188
27288
92260
9840
98763
8538
778
16218
32655
45068
80414
39676
60387
68046
96810
23793
16840
30980
45423
11987
27347
61689
23979
72103
11543
76298
83896
55200
54408
22147
50039
83365
54450
486
36262
34096
33565
22220
79497
57884
80032
46473
51592
47848
81631
12053
53364
57474
73543
57396
97427
71703
38121
20307
52666
11980
29392
4143
10088
60274
65789
13807
44716
23516
52416
94322
3499
62159
98882
75642
4280
4184
55761
54805
57699
24999
34573
64796
63519
62708
8013
54627
83645
34024
24620
67119
97751
9640
62088
95379
20759
42223
53617
40166
78482
30382
17023
12986
83786
86237
58533
78562
96354
28214
56548
43106
55443
91011
78464
11860
11696
17229
48376
87020
12515
40550
50464
94194
661
61905
46365
75025
75858
39623
52190
16027
82677
26001
24702
28192
83780
96530
12181
4584
32193
44495
65019
85367
34201
39730
58157
95530
79253
57309
34056
83065
9530
48549
72770
86503
65197
63106
18589
32550
34418
50107
70148
28442
11174
17546
9058
68605
91405
379
57771
22955
36950
12168
40594
46155
27836
83414
21028
19256
12806
77
57781
36337
80666
8537
68396
79747
65262
27295
85535
91110
65492
80647
99924
37698
59175
12876
74597
94467
50785
79150
90382
59686
72876
71797
20503
49180
61016
52358
18291
35564
97619
93623
18517
75926
2973
61659
10824
73102
33675
88545
19162
374
33522
46534
99584
14291
2834
21833
23703
732
47843
78470
7296
96768
92443
42126
14148
61123
29149
8332
68756
20431
47413
90930
74091
45082
67010
23617
86771
34251
35274
82063
75503
2925
68649
60224
35652
36530
18175
66727
13625
8336
48914
11883
63532
17066
11976
52948
91401
70284
65146
45896
69428
97595
35682
18343
58846
14826
9703
78027
1770
42904
70580
16274
16526
26598
35217
30230
79931
92799
55980
58109
9149
18367
35803
47046
42587
12076
30917
93728
57990
36310
49467
11452
78527
66929
51674
53774
38430
9715
99358
2519
75688
19871
15491
39015
20459
97039
39246
55531
43817
25336
29739
26331
37292
28246
71593
58775
84317
53346
79275
37580
97329
15384
98032
68150
78617
49074
93727
17831
36282
7016
35271
86815
48700
73950
55016
35679
57729
69489
51251
39331
50102
39436
57138
14431
65340
14826
48550
86777
223
55556
63447
9063
84392
71423
47472
13017
20459
85095
71871
98587
94871
32906
34998
79515
70645
32924
45593
76634
52847
42179
48676
85951
51928
22148
69506
73806
78770
24214
78557
1076
81252
12501
6302
78588
68490
5624
21237
38757
57775
20867
93178
11020
4303
63486
10569
38927
81230
76720
41708
17476
77963
32246
9308
72851
77426
31887
88419
83592
1094
14698
31433
45813
55083
22708
89052
6943
75750
9612
23879
80492
33417
47835
20204
37771
73295
72584
89552
23224
42177
72938
44802
2303
79295
10587
89854
88636
50373
99390
27868
55575
30434
92593
51113
43600
57238
86164
29294
42098
27718
62341
84097
56535
29111
50475
30542
38350
31118
78430
80309
23645
66880
14562
36054
40
26435
3114
83851
10258
75021
71460
14819
6900
93323
47440
63000
43689
84834
62513
65084
38214
35613
98264
77792
36243
48731
30304
90409
39107
93690
14359
60384
39899
58661
82453
64945
74524
27114
83944
22580
16123
31515
3207
93812
83069
17311
68342
58221
57487
73296
94391
82411
23292
18498
35368
2617
47596
13498
12047
43397
44702
13008
39411
95223
55380
36800
52564
12919
2355
60727
53011
23509
81611
70191
78861
4467
76487
39303
39894
21064
94647
9117
17666
82897
85473
79979
7099
23973
98489
52060
68628
39576
85641
27275
51447
70063
13831
5394
52733
38937
22603
73405
49863
97004
50349
79140
25857
51952
46408
63121
12448
39148
73740
90895
40755
29904
78524
69834
68553
91285
56491
56593
4578
66819
26982
18976
99759
9272
94574
15596
8282
45229
59131
42604
79911
16847
19191
24900
24067
78183
85282
13351
68160
81969
19339
48951
46053
68245
2860
48335
50083
54204
8202
94283
13391
49495
73049
10350
82431
86464
20761
44431
12378
30568
24749
52289
89319
67718
1818
11983
80465
45425
66446
93195
75786
80981
96373
84272
99635
81769
57469
57127
76911
11485
63285
62086
56592
68952
40800
72747
81984
50886
87215
55990
81723
96432
30344
53447
79565
52287
83026
96723
40959
66660
19839
1076
24832
27406
61030
427
5005
18504
36699
99656
93654
13457
15424
23194
13796
70849
6159
69831
65900
37675
93902
52199
53318
75764
5712
45413
24364
41972
79490
57604
9003
486
69807
72232
29972
884
70665
28083
54632
80659
47465
99213
45781
14507
45317
86479
73315
67609
34489
42929
39589
41166
54020
58698
48277
10301
70910
5545
16666
98224
64500
41539
35584
79250
14641
7056
60066
89911
39016
25829
2397
20766
3339
90381
15739
15608
43012
50119
29047
23379
44975
69033
65403
43486
57053
47864
34146
59370
67789
72735
40075
53429
91977
96874
36058
32199
97232
49093
45379
54351
18957
61963
64649
23630
82564
28698
65557
80442
16667
48090
43948
52037
53868
49044
82261
31339
17202
45348
33877
95433
25474
84329
68588
76106
15527
25629
7770
29722
78811
88957
44780
77838
56771
69274
40773
41032
15816
47594
70813
23215
40942
57356
73747
27557
27322
33060
85976
49282
35518
68636
85811
69771
43476
70198
10174
28814
64642
3580
93308
21453
29037
536
42329
73126
49527
85900
22089
42695
7276
41453
24468
86449
78156
31791
24067
47970
3336
43937
55171
28052
22140
53011
20018
95176
84390
74291
92450
22482
48193
23376
961
78257
62594
97966
9786
17182
39643
28883
55320
84587
45199
12779
11187
57628
40901
3586
48562
14195
22512
2897
56726
47347
33420
55519
66510
37224
82701
85474
96434
4253
99468
72494
75114
19267
38363
16360
47939
42170
80396
35807
10437
35411
62525
8047
96306
5304
99967
32557
13481
42706
30876
13763
81947
88584
50918
75490
28468
30420
76712
94489
20546
98366
17626
89175
19342
5269
94339
48562
68487
35582
93390
96035
28257
44444
55358
64520
33089
80240
39863
60995
27604
95876
59452
47774
9037
84482
44840
47336
69282
35107
67805
62483
27377
33783
58583
55161
48288
75605
30088
69049
60111
82887
78099
40603
41758
26022
99158
11446
15430
20619
32069
80918
76457
68432
6778
38103
32968
17854
38586
21361
44798
31080
22224
45295
23997
1715
39888
28392
16326
71355
16542
28331
57623
70833
66028
76135
70609
80647
89773
44327
2562
56623
54733
98604
8905
55985
76840
83709
97026
60399
76927
91480
94523
52990
91472
44704
27302
36382
68036
58423
35207
48447
80999
35269
61536
73147
6982
11039
18061
24459
41795
87439
19857
26556
22452
53457
8027
90312
78661
10041
78902
54372
60469
37082
18080
82103
71083
14043
96427
20411
56875
8943
51379
19519
89536
45117
5802
21782
58859
84967
14382
87787
24830
91133
39490
5359
48497
69542
10302
74334
74448
48792
13671
61526
14245
4046
14068
35857
5591
55540
95891
92382
59354
49010
81852
96795
68936
61833
4349
53450
49056
30896
36409
37426
33467
88202
31293
2512
48539
16588
26279
87891
10343
88504
73573
43384
52801
10364
26650
65668
4235
88099
21721
37404
823
59415
34289
15467
29910
38811
78188
44298
18294
6716
88430
71002
9547
65452
96672
56758
95019
61075
33074
21817
70181
68420
96344
94439
43689
82147
79500
2963
75119
65209
66143
35995
19523
64743
39081
74602
54375
38378
88064
50921
27733
1689
76838
71785
85917
44328
42537
32881
89454
5840
94235
77609
41835
44360
43011
18887
44036
92166
48953
16110
87225
74900
68978
23174
30241
20578
75663
79761
58359
91213
81814
9352
50587
79273
25273
38315
85633
71944
59139
67457
59455
8398
791
50656
82285
91213
78208
22270
96185
4968
41752
66195
54732
25814
82013
59537
728
95411
82494
34709
59448
75539
16655
48202
14771
77726
19786
97158
82805
95892
61958
17781
50669
9477
24862
48723
86756
34508
1479
25240
31945
84884
29495
6925
18180
85828
85766
94262
79771
59745
28263
85807
25234
62899
32257
54133
86308
89840
25231
58644
94771
49984
43745
10826
98180
93559
81875
360
10679
98950
29061
49767
92895
64524
62266
64380
92891
83697
45413
19997
12999
12654
33450
3355
16962
85640
11095
74968
11020
53586
92185
74821
91462
12266
46868
41261
54422
60002
52136
29212
66528
11710
56753
97645
17523
57318
53021
76254
45044
54869
76076
64190
56027
24801
70854
27568
1209
37453
11630
57648
68956
89947
89016
73884
59081
79114
16529
64372
32396
89020
12341
20068
49396
87910
67406
41633
22452
62170
22288
36445
93526
65260
86416
90947
711
82302
23592
13960
69023
12260
60732
49018
83124
37976
28289
18286
21721
62437
82732
65178
93767
92250
35419
22113
18031
25676
73698
62834
79119
80898
13204
52243
82173
60431
74671
17922
58739
15052
64765
11995
22988
2471
30596
92010
82565
81359
18510
49878
78938
74701
4277
59188
83123
23967
37646
6746
66380
61197
62522
61160
99935
42152
64999
18579
54312
58815
83731
96581
58820
46991
25684
62198
82086
65687
11934
23507
91550
93363
87604
63235
58759
22997
73265
78381
65043
45632
65742
72182
45210
55255
78070
32932
95422
72217
44112
3132
50417
15432
86614
85884
84818
89441
33765
93935
53613
66086
57655
22828
81406
75512
79883
6610
45101
41302
19412
95445
24536
49635
69454
13393
31272
19661
67975
8251
92528
98840
51083
11517
75835
72530
72458
16654
22032
9269
73742
27826
6303
72931
93324
91791
82125
53568
84397
12627
40872
61981
90394
37388
21705
30956
74335
13896
35407
5241
99063
86551
45659
88892
9747
42586
28732
63104
18356
27686
63893
42096
41544
76982
60333
1843
15666
729
35110
1542
83205
9100
49559
80801
35428
5933
54550
4050
3681
42195
90763
5940
93008
43244
31622
5482
54844
62992
45653
71843
62963
67489
36792
72018
52714
24648
27771
94684
19001
77842
16560
26347
98798
4947
47890
66876
46189
8726
87570
89853
66095
89237
34986
71245
78732
35976
42173
93612
25654
38876
26137
95737
28546
75667
85345
49869
97381
61255
25609
54210
77802
47670
48682
75833
58444
4200
30730
73039
58270
67178
37175
97224
87379
80049
2781
13563
43858
45631
35474
8095
63734
97587
92942
81575
40574
58127
57684
6334
50025
73503
48519
82752
81458
65986
33766
21897
41409
76539
37609
53018
84753
77393
74049
64680
83073
91689
32872
57859
39767
87914
63569
16680
76406
87380
6846
27778
60961
71141
63548
31102
40693
26622
84178
83950
6350
27721
85575
29798
23106
42335
35076
38933
21974
79823
21159
61274
44385
49567
33021
24380
40529
19746
56657
5827
61163
26721
75423
30642
3856
90179
10862
58575
83348
55460
88557
9876
34561
95003
86278
59181
45968
32378
33750
611
18076
35580
29695
71186
91785
75444
64719
5427
28258
21091
67181
70912
95550
14989
95755
42386
84109
26295
87983
19962
11112
41634
70614
44102
94293
63967
80736
76429
2184
67203
45412
60653
36581
30140
94618
76243
15023
33695
28255
13406
86924
24011
53888
95229
55202
37937
80321
84826
58913
42253
39801
97518
34097
34089
87259
12178
97513
21759
1587
38438
9502
15548
22796
53974
354
74710
4729
81173
38032
79531
23498
64718
25670
67161
5054
63510
22012
85778
82772
26718
6630
7559
63937
38239
83150
81107
18615
63951
66347
54645
28738
52457
77306
32665
90129
51005
78810
89289
72630
60685
32713
34748
14736
8238
55319
25607
87814
68215
60536
37802
55105
64153
12126
82187
31462
47954
47267
37977
56612
13408
48333
67978
46760
61788
65456
9071
48472
27054
20035
17959
13532
11159
39079
57358
47448
85536
2221
5299
39207
60606
99568
1064
93446
2416
76543
20910
87782
82043
45156
69021
16247
26024
15516
99790
14585
44674
48116
22859
95134
28663
80408
61742
89780
73933
20690
98524
83256
50580
63869
66625
91723
53390
54027
26727
63010
14275
75157
4451
73993
62557
89863
63656
38533
86598
53974
67560
95523
78315
18089
12054
41124
6477
83086
31022
16568
41269
40956
50036
15425
6167
18223
35578
50158
42774
40562
36212
29939
41819
3862
64330
31457
93584
53929
35654
86694
35819
178
94241
71164
91320
73717
67080
33144
53192
5904
87387
53859
38153
79170
5694
42695
62618
13726
65064
50404
75708
65967
56681
50348
51248
95584
27780
48572
59546
31538
58403
65471
52961
73863
18526
12518
91221
66129
50037
81304
51063
12079
14441
61574
7945
4673
84157
40040
51741
95264
76334
62949
12273
66469
28090
88853
69772
80192
22262
19489
75410
63503
49438
40764
9741
81460
92900
21102
73434
22460
91294
39726
48524
24366
81875
89400
54684
53567
87982
58590
43909
3175
22246
73731
92454
6087
36925
53737
65496
29847
72848
87011
63753
38784
47762
10320
67367
38464
86609
85079
83144
14124
38373
11565
44641
96994
68623
80002
76231
95975
89992
68352
31089
16507
41295
67834
55127
59536
33353
84202
69830
20752
53581
24136
69793
61774
7699
57716
69481
46464
10282
53869
11296
83666
31519
32204
16100
12612
4208
47813
64956
55690
42934
65402
3776
16505
79012
12908
98986
59191
82151
14612
42116
16390
9930
52694
40908
79853
