98
22072
6547
21781
8454
27249
26252
25236
10851
18956
8944
20821
24350
1840
14795
16065
23128
5982
11588
16351
17808
8405
10843
14512
1990
25256
3432
6047
5789
9430
20366
24525
13944
8977
14438
20230
17529
23043
15757
22499
3834
24619
8886
16085
9924
17923
22798
2408
18392
5065
2176
18403
13308
7488
24111
15629
14549
21106
17323
19764
16747
10192
18259
6816
22174
2320
2480
19595
4572
2178
25867
21979
22006
19465
23514
13690
5513
4066
5330
23219
20178
20822
21274
27846
17323
26216
14964
14834
1109
6354
15475
23641
22940
57
12988
10700
23960
2145
4265
