49
-271 962 997 -769 -573 579
-920 -332 -207 -819 -796 -848
215 494 857 551 761 -193
901 -617 -131 -369 -669 106
985 -856 -466 -125 592 -661
214 201 -853 -143 206 977
419 241 217 -251 -46 -326
-166 -651 -757 903 566 -307
382 -469 719 -576 213 -847
575 923 693 547 -418 -757
-605 515 503 816 -131 655
924 -567 -401 -785 -795 206
-375 695 398 -730 401 732
854 -712 -147 -419 -637 15
-912 857 -249 221 694 824
-995 -785 253 19 513 1
323 -205 -476 -358 203 -576
-958 344 -101 -301 571 698
-497 351 -252 -63 724 930
-180 149 -962 -104 -163 465
-885 -726 -264 -93 -657 -35
609 -398 -699 -322 114 954
950 -235 -660 -888 -903 411
578 -516 -800 -313 -26 165
896 -733 -628 -245 431 698
-238 738 -786 195 504 749
-929 288 724 -125 45 67
781 -157 794 199 220 668
-868 -63 -180 -814 -46 -30
849 -24 -307 -565 69 -734
-667 -206 -856 427 127 936
-141 -712 -607 380 -229 666
383 39 -80 275 -253 245
909 101 37 467 -108 -213
-781 -299 940 297 517 -84
-326 -978 -790 -971 465 -206
695 -409 -69 -933 -901 841
305 61 -815 415 -391 -840
300 -180 25 793 296 26
-347 848 -283 -694 482 -867
-341 -725 635 335 -205 724
535 735 -723 -325 664 -719
-230 -276 804 693 684 -605
-276 217 -857 909 765 117
382 -908 660 -85 718 -796
-168 111 -476 -310 -95 409
-237 -18 -984 -654 -958 969
680 615 779 451 -529 -607
-157 823 -694 81 156 -399
