29
-730 512 89 774 -323 227
-408 585 -546 -963 587 360
-644 47 531 -120 719 530
-332 -870 -525 -556 -714 -80
844 715 958 -294 -554 -645
405 -985 579 -27 8 -140
-697 -386 599 918 -661 -355
427 -127 831 -952 -345 590
-255 -622 -55 -91 -771 -900
625 -358 803 -514 649 363
475 -334 -470 696 424 67
68 738 773 -462 -966 -12
-224 597 -495 -439 871 411
594 287 -65 -974 7 -328
367 195 949 277 -384 -184
-379 -614 -524 -509 -763 727
125 -615 -853 -763 -224 254
-392 131 -672 -599 -319 600
-95 -941 -818 709 -172 699
849 -459 387 386 -437 -213
-307 57 -597 -870 -451 -374
257 229 837 -702 478 -481
889 -300 193 -899 329 -16
-917 -467 296 -73 302 -10
729 11 64 -241 548 633
-480 -121 319 59 113 -762
764 831 708 774 614 124
-799 -519 -263 224 578 945
773 -895 -268 969 -953 56
