47
-134 568 -416 -101 892 -224
-55 451 162 -710 150 -580
-523 340 277 387 -403 444
-439 348 -402 928 850 -618
-558 337 -555 686 -482 474
288 385 104 -754 -310 881
592 629 332 964 715 -418
76 826 -504 970 -767 -999
911 -614 -95 -516 -401 -339
-198 410 590 718 -611 37
361 228 913 482 -259 331
827 -60 -642 -692 -397 -393
-920 121 -538 860 57 -413
181 995 61 -966 -47 555
-699 -304 146 91 -317 -59
791 -462 949 798 937 226
598 -841 -317 -436 634 -659
-639 905 86 -816 -620 310
-575 -701 -844 -585 509 532
-378 34 -793 -694 270 -650
291 913 490 -786 84 -118
-725 -631 369 -503 -483 -3
-619 385 955 -671 -593 723
-930 613 -714 533 -414 -613
232 591 -200 -652 -886 -750
831 -375 -42 865 937 -391
-516 -765 323 603 443 -179
-884 -134 717 493 982 79
169 -21 211 -71 692 25
731 -530 -54 136 246 415
-111 -166 836 428 -283 -399
615 835 -318 127 171 817
385 -921 -163 -324 -572 -240
-542 -872 -116 961 433 628
-90 -299 770 435 -987 -419
-861 -7 -203 47 -386 327
450 -100 -335 -891 471 -326
423 436 724 -71 930 145
747 429 590 704 222 522
-458 818 159 977 879 -640
316 -880 -759 -164 -968 373
256 -997 252 462 -198 -114
-366 50 766 356 930 -780
-451 396 339 -881 411 629
-180 978 736 650 -148 -202
-68 -42 828 -70 -595 -929
78 251 -419 656 -760 -864
