40
-28 465 160 952 -5 691
121 -988 -501 -90 -485 -79
-121 199 -22 262 -331 -943
-105 -300 589 984 -635 -277
-782 559 274 -738 -991 -546
705 492 -897 765 -820 591
311 266 747 -499 -636 72
-212 24 -654 -764 720 40
-511 -688 -337 -403 584 -328
98 323 -330 -890 -77 897
-294 718 465 -943 213 165
591 651 -571 -617 10 742
-172 562 615 -536 777 -497
-838 882 241 944 892 321
-84 389 -28 -661 862 497
636 -417 374 -577 901 -770
644 638 -152 -822 666 615
-397 -291 -15 -152 -640 -766
-489 121 -494 -16 62 788
-49 -294 -211 85 -379 394
-336 -458 -545 -575 821 -118
326 -666 594 277 -398 -978
156 150 -187 839 436 -83
8 491 -120 -259 -84 350
-466 700 114 -745 -967 841
321 915 157 872 211 -53
-233 -984 393 863 881 -358
383 -473 -735 -855 7 -815
968 786 -476 846 866 -84
-39 951 -949 527 434 352
181 644 -836 -969 889 -442
841 -291 -279 -884 -343 -495
-828 -294 452 -641 -477 152
86 202 -965 873 -220 697
337 -381 82 589 959 -84
-106 356 923 860 226 -274
-270 959 -765 443 -341 -841
-714 -142 160 295 -111 585
-265 -179 -371 -192 381 -403
473 808 -273 -636 859 -280
