100
299 -32 -850 267 -36 -831
450 -700 -72 856 -487 365
-952 162 -157 765 452 575
150 552 -719 21 -806 961
-497 -588 -767 -950 499 -30
727 121 754 -302 240 476
-805 533 -862 -270 -591 514
-982 438 170 217 56 -688
918 -432 -256 -334 449 -652
50 -495 729 534 621 -495
14 -446 823 284 663 -226
279 -696 365 554 604 -962
-583 -245 981 554 988 -267
646 -429 358 -373 -874 573
-675 129 -593 -30 235 515
-611 537 -897 677 792 -617
-276 150 -248 -420 -480 -808
737 215 287 593 -550 -872
709 -12 -24 -440 -477 272
-477 98 -67 919 -657 841
-390 526 178 376 -754 892
-503 -23 -410 -27 -398 -300
-705 -591 -955 29 -282 353
-781 369 -571 -810 740 -646
-353 206 -255 132 -914 -905
43 -579 -188 -69 968 -414
-426 60 -63 536 -347 -778
16 718 -966 594 -937 817
-993 -551 -369 939 552 -321
-375 429 -789 -325 -340 -280
-864 -750 820 775 495 277
-647 -262 -582 118 -554 -525
585 -369 -132 782 219 801
89 -909 -888 -145 830 -864
-682 889 418 -661 -633 497
-251 792 488 -438 -909 -585
-182 -222 -247 -925 -294 -249
429 -431 -67 -343 230 -997
-343 -506 514 658 758 -232
995 -601 264 564 -971 -739
-851 711 -600 943 -154 -261
-699 251 -148 -574 -50 -89
819 849 -659 571 -750 -168
860 995 784 694 990 -678
-227 -440 -601 -817 971 112
60 -974 605 -9 141 -652
251 -677 524 -167 -692 536
452 -19 -451 -399 -592 -400
806 -639 -364 -621 276 -397
18 205 791 973 384 258
314 -832 -866 -602 -255 423
198 552 89 -618 961 -655
-525 641 364 -294 332 -448
-525 214 -358 -762 675 -706
71 -545 -500 -129 -515 655
-479 410 -609 -14 289 -171
636 -529 -452 -560 199 -403
-261 -891 341 877 599 717
-17 494 625 -64 613 386
455 -353 245 -731 -725 -196
483 -97 -763 -336 -548 -262
272 360 669 -303 -175 395
-451 599 214 981 -944 -129
738 619 -384 -811 -853 -24
-706 -607 733 604 503 -439
-169 198 609 -979 -856 165
37 911 609 426 441 525
349 -962 387 151 146 101
-165 -208 -258 688 -403 888
654 56 -387 631 800 -423
-174 726 882 745 527 -568
-281 -665 413 -408 -449 -727
579 -481 290 -24 351 471
-35 -559 -734 -399 -583 -473
-280 32 239 -917 838 -297
-49 17 -444 -242 -479 869
37 -513 62 -940 49 579
212 -679 -322 718 173 -366
-29 -908 -767 515 343 331
-540 -357 620 -689 790 -323
244 -561 -798 -295 58 -624
-794 918 620 -411 39 907
809 -954 975 -277 -17 -73
-571 422 901 596 -790 -395
-63 -374 -178 -959 325 814
300 -933 -742 -456 -958 807
-35 -426 -403 -700 63 559
695 465 66 456 -401 -367
174 -256 605 563 -276 100
-597 640 -178 44 101 644
-78 582 -730 -832 -355 162
36 -264 -289 -257 -497 -76
239 757 -651 118 798 -451
-337 -980 223 -320 -989 -514
-769 -447 -633 -55 -393 -984
321 -716 -447 29 -61 104
-298 -574 -350 753 -14 -120
978 560 -957 -765 -918 208
-909 326 -572 182 628 378
739 -252 -629 -304 405 -84
