100
-183 751 -223 -259 -74 -853
347 289 -67 -943 780 -270
777 -328 -986 -641 614 227
668 983 -847 959 -108 624
-222 746 743 -795 -224 -842
606 178 973 644 800 814
-855 -821 -145 123 255 -347
-978 -806 114 -915 857 -575
962 48 -267 582 110 830
-745 82 290 430 288 -524
-351 -219 750 826 911 -602
588 -899 -743 -773 -985 -750
-868 983 -522 -545 733 -245
681 589 723 -219 -966 658
-900 -584 259 -554 745 604
958 391 -313 869 397 -507
-519 -311 -667 -255 -294 -468
-612 -140 802 -863 -417 351
296 -325 726 -749 591 50
-888 926 -250 852 878 20
-281 443 -241 84 760 62
851 -637 341 816 -586 136
-85 437 957 -310 990 -491
-655 741 919 409 -746 97
-136 -487 19 48 825 -42
770 93 971 387 -461 647
-899 -97 893 -393 761 399
-823 -848 173 234 -529 -725
-827 -549 -180 273 597 939
329 -376 527 -528 -591 20
-586 -130 -972 220 382 -641
-92 802 451 8 -806 320
145 -536 -589 -26 156 -702
945 89 -592 -852 -109 -99
-892 827 -934 543 -638 -495
-729 865 100 469 -666 800
422 -186 753 -326 946 986
744 -628 -309 727 518 -621
249 -132 432 -460 346 523
-929 902 -822 682 813 693
-682 380 940 -968 132 600
77 -629 -571 -757 450 -367
-639 442 -367 -451 370 215
430 432 -604 982 826 924
892 4 -232 -705 -343 -781
-657 889 119 72 -873 268
-75 -12 -659 295 -183 -25
-285 -59 112 792 -517 -93
596 276 -814 638 687 198
-414 -192 -347 -790 -467 -561
664 69 -328 877 -212 -999
679 -165 -616 176 569 -678
-568 -240 -442 -39 -615 535
168 57 -852 -117 303 342
-3 -52 -239 959 259 -578
288 -37 105 650 -178 -930
-779 -523 -992 -611 226 -283
976 810 -633 -695 -415 -50
-986 -918 -62 804 -521 430
-410 317 -238 973 -344 328
779 530 274 -239 -736 801
482 -784 -192 370 340 -82
-507 11 -856 -41 -754 776
856 -276 719 -649 841 641
-952 878 872 -193 -54 -321
825 -716 699 -957 410 -493
603 217 878 -483 -851 -679
-661 841 -232 437 -454 -545
-225 993 803 460 185 753
462 -853 -835 967 -793 -805
124 506 -354 910 -51 -32
-204 885 -326 -36 -973 652
-806 -661 840 324 838 -555
899 -704 -956 837 -894 756
760 860 410 865 -856 241
355 -37 805 294 232 -335
-296 431 -993 -264 891 500
-446 -194 -273 -677 -996 295
517 294 544 24 -934 926
-274 450 35 -375 486 142
860 -347 838 -310 469 863
-233 -661 529 270 886 882
571 418 870 232 -620 -364
199 -999 781 203 -338 7
-552 -198 -580 -798 605 49
-210 606 310 80 -687 -400
-948 272 -679 -603 -129 525
893 -169 -944 364 -69 -897
939 284 -757 -420 970 -975
-129 -336 990 -659 906 162
170 -622 -721 -164 663 559
433 242 -651 283 911 531
-655 -859 -584 277 -259 48
-400 764 -267 357 427 -359
-372 -786 -67 -362 -245 -788
-127 -882 -92 735 -158 -535
-346 395 747 518 951 -903
-258 72 388 -151 882 238
923 -332 -325 -434 -844 545
-354 -829 65 347 783 576
